File Dati SpectraSuite
++++++++++++++++++++++++++++++++++++
Data: Tue Dec 02 15:08:10 CET 2025
Utente: Gruppo 7
Spettro Scuro Presente: Si
Spettro di Riferimento Presente: No
Numero di Componenti Spettri Campionati: 1
Spettrometri: USB2G34644
Tempo di integrazione (usec): 3000 (USB2G34644)
Media Spettri: 10 (USB2G34644)
Appiattimento Boxcar: 0 (USB2G34644)
Correggi Oscurità Elettronica: No (USB2G34644)
Strobo/Lampada Abilitato: No (USB2G34644)
Correct for Detector Non-linearity: No (USB2G34644)
Correggi Stray Light: No (USB2G34644)
Numero di Pixel nello Spettro Elaborato: 651
>>>>>Comincia Dati dello Spettro Elaborati<<<<<
350.00	-5.82
351.00	-7.88
352.00	3.88
353.00	-5.02
354.00	-3.23
355.00	-2.96
356.00	-5.16
357.00	-2.18
358.00	-1.50
359.00	-3.45
360.00	-2.16
361.00	-4.06
362.00	-3.36
363.00	-5.52
364.00	-6.44
365.00	-4.44
366.00	-3.17
367.00	-4.42
368.00	-3.91
369.00	-6.67
370.00	-5.91
371.00	-1.98
372.00	-1.99
373.00	-2.17
374.00	-0.87
375.00	-7.90
376.00	-3.69
377.00	3.37
378.00	-5.98
379.00	-3.32
380.00	-5.53
381.00	-0.61
382.00	-3.51
383.00	-1.44
384.00	1.77
385.00	-0.98
386.00	-3.75
387.00	-3.28
388.00	-5.06
389.00	-6.33
390.00	-6.57
391.00	-4.75
392.00	-7.44
393.00	-2.75
394.00	-2.51
395.00	-0.46
396.00	-3.68
397.00	-4.74
398.00	-0.79
399.00	-0.36
400.00	-0.25
401.00	-2.42
402.00	-0.54
403.00	-1.39
404.00	-8.52
405.00	-8.44
406.00	-5.60
407.00	-3.36
408.00	-2.32
409.00	-5.61
410.00	-3.05
411.00	-2.02
412.00	-6.87
413.00	-0.07
414.00	-2.80
415.00	-6.86
416.00	-3.54
417.00	-6.22
418.00	-5.32
419.00	-4.06
420.00	-1.39
421.00	-4.67
422.00	-4.20
423.00	-7.81
424.00	-7.20
425.00	1.06
426.00	-7.85
427.00	0.91
428.00	-4.09
429.00	-1.08
430.00	-5.97
431.00	-4.27
432.00	-5.12
433.00	-5.01
434.00	-5.14
435.00	-9.29
436.00	-13.58
437.00	-4.31
438.00	1.82
439.00	-2.52
440.00	-6.78
441.00	-0.81
442.00	-2.77
443.00	-7.73
444.00	-6.93
445.00	-4.08
446.00	0.22
447.00	-3.73
448.00	-5.02
449.00	-4.77
450.00	-4.91
451.00	-2.25
452.00	-5.90
453.00	-3.05
454.00	-4.70
455.00	-0.05
456.00	-5.87
457.00	-5.50
458.00	-7.28
459.00	-5.14
460.00	-5.15
461.00	0.60
462.00	-0.57
463.00	-1.88
464.00	-3.97
465.00	-5.76
466.00	-4.38
467.00	-6.46
468.00	1.19
469.00	-3.40
470.00	-4.94
471.00	-0.85
472.00	-2.17
473.00	-0.55
474.00	-3.41
475.00	-3.76
476.00	-4.49
477.00	-3.50
478.00	-5.79
479.00	-7.32
480.00	-3.41
481.00	-7.64
482.00	-3.15
483.00	-0.35
484.00	-11.58
485.00	-4.37
486.00	-3.56
487.00	-8.94
488.00	-3.97
489.00	-5.53
490.00	-4.73
491.00	-2.98
492.00	-3.57
493.00	1.35
494.00	-3.25
495.00	-3.16
496.00	-4.88
497.00	-4.50
498.00	-7.29
499.00	-3.77
500.00	-4.76
501.00	-4.00
502.00	-1.65
503.00	-10.12
504.00	-4.12
505.00	-0.81
506.00	-3.82
507.00	-6.62
508.00	-3.36
509.00	-2.59
510.00	-5.25
511.00	-7.59
512.00	-4.11
513.00	-4.51
514.00	-3.03
515.00	-5.02
516.00	-4.30
517.00	-5.99
518.00	-1.65
519.00	-5.17
520.00	-7.44
521.00	-9.04
522.00	-9.22
523.00	-2.18
524.00	-21.22
525.00	-5.31
526.00	0.40
527.00	-3.22
528.00	-9.21
529.00	-1.72
530.00	-4.75
531.00	-2.12
532.00	-3.85
533.00	-4.44
534.00	-0.61
535.00	-2.92
536.00	-3.01
537.00	-1.37
538.00	-7.39
539.00	-5.17
540.00	-7.16
541.00	-10.59
542.00	-8.19
543.00	-7.31
544.00	-6.01
545.00	-8.59
546.00	-18.30
547.00	-11.77
548.00	-6.92
549.00	-4.03
550.00	-6.59
551.00	-5.24
552.00	-9.19
553.00	-3.71
554.00	-5.20
555.00	-3.12
556.00	-3.18
557.00	-3.69
558.00	-2.37
559.00	-2.91
560.00	-1.90
561.00	-5.81
562.00	-5.02
563.00	-4.63
564.00	-3.83
565.00	-2.91
566.00	-9.88
567.00	-3.19
568.00	-7.95
569.00	-4.31
570.00	-9.95
571.00	-1.68
572.00	-10.68
573.00	-8.21
574.00	-3.46
575.00	-1.44
576.00	-9.23
577.00	-5.82
578.00	-6.04
579.00	-5.86
580.00	-3.08
581.00	-6.82
582.00	-4.10
583.00	-6.67
584.00	-2.63
585.00	-5.19
586.00	-6.10
587.00	-1.01
588.00	-2.83
589.00	-5.61
590.00	-2.77
591.00	-5.57
592.00	-4.88
593.00	-5.28
594.00	-4.12
595.00	-2.94
596.00	-6.17
597.00	-3.81
598.00	2.39
599.00	-1.90
600.00	-5.58
601.00	-4.85
602.00	-4.58
603.00	-2.98
604.00	-2.29
605.00	-6.97
606.00	-3.14
607.00	-0.17
608.00	-3.00
609.00	-3.64
610.00	-2.50
611.00	-8.29
612.00	-3.61
613.00	-0.05
614.00	0.10
615.00	-1.52
616.00	0.48
617.00	0.16
618.00	-0.15
619.00	-0.96
620.00	-3.40
621.00	0.30
622.00	0.23
623.00	-0.61
624.00	-1.11
625.00	-0.77
626.00	4.14
627.00	-1.05
628.00	-0.91
629.00	0.85
630.00	3.77
631.00	1.50
632.00	-2.41
633.00	-1.28
634.00	1.05
635.00	4.97
636.00	1.60
637.00	4.60
638.00	-2.60
639.00	5.02
640.00	2.28
641.00	0.92
642.00	-3.27
643.00	5.70
644.00	4.36
645.00	1.31
646.00	2.44
647.00	-0.43
648.00	1.93
649.00	3.42
650.00	0.63
651.00	7.57
652.00	1.98
653.00	0.36
654.00	2.14
655.00	0.60
656.00	3.61
657.00	-3.08
658.00	4.03
659.00	6.07
660.00	3.46
661.00	0.83
662.00	0.08
663.00	7.90
664.00	8.23
665.00	3.76
666.00	7.27
667.00	2.74
668.00	0.60
669.00	4.87
670.00	3.41
671.00	2.16
672.00	2.93
673.00	3.66
674.00	2.63
675.00	8.55
676.00	7.07
677.00	6.70
678.00	2.39
679.00	3.10
680.00	7.82
681.00	2.13
682.00	6.01
683.00	7.58
684.00	5.58
685.00	6.22
686.00	4.53
687.00	6.57
688.00	-3.17
689.00	6.07
690.00	3.87
691.00	6.57
692.00	5.93
693.00	6.63
694.00	4.71
695.00	8.33
696.00	9.65
697.00	6.35
698.00	6.62
699.00	5.26
700.00	11.32
701.00	10.53
702.00	9.53
703.00	5.28
704.00	8.91
705.00	13.01
706.00	5.70
707.00	12.96
708.00	10.46
709.00	11.90
710.00	12.43
711.00	8.85
712.00	12.80
713.00	14.01
714.00	6.28
715.00	11.70
716.00	17.67
717.00	17.85
718.00	12.62
719.00	16.46
720.00	17.33
721.00	17.16
722.00	16.50
723.00	22.70
724.00	25.04
725.00	22.21
726.00	22.41
727.00	26.65
728.00	25.67
729.00	28.18
730.00	34.18
731.00	34.98
732.00	38.27
733.00	33.33
734.00	37.74
735.00	39.08
736.00	40.68
737.00	45.12
738.00	46.04
739.00	51.84
740.00	55.22
741.00	59.59
742.00	74.48
743.00	80.64
744.00	76.76
745.00	88.83
746.00	83.35
747.00	87.33
748.00	88.26
749.00	104.87
750.00	113.89
751.00	131.29
752.00	159.95
753.00	192.48
754.00	177.93
755.00	204.60
756.00	216.19
757.00	200.24
758.00	176.64
759.00	227.97
760.00	286.74
761.00	342.48
762.00	337.26
763.00	389.10
764.00	438.18
765.00	449.57
766.00	463.90
767.00	636.51
768.00	719.05
769.00	617.02
770.00	573.46
771.00	703.32
772.00	924.84
773.00	932.32
774.00	981.82
775.00	737.61
776.00	725.78
777.00	968.88
778.00	925.15
779.00	1454.28
780.00	3951.94
781.00	3944.75
782.00	3872.76
783.00	894.49
784.00	707.50
785.00	567.09
786.00	462.56
787.00	498.39
788.00	495.57
789.00	438.11
790.00	346.42
791.00	321.79
792.00	286.66
793.00	229.64
794.00	195.08
795.00	225.52
796.00	201.19
797.00	164.12
798.00	129.10
799.00	104.31
800.00	89.06
801.00	92.03
802.00	87.02
803.00	67.80
804.00	59.44
805.00	47.36
806.00	47.55
807.00	39.74
808.00	30.08
809.00	22.26
810.00	21.20
811.00	18.95
812.00	19.12
813.00	19.12
814.00	17.38
815.00	12.83
816.00	9.78
817.00	7.38
818.00	6.93
819.00	6.90
820.00	5.51
821.00	2.63
822.00	2.58
823.00	6.62
824.00	-0.30
825.00	4.34
826.00	3.79
827.00	1.52
828.00	4.62
829.00	2.22
830.00	1.05
831.00	-0.38
832.00	3.01
833.00	3.31
834.00	2.82
835.00	-3.81
836.00	2.28
837.00	1.62
838.00	-2.31
839.00	0.83
840.00	-2.06
841.00	-1.17
842.00	-1.18
843.00	3.82
844.00	-0.87
845.00	-2.22
846.00	-2.30
847.00	0.95
848.00	2.63
849.00	2.68
850.00	5.02
851.00	-0.51
852.00	0.70
853.00	2.27
854.00	-7.04
855.00	2.94
856.00	-1.43
857.00	-0.20
858.00	1.00
859.00	1.01
860.00	-1.78
861.00	-5.16
862.00	0.41
863.00	-2.49
864.00	3.96
865.00	-4.36
866.00	3.68
867.00	4.46
868.00	2.33
869.00	5.95
870.00	1.08
871.00	3.37
872.00	-1.86
873.00	0.09
874.00	1.55
875.00	2.55
876.00	2.56
877.00	4.96
878.00	5.34
879.00	4.92
880.00	5.62
881.00	7.81
882.00	2.05
883.00	5.23
884.00	5.37
885.00	10.73
886.00	6.39
887.00	10.59
888.00	10.69
889.00	14.54
890.00	11.10
891.00	15.19
892.00	18.67
893.00	17.49
894.00	20.54
895.00	22.71
896.00	21.70
897.00	24.72
898.00	27.11
899.00	26.03
900.00	27.07
901.00	18.72
902.00	22.32
903.00	19.92
904.00	21.62
905.00	20.54
906.00	17.24
907.00	15.75
908.00	19.26
909.00	15.32
910.00	12.69
911.00	4.03
912.00	3.37
913.00	12.57
914.00	10.31
915.00	7.12
916.00	5.91
917.00	4.05
918.00	6.99
919.00	5.42
920.00	2.66
921.00	1.69
922.00	1.05
923.00	3.58
924.00	-0.01
925.00	-2.64
926.00	0.06
927.00	0.77
928.00	3.83
929.00	-2.06
930.00	-1.76
931.00	-2.38
932.00	-1.59
933.00	-1.86
934.00	-2.12
935.00	-2.74
936.00	-2.58
937.00	-4.56
938.00	-1.86
939.00	0.29
940.00	-5.91
941.00	0.26
942.00	-4.33
943.00	-2.90
944.00	-3.62
945.00	0.90
946.00	-1.46
947.00	-3.95
948.00	0.28
949.00	-1.56
950.00	-1.54
951.00	-4.31
952.00	-2.33
953.00	-2.07
954.00	0.72
955.00	-4.89
956.00	-3.24
957.00	-4.43
958.00	-2.48
959.00	-2.44
960.00	-8.31
961.00	-3.46
962.00	-1.10
963.00	-3.55
964.00	-5.07
965.00	-2.50
966.00	-3.57
967.00	-3.57
968.00	-3.10
969.00	-0.08
970.00	-2.09
971.00	0.86
972.00	-3.04
973.00	-0.19
974.00	-4.21
975.00	-7.28
976.00	-2.79
977.00	-2.75
978.00	-4.96
979.00	-4.58
980.00	-5.26
981.00	0.88
982.00	-5.45
983.00	-4.21
984.00	-4.86
985.00	-1.18
986.00	-2.32
987.00	-5.90
988.00	-3.18
989.00	-4.84
990.00	-5.12
991.00	-7.62
992.00	0.61
993.00	-4.28
994.00	-3.52
995.00	-1.62
996.00	-3.15
997.00	-4.77
998.00	-0.29
999.00	-2.70
1000.00	-0.78
>>>>>Finisci Dati dello Spettro Elaborati<<<<<
