File Dati SpectraSuite
++++++++++++++++++++++++++++++++++++
Data: Tue Dec 02 15:32:46 CET 2025
Utente: Gruppo 7
Spettro Scuro Presente: Si
Spettro di Riferimento Presente: No
Numero di Componenti Spettri Campionati: 1
Spettrometri: USB2G34644
Tempo di integrazione (usec): 3000 (USB2G34644)
Media Spettri: 10 (USB2G34644)
Appiattimento Boxcar: 0 (USB2G34644)
Correggi Oscurità Elettronica: No (USB2G34644)
Strobo/Lampada Abilitato: No (USB2G34644)
Correct for Detector Non-linearity: No (USB2G34644)
Correggi Stray Light: No (USB2G34644)
Numero di Pixel nello Spettro Elaborato: 651
>>>>>Comincia Dati dello Spettro Elaborati<<<<<
350.00	-11.84
351.00	-13.04
352.00	-2.93
353.00	-12.20
354.00	-9.09
355.00	-9.21
356.00	-10.58
357.00	-7.97
358.00	-7.58
359.00	-9.70
360.00	-7.43
361.00	-12.14
362.00	-10.16
363.00	-11.07
364.00	-12.58
365.00	-10.09
366.00	-7.89
367.00	-10.12
368.00	-10.00
369.00	-11.82
370.00	-13.82
371.00	-7.48
372.00	-7.78
373.00	-8.83
374.00	-5.80
375.00	-13.06
376.00	-10.18
377.00	-2.66
378.00	-13.44
379.00	-9.20
380.00	-12.10
381.00	-6.59
382.00	-8.49
383.00	-6.96
384.00	-4.76
385.00	-8.37
386.00	-10.27
387.00	-12.34
388.00	-10.67
389.00	-13.19
390.00	-11.87
391.00	-11.11
392.00	-13.71
393.00	-8.93
394.00	-7.91
395.00	-6.76
396.00	-9.96
397.00	-11.94
398.00	-7.99
399.00	-5.28
400.00	-6.36
401.00	-8.11
402.00	-6.76
403.00	-8.21
404.00	-13.71
405.00	-15.27
406.00	-11.26
407.00	-10.26
408.00	-8.91
409.00	-11.53
410.00	-7.34
411.00	-7.70
412.00	-14.20
413.00	-6.06
414.00	-8.65
415.00	-13.29
416.00	-12.16
417.00	-13.36
418.00	-12.57
419.00	-11.94
420.00	-8.69
421.00	-12.52
422.00	-10.44
423.00	-12.38
424.00	-14.78
425.00	-6.54
426.00	-14.22
427.00	-7.24
428.00	-7.79
429.00	-9.03
430.00	-11.49
431.00	-11.56
432.00	-10.97
433.00	-10.59
434.00	-12.02
435.00	-15.58
436.00	-21.47
437.00	-9.92
438.00	-5.04
439.00	-10.04
440.00	-11.88
441.00	-6.97
442.00	-8.68
443.00	-14.52
444.00	-13.21
445.00	-11.05
446.00	-6.90
447.00	-10.29
448.00	-12.99
449.00	-13.82
450.00	-10.58
451.00	-7.17
452.00	-11.39
453.00	-9.82
454.00	-11.26
455.00	-8.76
456.00	-12.40
457.00	-13.45
458.00	-13.00
459.00	-11.48
460.00	-12.73
461.00	-5.30
462.00	-7.50
463.00	-9.84
464.00	-10.41
465.00	-10.96
466.00	-10.94
467.00	-14.23
468.00	-6.84
469.00	-8.62
470.00	-12.25
471.00	-7.81
472.00	-9.47
473.00	-8.49
474.00	-9.45
475.00	-12.07
476.00	-12.00
477.00	-11.20
478.00	-12.79
479.00	-12.53
480.00	-12.02
481.00	-15.37
482.00	-9.21
483.00	-7.46
484.00	-17.94
485.00	-9.55
486.00	-10.41
487.00	-15.50
488.00	-11.06
489.00	-13.03
490.00	-11.05
491.00	-8.82
492.00	-10.42
493.00	-7.55
494.00	-12.04
495.00	-8.92
496.00	-13.06
497.00	-12.60
498.00	-12.37
499.00	-10.77
500.00	-12.72
501.00	-10.77
502.00	-9.19
503.00	-16.63
504.00	-12.69
505.00	-8.30
506.00	-9.76
507.00	-14.15
508.00	-11.75
509.00	-9.40
510.00	-12.49
511.00	-14.86
512.00	-12.42
513.00	-10.10
514.00	-10.39
515.00	-13.58
516.00	-10.62
517.00	-12.44
518.00	-10.17
519.00	-12.36
520.00	-14.37
521.00	-15.04
522.00	-15.99
523.00	-9.63
524.00	-27.63
525.00	-12.22
526.00	-7.08
527.00	-11.04
528.00	-17.58
529.00	-9.67
530.00	-13.21
531.00	-10.06
532.00	-12.57
533.00	-12.91
534.00	-9.52
535.00	-12.08
536.00	-8.94
537.00	-8.30
538.00	-13.38
539.00	-14.05
540.00	-15.23
541.00	-19.20
542.00	-16.69
543.00	-15.99
544.00	-12.61
545.00	-18.57
546.00	-26.38
547.00	-18.98
548.00	-16.21
549.00	-13.49
550.00	-12.57
551.00	-15.47
552.00	-18.29
553.00	-12.81
554.00	-13.09
555.00	-11.46
556.00	-13.42
557.00	-12.13
558.00	-9.63
559.00	-10.77
560.00	-10.62
561.00	-14.66
562.00	-11.37
563.00	-13.49
564.00	-13.93
565.00	-12.08
566.00	-19.97
567.00	-11.64
568.00	-15.81
569.00	-12.59
570.00	-18.79
571.00	-11.17
572.00	-18.18
573.00	-16.03
574.00	-12.07
575.00	-11.26
576.00	-19.26
577.00	-16.11
578.00	-15.34
579.00	-14.93
580.00	-11.61
581.00	-16.83
582.00	-12.67
583.00	-13.42
584.00	-11.89
585.00	-15.14
586.00	-15.47
587.00	-12.51
588.00	-12.61
589.00	-17.03
590.00	-11.97
591.00	-13.78
592.00	-14.80
593.00	-16.20
594.00	-14.53
595.00	-13.05
596.00	-16.16
597.00	-13.64
598.00	-8.20
599.00	-12.65
600.00	-15.90
601.00	-16.12
602.00	-13.84
603.00	-11.17
604.00	-10.70
605.00	-18.09
606.00	-12.92
607.00	-12.40
608.00	-13.99
609.00	-14.54
610.00	-13.33
611.00	-17.67
612.00	-13.52
613.00	-11.38
614.00	-10.49
615.00	-11.62
616.00	-10.90
617.00	-11.43
618.00	-10.12
619.00	-9.91
620.00	-14.18
621.00	-10.06
622.00	-9.87
623.00	-12.24
624.00	-12.79
625.00	-11.96
626.00	-7.41
627.00	-10.68
628.00	-11.04
629.00	-12.08
630.00	-6.75
631.00	-10.91
632.00	-12.48
633.00	-13.59
634.00	-10.28
635.00	-6.14
636.00	-8.80
637.00	-9.22
638.00	-14.30
639.00	-9.89
640.00	-10.63
641.00	-10.50
642.00	-14.05
643.00	-7.77
644.00	-7.30
645.00	-10.31
646.00	-7.85
647.00	-13.97
648.00	-10.25
649.00	-9.20
650.00	-10.58
651.00	-5.87
652.00	-8.79
653.00	-12.34
654.00	-10.37
655.00	-13.32
656.00	-8.75
657.00	-17.26
658.00	-9.53
659.00	-6.93
660.00	-11.54
661.00	-13.50
662.00	-12.42
663.00	-5.78
664.00	-6.53
665.00	-10.13
666.00	-7.05
667.00	-11.97
668.00	-13.81
669.00	-9.26
670.00	-10.08
671.00	-10.71
672.00	-11.73
673.00	-10.94
674.00	-10.70
675.00	-7.52
676.00	-10.34
677.00	-7.61
678.00	-11.87
679.00	-12.01
680.00	-8.45
681.00	-12.38
682.00	-11.19
683.00	-10.12
684.00	-10.08
685.00	-10.82
686.00	-10.96
687.00	-8.60
688.00	-15.60
689.00	-10.04
690.00	-13.37
691.00	-9.09
692.00	-12.06
693.00	-9.45
694.00	-12.15
695.00	-7.00
696.00	-8.30
697.00	-10.68
698.00	-11.46
699.00	-10.31
700.00	-6.64
701.00	-8.66
702.00	-6.64
703.00	-12.72
704.00	-8.92
705.00	-4.92
706.00	-13.12
707.00	-7.14
708.00	-9.34
709.00	-7.58
710.00	-10.96
711.00	-13.54
712.00	-10.85
713.00	-8.84
714.00	-15.41
715.00	-13.09
716.00	-7.63
717.00	-9.42
718.00	-11.99
719.00	-10.74
720.00	-11.03
721.00	-12.04
722.00	-13.37
723.00	-8.83
724.00	-8.70
725.00	-11.97
726.00	-15.16
727.00	-5.79
728.00	-9.46
729.00	-14.85
730.00	-4.16
731.00	-8.17
732.00	-7.25
733.00	-12.70
734.00	-8.95
735.00	-7.57
736.00	-9.99
737.00	-9.77
738.00	-11.84
739.00	-9.51
740.00	-11.63
741.00	-11.87
742.00	-7.69
743.00	-6.85
744.00	-9.04
745.00	-10.54
746.00	-8.68
747.00	-7.50
748.00	-13.19
749.00	-8.43
750.00	-9.28
751.00	-7.36
752.00	-5.84
753.00	-8.47
754.00	-11.47
755.00	-7.48
756.00	-9.59
757.00	-11.56
758.00	-9.33
759.00	-8.45
760.00	-7.58
761.00	-7.76
762.00	-6.96
763.00	-11.81
764.00	-3.52
765.00	-10.94
766.00	-8.99
767.00	-5.13
768.00	-6.86
769.00	-6.62
770.00	-4.76
771.00	-6.56
772.00	-4.57
773.00	-4.64
774.00	-8.46
775.00	-3.98
776.00	-2.47
777.00	-1.79
778.00	18.25
779.00	27.24
780.00	1407.55
781.00	3945.64
782.00	341.83
783.00	112.21
784.00	17.68
785.00	1.90
786.00	-2.08
787.00	-3.69
788.00	-3.32
789.00	-7.10
790.00	-9.46
791.00	-5.08
792.00	-5.82
793.00	-6.83
794.00	-9.81
795.00	-5.92
796.00	-7.00
797.00	-12.79
798.00	-7.80
799.00	-8.21
800.00	-8.05
801.00	-9.11
802.00	-9.61
803.00	-11.77
804.00	-6.05
805.00	-7.23
806.00	-8.11
807.00	-7.53
808.00	-7.93
809.00	-14.78
810.00	-12.21
811.00	-14.60
812.00	-8.82
813.00	-8.01
814.00	-12.72
815.00	-11.41
816.00	-10.71
817.00	-10.98
818.00	-10.23
819.00	-10.31
820.00	-8.03
821.00	-9.51
822.00	-11.69
823.00	-6.61
824.00	-12.27
825.00	-8.44
826.00	-6.06
827.00	-10.38
828.00	-7.26
829.00	-6.90
830.00	-10.28
831.00	-12.19
832.00	-9.56
833.00	-8.21
834.00	-8.50
835.00	-14.71
836.00	-9.58
837.00	-6.93
838.00	-10.67
839.00	-8.54
840.00	-10.51
841.00	-8.68
842.00	-8.61
843.00	-4.85
844.00	-9.03
845.00	-12.14
846.00	-13.86
847.00	-8.34
848.00	-5.57
849.00	-6.02
850.00	-3.57
851.00	-8.55
852.00	-8.19
853.00	-6.39
854.00	-16.45
855.00	-6.94
856.00	-12.06
857.00	-9.21
858.00	-8.84
859.00	-10.23
860.00	-12.52
861.00	-14.93
862.00	-8.61
863.00	-11.19
864.00	-4.88
865.00	-14.06
866.00	-7.66
867.00	-7.19
868.00	-8.78
869.00	-5.84
870.00	-12.11
871.00	-7.84
872.00	-13.49
873.00	-12.29
874.00	-13.49
875.00	-10.81
876.00	-13.24
877.00	-8.46
878.00	-10.74
879.00	-10.69
880.00	-10.45
881.00	-10.75
882.00	-14.21
883.00	-9.47
884.00	-9.83
885.00	-8.27
886.00	-10.33
887.00	-8.47
888.00	-10.21
889.00	-8.09
890.00	-10.98
891.00	-9.18
892.00	-8.02
893.00	-12.13
894.00	-11.68
895.00	-9.23
896.00	-10.70
897.00	-8.03
898.00	-7.08
899.00	-9.92
900.00	-6.17
901.00	-13.10
902.00	-7.40
903.00	-8.35
904.00	-6.16
905.00	-11.73
906.00	-11.37
907.00	-10.43
908.00	-5.36
909.00	-7.23
910.00	-8.79
911.00	-12.30
912.00	-14.73
913.00	-9.32
914.00	-8.30
915.00	-10.33
916.00	-8.95
917.00	-11.44
918.00	-8.73
919.00	-9.93
920.00	-11.58
921.00	-10.13
922.00	-12.21
923.00	-8.82
924.00	-11.06
925.00	-11.03
926.00	-8.42
927.00	-9.94
928.00	-7.59
929.00	-10.89
930.00	-9.04
931.00	-13.90
932.00	-11.70
933.00	-11.59
934.00	-11.65
935.00	-11.47
936.00	-10.83
937.00	-13.36
938.00	-10.08
939.00	-9.10
940.00	-14.80
941.00	-9.61
942.00	-14.29
943.00	-11.01
944.00	-11.37
945.00	-6.19
946.00	-9.27
947.00	-12.38
948.00	-5.40
949.00	-9.38
950.00	-8.20
951.00	-11.29
952.00	-10.34
953.00	-10.19
954.00	-5.50
955.00	-10.81
956.00	-10.95
957.00	-11.75
958.00	-10.59
959.00	-9.19
960.00	-15.30
961.00	-10.17
962.00	-7.17
963.00	-9.16
964.00	-10.35
965.00	-10.30
966.00	-10.58
967.00	-11.15
968.00	-8.91
969.00	-6.95
970.00	-9.20
971.00	-6.66
972.00	-10.70
973.00	-6.69
974.00	-10.12
975.00	-11.84
976.00	-7.95
977.00	-10.16
978.00	-9.39
979.00	-11.58
980.00	-10.70
981.00	-7.17
982.00	-10.10
983.00	-9.85
984.00	-11.62
985.00	-7.64
986.00	-8.15
987.00	-13.09
988.00	-6.32
989.00	-9.55
990.00	-9.75
991.00	-12.99
992.00	-6.56
993.00	-9.95
994.00	-8.05
995.00	-5.71
996.00	-8.08
997.00	-9.44
998.00	-6.88
999.00	-8.81
1000.00	-4.87
>>>>>Finisci Dati dello Spettro Elaborati<<<<<
