File Dati SpectraSuite
++++++++++++++++++++++++++++++++++++
Data: Tue Dec 02 15:39:13 CET 2025
Utente: Gruppo 7
Spettro Scuro Presente: Si
Spettro di Riferimento Presente: No
Numero di Componenti Spettri Campionati: 1
Spettrometri: USB2G34644
Tempo di integrazione (usec): 3000 (USB2G34644)
Media Spettri: 10 (USB2G34644)
Appiattimento Boxcar: 0 (USB2G34644)
Correggi Oscurità Elettronica: No (USB2G34644)
Strobo/Lampada Abilitato: No (USB2G34644)
Correct for Detector Non-linearity: No (USB2G34644)
Correggi Stray Light: No (USB2G34644)
Numero di Pixel nello Spettro Elaborato: 651
>>>>>Comincia Dati dello Spettro Elaborati<<<<<
350.00	-13.26
351.00	-15.52
352.00	-3.44
353.00	-11.19
354.00	-10.84
355.00	-10.86
356.00	-11.57
357.00	-8.01
358.00	-9.95
359.00	-10.41
360.00	-9.22
361.00	-12.44
362.00	-10.61
363.00	-12.21
364.00	-14.54
365.00	-11.69
366.00	-7.83
367.00	-10.63
368.00	-11.19
369.00	-12.59
370.00	-12.26
371.00	-8.89
372.00	-8.70
373.00	-9.84
374.00	-7.23
375.00	-13.56
376.00	-11.96
377.00	-2.38
378.00	-13.91
379.00	-10.93
380.00	-11.66
381.00	-7.36
382.00	-9.76
383.00	-9.73
384.00	-6.03
385.00	-8.13
386.00	-10.76
387.00	-11.13
388.00	-11.81
389.00	-14.19
390.00	-14.08
391.00	-12.63
392.00	-14.81
393.00	-11.00
394.00	-7.98
395.00	-8.73
396.00	-10.51
397.00	-13.44
398.00	-6.74
399.00	-6.33
400.00	-6.97
401.00	-9.22
402.00	-8.59
403.00	-8.63
404.00	-15.11
405.00	-15.43
406.00	-13.06
407.00	-11.45
408.00	-9.57
409.00	-12.71
410.00	-8.49
411.00	-9.59
412.00	-15.37
413.00	-7.20
414.00	-10.06
415.00	-14.24
416.00	-11.60
417.00	-12.30
418.00	-13.23
419.00	-11.16
420.00	-8.79
421.00	-12.42
422.00	-12.37
423.00	-14.19
424.00	-15.24
425.00	-7.09
426.00	-14.40
427.00	-7.53
428.00	-9.60
429.00	-8.83
430.00	-12.84
431.00	-11.57
432.00	-11.83
433.00	-11.58
434.00	-9.53
435.00	-16.94
436.00	-21.55
437.00	-10.47
438.00	-6.89
439.00	-10.32
440.00	-11.98
441.00	-8.09
442.00	-9.98
443.00	-14.71
444.00	-14.76
445.00	-11.99
446.00	-6.71
447.00	-11.50
448.00	-11.23
449.00	-12.20
450.00	-12.15
451.00	-9.13
452.00	-11.58
453.00	-11.20
454.00	-11.01
455.00	-7.28
456.00	-12.07
457.00	-14.62
458.00	-14.62
459.00	-13.08
460.00	-13.20
461.00	-7.20
462.00	-8.26
463.00	-9.97
464.00	-11.27
465.00	-11.49
466.00	-11.14
467.00	-13.34
468.00	-7.27
469.00	-10.21
470.00	-13.91
471.00	-7.88
472.00	-10.36
473.00	-8.41
474.00	-10.55
475.00	-12.16
476.00	-12.24
477.00	-11.94
478.00	-14.49
479.00	-13.77
480.00	-12.59
481.00	-14.28
482.00	-10.03
483.00	-8.23
484.00	-20.34
485.00	-10.70
486.00	-13.47
487.00	-18.33
488.00	-13.06
489.00	-13.47
490.00	-11.82
491.00	-10.85
492.00	-12.00
493.00	-7.77
494.00	-11.63
495.00	-10.26
496.00	-13.41
497.00	-13.37
498.00	-12.63
499.00	-11.02
500.00	-13.45
501.00	-12.40
502.00	-8.77
503.00	-18.10
504.00	-12.47
505.00	-9.06
506.00	-11.26
507.00	-14.73
508.00	-13.23
509.00	-12.05
510.00	-13.33
511.00	-15.78
512.00	-12.43
513.00	-8.60
514.00	-10.76
515.00	-15.36
516.00	-11.91
517.00	-14.46
518.00	-11.13
519.00	-12.71
520.00	-15.25
521.00	-18.44
522.00	-18.06
523.00	-11.04
524.00	-29.21
525.00	-15.43
526.00	-8.17
527.00	-11.40
528.00	-18.02
529.00	-8.82
530.00	-14.49
531.00	-10.69
532.00	-11.58
533.00	-13.20
534.00	-9.89
535.00	-11.58
536.00	-11.60
537.00	-7.61
538.00	-14.35
539.00	-13.79
540.00	-15.14
541.00	-19.71
542.00	-17.08
543.00	-16.59
544.00	-13.96
545.00	-19.91
546.00	-27.07
547.00	-18.95
548.00	-16.46
549.00	-14.21
550.00	-13.97
551.00	-14.49
552.00	-19.06
553.00	-13.24
554.00	-15.26
555.00	-12.59
556.00	-13.21
557.00	-13.01
558.00	-12.32
559.00	-10.75
560.00	-12.88
561.00	-15.54
562.00	-11.25
563.00	-14.39
564.00	-14.92
565.00	-11.70
566.00	-19.41
567.00	-12.68
568.00	-16.77
569.00	-13.09
570.00	-19.31
571.00	-11.32
572.00	-20.12
573.00	-20.18
574.00	-12.93
575.00	-10.75
576.00	-18.40
577.00	-16.59
578.00	-16.90
579.00	-16.52
580.00	-12.45
581.00	-18.32
582.00	-15.10
583.00	-15.43
584.00	-13.30
585.00	-16.07
586.00	-16.87
587.00	-13.31
588.00	-13.17
589.00	-17.33
590.00	-14.13
591.00	-16.37
592.00	-17.97
593.00	-15.62
594.00	-15.41
595.00	-13.74
596.00	-15.35
597.00	-13.44
598.00	-7.63
599.00	-13.33
600.00	-15.14
601.00	-16.12
602.00	-15.07
603.00	-12.87
604.00	-12.10
605.00	-17.27
606.00	-13.96
607.00	-11.78
608.00	-15.17
609.00	-15.07
610.00	-13.10
611.00	-17.13
612.00	-15.64
613.00	-11.12
614.00	-11.90
615.00	-13.67
616.00	-12.10
617.00	-12.03
618.00	-12.48
619.00	-12.85
620.00	-15.11
621.00	-10.74
622.00	-11.60
623.00	-12.48
624.00	-12.95
625.00	-13.33
626.00	-8.47
627.00	-12.67
628.00	-11.41
629.00	-12.55
630.00	-7.12
631.00	-12.16
632.00	-13.83
633.00	-14.08
634.00	-10.75
635.00	-7.61
636.00	-12.78
637.00	-10.87
638.00	-14.77
639.00	-9.44
640.00	-12.09
641.00	-13.50
642.00	-14.80
643.00	-9.43
644.00	-11.08
645.00	-11.39
646.00	-11.50
647.00	-13.05
648.00	-12.55
649.00	-8.36
650.00	-11.25
651.00	-6.15
652.00	-10.89
653.00	-12.75
654.00	-10.37
655.00	-12.69
656.00	-10.25
657.00	-18.76
658.00	-11.20
659.00	-7.86
660.00	-10.77
661.00	-14.92
662.00	-13.26
663.00	-5.60
664.00	-8.01
665.00	-10.85
666.00	-7.65
667.00	-11.02
668.00	-14.90
669.00	-9.86
670.00	-11.00
671.00	-11.38
672.00	-12.25
673.00	-11.69
674.00	-12.37
675.00	-7.20
676.00	-9.76
677.00	-10.30
678.00	-11.84
679.00	-12.37
680.00	-7.20
681.00	-12.73
682.00	-9.87
683.00	-10.52
684.00	-9.62
685.00	-11.19
686.00	-12.15
687.00	-7.89
688.00	-19.88
689.00	-10.91
690.00	-13.18
691.00	-11.11
692.00	-12.45
693.00	-10.87
694.00	-12.56
695.00	-7.86
696.00	-10.34
697.00	-11.93
698.00	-11.13
699.00	-12.29
700.00	-7.54
701.00	-9.15
702.00	-9.77
703.00	-14.01
704.00	-9.94
705.00	-6.87
706.00	-13.73
707.00	-8.32
708.00	-11.72
709.00	-8.25
710.00	-9.27
711.00	-14.72
712.00	-11.29
713.00	-10.49
714.00	-17.81
715.00	-12.52
716.00	-9.65
717.00	-9.34
718.00	-13.76
719.00	-13.46
720.00	-13.67
721.00	-11.63
722.00	-14.50
723.00	-8.74
724.00	-9.82
725.00	-11.76
726.00	-16.86
727.00	-6.61
728.00	-12.47
729.00	-13.35
730.00	-4.60
731.00	-8.71
732.00	-8.45
733.00	-14.25
734.00	-9.63
735.00	-8.08
736.00	-10.03
737.00	-9.21
738.00	-12.33
739.00	-12.75
740.00	-13.28
741.00	-13.89
742.00	-8.33
743.00	-8.24
744.00	-10.71
745.00	-11.84
746.00	-8.24
747.00	-7.50
748.00	-14.62
749.00	-9.62
750.00	-12.13
751.00	-8.34
752.00	-6.05
753.00	-10.19
754.00	-11.18
755.00	-8.41
756.00	-11.33
757.00	-12.21
758.00	-8.58
759.00	-10.63
760.00	-9.49
761.00	-6.84
762.00	-7.10
763.00	-12.74
764.00	-3.32
765.00	-12.51
766.00	-8.25
767.00	-7.00
768.00	-8.76
769.00	-8.01
770.00	-7.00
771.00	-7.77
772.00	-6.96
773.00	-5.26
774.00	-8.92
775.00	-6.50
776.00	-3.12
777.00	-7.43
778.00	0.45
779.00	16.62
780.00	44.90
781.00	126.80
782.00	2457.11
783.00	4124.42
784.00	492.89
785.00	57.40
786.00	9.45
787.00	-0.55
788.00	-2.36
789.00	-6.15
790.00	-11.19
791.00	-4.87
792.00	-6.82
793.00	-8.46
794.00	-11.86
795.00	-8.42
796.00	-8.97
797.00	-15.26
798.00	-8.78
799.00	-10.79
800.00	-7.32
801.00	-9.40
802.00	-11.45
803.00	-11.69
804.00	-5.84
805.00	-8.97
806.00	-9.23
807.00	-7.09
808.00	-10.46
809.00	-14.59
810.00	-12.02
811.00	-15.48
812.00	-8.86
813.00	-8.95
814.00	-11.15
815.00	-12.39
816.00	-13.00
817.00	-11.63
818.00	-11.80
819.00	-12.66
820.00	-10.51
821.00	-10.22
822.00	-11.34
823.00	-7.78
824.00	-14.95
825.00	-10.13
826.00	-7.77
827.00	-11.18
828.00	-8.36
829.00	-8.31
830.00	-10.79
831.00	-13.27
832.00	-8.68
833.00	-8.82
834.00	-8.60
835.00	-15.08
836.00	-10.33
837.00	-8.74
838.00	-11.71
839.00	-11.23
840.00	-10.72
841.00	-11.15
842.00	-10.70
843.00	-6.47
844.00	-11.22
845.00	-12.33
846.00	-12.33
847.00	-6.79
848.00	-6.58
849.00	-7.71
850.00	-4.53
851.00	-9.95
852.00	-10.10
853.00	-7.43
854.00	-16.83
855.00	-7.67
856.00	-12.45
857.00	-10.90
858.00	-10.20
859.00	-11.20
860.00	-14.81
861.00	-16.17
862.00	-7.98
863.00	-11.56
864.00	-7.14
865.00	-15.50
866.00	-8.12
867.00	-8.15
868.00	-10.15
869.00	-6.50
870.00	-13.85
871.00	-8.30
872.00	-14.14
873.00	-12.73
874.00	-14.57
875.00	-11.14
876.00	-14.06
877.00	-10.10
878.00	-11.68
879.00	-11.72
880.00	-11.66
881.00	-11.99
882.00	-14.45
883.00	-11.24
884.00	-11.82
885.00	-8.87
886.00	-11.19
887.00	-10.72
888.00	-9.73
889.00	-8.77
890.00	-12.68
891.00	-9.94
892.00	-8.53
893.00	-13.91
894.00	-11.96
895.00	-9.68
896.00	-10.58
897.00	-8.62
898.00	-7.43
899.00	-11.83
900.00	-7.73
901.00	-13.03
902.00	-7.09
903.00	-9.96
904.00	-6.14
905.00	-12.59
906.00	-11.23
907.00	-11.32
908.00	-8.98
909.00	-9.90
910.00	-8.85
911.00	-14.69
912.00	-16.17
913.00	-9.18
914.00	-9.14
915.00	-12.22
916.00	-11.16
917.00	-12.85
918.00	-9.12
919.00	-12.42
920.00	-12.14
921.00	-10.83
922.00	-12.92
923.00	-9.08
924.00	-12.72
925.00	-14.07
926.00	-11.19
927.00	-10.62
928.00	-6.56
929.00	-12.97
930.00	-11.28
931.00	-14.16
932.00	-12.94
933.00	-10.58
934.00	-12.10
935.00	-12.68
936.00	-11.33
937.00	-15.38
938.00	-8.67
939.00	-8.54
940.00	-16.32
941.00	-10.22
942.00	-13.70
943.00	-11.01
944.00	-12.78
945.00	-5.70
946.00	-9.62
947.00	-12.25
948.00	-7.97
949.00	-9.66
950.00	-8.98
951.00	-14.12
952.00	-10.93
953.00	-11.04
954.00	-6.99
955.00	-13.70
956.00	-12.10
957.00	-12.58
958.00	-11.04
959.00	-10.03
960.00	-14.06
961.00	-10.63
962.00	-7.21
963.00	-9.87
964.00	-12.05
965.00	-9.72
966.00	-10.97
967.00	-10.84
968.00	-9.33
969.00	-6.53
970.00	-8.51
971.00	-7.97
972.00	-11.69
973.00	-7.40
974.00	-9.90
975.00	-13.47
976.00	-10.01
977.00	-10.07
978.00	-10.50
979.00	-10.63
980.00	-11.71
981.00	-8.51
982.00	-11.69
983.00	-11.04
984.00	-12.12
985.00	-8.53
986.00	-9.24
987.00	-12.72
988.00	-10.87
989.00	-11.20
990.00	-11.54
991.00	-13.22
992.00	-6.13
993.00	-11.73
994.00	-9.32
995.00	-7.23
996.00	-10.84
997.00	-9.67
998.00	-7.72
999.00	-11.07
1000.00	-7.12
>>>>>Finisci Dati dello Spettro Elaborati<<<<<
