File Dati SpectraSuite
++++++++++++++++++++++++++++++++++++
Data: Tue Dec 02 15:44:36 CET 2025
Utente: Gruppo 7
Spettro Scuro Presente: Si
Spettro di Riferimento Presente: No
Numero di Componenti Spettri Campionati: 1
Spettrometri: USB2G34644
Tempo di integrazione (usec): 3000 (USB2G34644)
Media Spettri: 10 (USB2G34644)
Appiattimento Boxcar: 0 (USB2G34644)
Correggi Oscurità Elettronica: No (USB2G34644)
Strobo/Lampada Abilitato: No (USB2G34644)
Correct for Detector Non-linearity: No (USB2G34644)
Correggi Stray Light: No (USB2G34644)
Numero di Pixel nello Spettro Elaborato: 651
>>>>>Comincia Dati dello Spettro Elaborati<<<<<
350.00	-13.92
351.00	-15.13
352.00	-3.15
353.00	-12.62
354.00	-10.91
355.00	-10.32
356.00	-12.37
357.00	-9.43
358.00	-9.50
359.00	-9.32
360.00	-9.40
361.00	-12.46
362.00	-10.37
363.00	-13.76
364.00	-14.42
365.00	-11.69
366.00	-7.89
367.00	-11.96
368.00	-13.51
369.00	-14.18
370.00	-14.60
371.00	-9.48
372.00	-9.40
373.00	-10.08
374.00	-8.74
375.00	-14.33
376.00	-11.34
377.00	-2.93
378.00	-14.61
379.00	-11.22
380.00	-13.42
381.00	-8.76
382.00	-9.11
383.00	-9.54
384.00	-6.57
385.00	-10.76
386.00	-12.64
387.00	-12.10
388.00	-13.90
389.00	-14.58
390.00	-12.36
391.00	-13.12
392.00	-16.28
393.00	-9.82
394.00	-10.30
395.00	-8.41
396.00	-11.42
397.00	-13.79
398.00	-9.09
399.00	-7.08
400.00	-7.75
401.00	-9.42
402.00	-8.96
403.00	-10.16
404.00	-15.92
405.00	-16.43
406.00	-13.50
407.00	-11.31
408.00	-11.83
409.00	-12.27
410.00	-10.11
411.00	-9.01
412.00	-15.23
413.00	-8.32
414.00	-10.33
415.00	-15.90
416.00	-11.14
417.00	-13.43
418.00	-14.38
419.00	-13.35
420.00	-11.59
421.00	-13.56
422.00	-10.85
423.00	-13.97
424.00	-15.99
425.00	-7.43
426.00	-16.14
427.00	-7.64
428.00	-11.92
429.00	-12.01
430.00	-14.05
431.00	-11.74
432.00	-12.84
433.00	-11.59
434.00	-11.62
435.00	-17.38
436.00	-23.80
437.00	-10.47
438.00	-7.39
439.00	-10.26
440.00	-14.49
441.00	-9.97
442.00	-10.29
443.00	-15.82
444.00	-15.38
445.00	-12.57
446.00	-8.18
447.00	-12.14
448.00	-13.59
449.00	-13.21
450.00	-11.63
451.00	-10.02
452.00	-13.04
453.00	-11.75
454.00	-12.35
455.00	-7.85
456.00	-13.62
457.00	-14.05
458.00	-14.32
459.00	-12.51
460.00	-14.36
461.00	-8.40
462.00	-8.01
463.00	-10.62
464.00	-11.51
465.00	-13.50
466.00	-13.29
467.00	-15.61
468.00	-6.62
469.00	-12.04
470.00	-13.92
471.00	-8.72
472.00	-11.37
473.00	-9.56
474.00	-11.72
475.00	-13.73
476.00	-12.80
477.00	-12.83
478.00	-14.58
479.00	-15.60
480.00	-12.71
481.00	-16.08
482.00	-11.41
483.00	-10.44
484.00	-20.51
485.00	-11.99
486.00	-12.84
487.00	-17.29
488.00	-13.58
489.00	-13.41
490.00	-13.62
491.00	-11.19
492.00	-13.36
493.00	-7.94
494.00	-14.03
495.00	-12.11
496.00	-14.81
497.00	-14.07
498.00	-15.47
499.00	-12.94
500.00	-13.45
501.00	-11.68
502.00	-9.78
503.00	-19.22
504.00	-14.58
505.00	-9.72
506.00	-11.11
507.00	-16.41
508.00	-12.59
509.00	-10.06
510.00	-15.83
511.00	-16.95
512.00	-12.76
513.00	-12.10
514.00	-13.17
515.00	-15.42
516.00	-12.32
517.00	-15.57
518.00	-12.00
519.00	-13.68
520.00	-17.16
521.00	-18.07
522.00	-18.91
523.00	-12.27
524.00	-30.14
525.00	-14.62
526.00	-9.57
527.00	-12.65
528.00	-18.54
529.00	-12.00
530.00	-16.40
531.00	-10.72
532.00	-13.91
533.00	-12.55
534.00	-11.61
535.00	-13.19
536.00	-11.17
537.00	-10.67
538.00	-16.35
539.00	-17.05
540.00	-16.96
541.00	-19.90
542.00	-18.30
543.00	-16.13
544.00	-14.90
545.00	-20.05
546.00	-27.03
547.00	-20.62
548.00	-18.42
549.00	-15.09
550.00	-15.98
551.00	-16.51
552.00	-20.44
553.00	-14.37
554.00	-15.42
555.00	-14.17
556.00	-14.32
557.00	-14.90
558.00	-11.72
559.00	-13.43
560.00	-13.23
561.00	-16.55
562.00	-13.69
563.00	-14.88
564.00	-15.23
565.00	-14.10
566.00	-20.55
567.00	-13.16
568.00	-18.37
569.00	-15.17
570.00	-21.51
571.00	-13.58
572.00	-20.76
573.00	-19.96
574.00	-14.65
575.00	-11.84
576.00	-19.50
577.00	-17.14
578.00	-16.09
579.00	-17.81
580.00	-14.64
581.00	-18.82
582.00	-14.72
583.00	-14.93
584.00	-13.49
585.00	-16.43
586.00	-18.24
587.00	-14.14
588.00	-15.62
589.00	-17.63
590.00	-14.60
591.00	-15.91
592.00	-16.34
593.00	-16.56
594.00	-16.91
595.00	-14.72
596.00	-16.32
597.00	-15.40
598.00	-9.89
599.00	-12.80
600.00	-16.87
601.00	-17.30
602.00	-16.83
603.00	-13.92
604.00	-14.39
605.00	-18.93
606.00	-13.75
607.00	-12.73
608.00	-15.74
609.00	-15.97
610.00	-14.12
611.00	-18.38
612.00	-15.82
613.00	-12.60
614.00	-11.36
615.00	-15.03
616.00	-12.72
617.00	-14.26
618.00	-12.36
619.00	-13.66
620.00	-15.86
621.00	-11.87
622.00	-10.80
623.00	-12.82
624.00	-13.87
625.00	-13.51
626.00	-8.02
627.00	-12.89
628.00	-11.68
629.00	-13.59
630.00	-9.34
631.00	-13.00
632.00	-15.11
633.00	-13.91
634.00	-12.46
635.00	-8.69
636.00	-11.56
637.00	-9.58
638.00	-16.98
639.00	-10.90
640.00	-12.43
641.00	-13.63
642.00	-14.73
643.00	-8.47
644.00	-8.98
645.00	-13.03
646.00	-10.71
647.00	-15.02
648.00	-12.54
649.00	-11.22
650.00	-11.76
651.00	-7.51
652.00	-12.43
653.00	-14.17
654.00	-12.61
655.00	-14.03
656.00	-9.90
657.00	-17.86
658.00	-10.99
659.00	-8.92
660.00	-13.53
661.00	-14.41
662.00	-14.20
663.00	-7.53
664.00	-8.18
665.00	-12.24
666.00	-8.38
667.00	-12.15
668.00	-14.82
669.00	-10.39
670.00	-11.50
671.00	-12.48
672.00	-13.76
673.00	-14.42
674.00	-12.00
675.00	-9.15
676.00	-11.12
677.00	-9.69
678.00	-12.80
679.00	-13.93
680.00	-9.64
681.00	-14.74
682.00	-10.99
683.00	-11.11
684.00	-11.54
685.00	-11.51
686.00	-13.54
687.00	-12.00
688.00	-18.88
689.00	-10.75
690.00	-13.89
691.00	-11.33
692.00	-12.17
693.00	-11.90
694.00	-15.75
695.00	-9.89
696.00	-11.20
697.00	-12.56
698.00	-11.73
699.00	-12.94
700.00	-7.86
701.00	-10.20
702.00	-10.51
703.00	-15.91
704.00	-10.46
705.00	-7.39
706.00	-15.42
707.00	-9.63
708.00	-10.50
709.00	-9.94
710.00	-10.38
711.00	-15.04
712.00	-11.81
713.00	-11.33
714.00	-15.82
715.00	-13.51
716.00	-8.36
717.00	-9.58
718.00	-14.62
719.00	-13.37
720.00	-14.43
721.00	-13.77
722.00	-14.95
723.00	-10.75
724.00	-10.18
725.00	-14.44
726.00	-15.77
727.00	-8.59
728.00	-11.56
729.00	-15.84
730.00	-7.35
731.00	-8.95
732.00	-10.32
733.00	-14.71
734.00	-10.74
735.00	-8.35
736.00	-9.79
737.00	-10.94
738.00	-15.05
739.00	-12.23
740.00	-13.35
741.00	-13.89
742.00	-8.72
743.00	-8.76
744.00	-9.74
745.00	-13.34
746.00	-9.16
747.00	-8.92
748.00	-14.39
749.00	-9.59
750.00	-11.18
751.00	-9.37
752.00	-7.00
753.00	-10.93
754.00	-13.04
755.00	-9.49
756.00	-11.67
757.00	-13.51
758.00	-10.60
759.00	-11.20
760.00	-10.63
761.00	-10.81
762.00	-8.66
763.00	-13.49
764.00	-7.03
765.00	-11.85
766.00	-9.65
767.00	-7.36
768.00	-9.02
769.00	-10.22
770.00	-8.16
771.00	-8.31
772.00	-6.52
773.00	-5.76
774.00	-10.38
775.00	-6.78
776.00	-6.52
777.00	-9.61
778.00	-1.85
779.00	-1.60
780.00	5.93
781.00	31.37
782.00	69.19
783.00	133.42
784.00	4047.16
785.00	1959.84
786.00	158.43
787.00	23.52
788.00	0.42
789.00	-6.96
790.00	-9.96
791.00	-5.13
792.00	-5.91
793.00	-9.77
794.00	-13.35
795.00	-9.13
796.00	-8.69
797.00	-14.25
798.00	-8.00
799.00	-11.72
800.00	-7.18
801.00	-10.79
802.00	-11.76
803.00	-10.45
804.00	-8.51
805.00	-8.63
806.00	-9.90
807.00	-8.98
808.00	-9.86
809.00	-15.74
810.00	-14.12
811.00	-16.54
812.00	-11.00
813.00	-10.56
814.00	-14.33
815.00	-12.51
816.00	-12.18
817.00	-10.87
818.00	-13.55
819.00	-13.13
820.00	-11.24
821.00	-12.07
822.00	-12.80
823.00	-8.40
824.00	-14.81
825.00	-10.10
826.00	-8.13
827.00	-11.98
828.00	-10.17
829.00	-8.18
830.00	-11.62
831.00	-14.60
832.00	-9.57
833.00	-11.01
834.00	-9.56
835.00	-14.78
836.00	-9.60
837.00	-10.06
838.00	-12.73
839.00	-10.13
840.00	-12.21
841.00	-11.00
842.00	-10.99
843.00	-8.56
844.00	-11.60
845.00	-13.42
846.00	-14.09
847.00	-8.58
848.00	-8.93
849.00	-8.78
850.00	-6.28
851.00	-9.42
852.00	-10.78
853.00	-8.40
854.00	-16.29
855.00	-8.02
856.00	-13.48
857.00	-11.81
858.00	-11.67
859.00	-10.74
860.00	-14.64
861.00	-17.16
862.00	-10.00
863.00	-12.34
864.00	-6.62
865.00	-14.95
866.00	-8.71
867.00	-8.53
868.00	-10.88
869.00	-8.36
870.00	-13.69
871.00	-10.29
872.00	-16.23
873.00	-14.54
874.00	-14.66
875.00	-11.86
876.00	-14.48
877.00	-10.92
878.00	-11.85
879.00	-11.91
880.00	-12.37
881.00	-12.16
882.00	-14.45
883.00	-12.43
884.00	-11.57
885.00	-8.52
886.00	-12.47
887.00	-11.14
888.00	-13.23
889.00	-10.80
890.00	-12.78
891.00	-11.02
892.00	-10.32
893.00	-15.17
894.00	-12.71
895.00	-9.95
896.00	-12.44
897.00	-9.44
898.00	-8.51
899.00	-12.90
900.00	-6.67
901.00	-14.39
902.00	-6.55
903.00	-9.39
904.00	-8.57
905.00	-11.75
906.00	-10.96
907.00	-12.03
908.00	-8.20
909.00	-8.56
910.00	-8.43
911.00	-16.80
912.00	-18.48
913.00	-10.18
914.00	-9.09
915.00	-11.30
916.00	-11.75
917.00	-12.55
918.00	-10.33
919.00	-12.04
920.00	-12.89
921.00	-9.88
922.00	-12.61
923.00	-11.07
924.00	-13.36
925.00	-14.27
926.00	-11.73
927.00	-10.04
928.00	-7.87
929.00	-13.84
930.00	-11.60
931.00	-15.76
932.00	-14.11
933.00	-12.45
934.00	-12.89
935.00	-11.91
936.00	-12.15
937.00	-16.85
938.00	-10.37
939.00	-9.09
940.00	-15.33
941.00	-10.19
942.00	-13.84
943.00	-11.61
944.00	-13.35
945.00	-6.02
946.00	-10.91
947.00	-13.55
948.00	-6.44
949.00	-10.02
950.00	-10.76
951.00	-13.54
952.00	-10.67
953.00	-10.40
954.00	-6.14
955.00	-14.76
956.00	-11.83
957.00	-13.00
958.00	-13.04
959.00	-10.11
960.00	-16.47
961.00	-10.92
962.00	-9.11
963.00	-12.45
964.00	-12.26
965.00	-10.65
966.00	-12.65
967.00	-12.98
968.00	-10.08
969.00	-7.13
970.00	-10.82
971.00	-8.31
972.00	-10.68
973.00	-8.29
974.00	-11.24
975.00	-14.83
976.00	-10.08
977.00	-12.33
978.00	-10.59
979.00	-12.17
980.00	-13.29
981.00	-8.81
982.00	-14.24
983.00	-12.84
984.00	-12.11
985.00	-8.47
986.00	-11.49
987.00	-12.88
988.00	-10.16
989.00	-12.10
990.00	-10.87
991.00	-15.35
992.00	-8.13
993.00	-11.86
994.00	-9.98
995.00	-6.61
996.00	-10.74
997.00	-11.04
998.00	-7.61
999.00	-10.07
1000.00	-7.96
>>>>>Finisci Dati dello Spettro Elaborati<<<<<
