File Dati SpectraSuite
++++++++++++++++++++++++++++++++++++
Data: Tue Dec 02 14:59:55 CET 2025
Utente: Gruppo 7
Spettro Scuro Presente: Si
Spettro di Riferimento Presente: No
Numero di Componenti Spettri Campionati: 1
Spettrometri: USB2G34644
Tempo di integrazione (usec): 3000 (USB2G34644)
Media Spettri: 10 (USB2G34644)
Appiattimento Boxcar: 0 (USB2G34644)
Correggi Oscurità Elettronica: No (USB2G34644)
Strobo/Lampada Abilitato: No (USB2G34644)
Correct for Detector Non-linearity: No (USB2G34644)
Correggi Stray Light: No (USB2G34644)
Numero di Pixel nello Spettro Elaborato: 651
>>>>>Comincia Dati dello Spettro Elaborati<<<<<
350.00	386.90
351.00	389.40
352.00	401.82
353.00	391.86
354.00	393.25
355.00	396.01
356.00	396.28
357.00	395.72
358.00	397.71
359.00	395.23
360.00	396.28
361.00	394.73
362.00	392.70
363.00	391.93
364.00	391.57
365.00	390.84
366.00	394.01
367.00	393.39
368.00	390.12
369.00	390.04
370.00	392.69
371.00	393.36
372.00	395.78
373.00	393.27
374.00	400.17
375.00	388.96
376.00	393.78
377.00	400.40
378.00	390.26
379.00	393.88
380.00	395.91
381.00	396.89
382.00	394.69
383.00	399.78
384.00	398.95
385.00	397.56
386.00	395.21
387.00	397.94
388.00	393.79
389.00	392.24
390.00	388.86
391.00	395.15
392.00	390.43
393.00	395.51
394.00	396.50
395.00	396.12
396.00	397.68
397.00	395.10
398.00	401.01
399.00	399.37
400.00	398.68
401.00	395.49
402.00	400.60
403.00	393.67
404.00	389.39
405.00	389.84
406.00	391.27
407.00	392.32
408.00	395.02
409.00	396.24
410.00	398.57
411.00	399.64
412.00	391.73
413.00	397.11
414.00	397.44
415.00	395.73
416.00	396.14
417.00	394.22
418.00	394.83
419.00	393.63
420.00	398.61
421.00	391.83
422.00	394.11
423.00	388.28
424.00	394.68
425.00	399.23
426.00	393.75
427.00	401.90
428.00	396.04
429.00	398.08
430.00	391.53
431.00	390.52
432.00	390.59
433.00	394.94
434.00	394.74
435.00	389.91
436.00	385.37
437.00	396.02
438.00	400.30
439.00	397.61
440.00	395.24
441.00	402.68
442.00	395.89
443.00	395.06
444.00	393.80
445.00	398.23
446.00	397.79
447.00	396.33
448.00	395.27
449.00	399.11
450.00	399.14
451.00	404.51
452.00	398.12
453.00	399.91
454.00	394.67
455.00	400.10
456.00	395.82
457.00	398.34
458.00	396.91
459.00	393.57
460.00	393.71
461.00	400.40
462.00	401.69
463.00	399.97
464.00	396.00
465.00	397.61
466.00	399.94
467.00	398.25
468.00	406.33
469.00	396.16
470.00	399.32
471.00	404.16
472.00	402.53
473.00	400.20
474.00	399.93
475.00	398.43
476.00	399.15
477.00	397.31
478.00	395.49
479.00	394.05
480.00	397.01
481.00	396.32
482.00	398.84
483.00	402.78
484.00	387.45
485.00	397.36
486.00	397.62
487.00	394.24
488.00	398.80
489.00	395.14
490.00	399.25
491.00	397.98
492.00	397.57
493.00	406.56
494.00	397.73
495.00	405.84
496.00	400.03
497.00	399.08
498.00	396.07
499.00	400.67
500.00	402.21
501.00	399.64
502.00	401.70
503.00	392.07
504.00	396.58
505.00	404.30
506.00	402.52
507.00	400.12
508.00	399.35
509.00	403.15
510.00	397.45
511.00	396.37
512.00	400.32
513.00	405.85
514.00	400.97
515.00	399.49
516.00	400.93
517.00	398.94
518.00	405.51
519.00	399.67
520.00	400.82
521.00	396.59
522.00	397.62
523.00	402.61
524.00	386.74
525.00	400.50
526.00	407.88
527.00	400.30
528.00	396.38
529.00	404.77
530.00	398.25
531.00	402.11
532.00	402.74
533.00	398.92
534.00	408.10
535.00	399.97
536.00	403.71
537.00	408.77
538.00	401.63
539.00	399.92
540.00	399.08
541.00	393.50
542.00	400.33
543.00	397.21
544.00	401.63
545.00	398.76
546.00	386.89
547.00	393.90
548.00	400.70
549.00	402.40
550.00	397.44
551.00	399.38
552.00	397.30
553.00	398.92
554.00	397.10
555.00	402.52
556.00	402.80
557.00	403.61
558.00	408.51
559.00	399.18
560.00	406.51
561.00	402.63
562.00	405.17
563.00	402.27
564.00	405.66
565.00	404.81
566.00	397.49
567.00	404.85
568.00	401.04
569.00	402.69
570.00	395.90
571.00	407.42
572.00	398.16
573.00	401.60
574.00	403.08
575.00	412.27
576.00	397.33
577.00	400.18
578.00	402.11
579.00	399.89
580.00	404.62
581.00	399.11
582.00	403.71
583.00	401.70
584.00	402.37
585.00	401.37
586.00	400.17
587.00	406.72
588.00	399.83
589.00	397.92
590.00	400.21
591.00	399.49
592.00	400.87
593.00	402.50
594.00	403.91
595.00	397.81
596.00	398.89
597.00	400.76
598.00	412.99
599.00	407.24
600.00	402.85
601.00	401.41
602.00	403.30
603.00	402.91
604.00	408.65
605.00	400.29
606.00	405.19
607.00	405.10
608.00	405.09
609.00	402.43
610.00	406.33
611.00	402.98
612.00	401.94
613.00	411.58
614.00	406.68
615.00	405.75
616.00	409.99
617.00	407.24
618.00	407.15
619.00	408.22
620.00	401.55
621.00	404.35
622.00	405.39
623.00	407.24
624.00	405.11
625.00	406.34
626.00	409.89
627.00	408.57
628.00	414.05
629.00	408.93
630.00	409.27
631.00	407.95
632.00	406.25
633.00	406.94
634.00	407.25
635.00	411.22
636.00	408.87
637.00	411.86
638.00	404.27
639.00	407.31
640.00	405.14
641.00	407.41
642.00	405.11
643.00	412.14
644.00	410.42
645.00	409.18
646.00	409.55
647.00	406.10
648.00	413.57
649.00	413.73
650.00	409.66
651.00	412.15
652.00	408.59
653.00	407.98
654.00	411.97
655.00	407.11
656.00	410.06
657.00	404.63
658.00	407.18
659.00	412.15
660.00	410.41
661.00	408.25
662.00	408.05
663.00	415.80
664.00	409.94
665.00	414.33
666.00	415.19
667.00	408.58
668.00	407.05
669.00	408.59
670.00	412.56
671.00	404.67
672.00	411.49
673.00	405.40
674.00	411.80
675.00	416.54
676.00	411.28
677.00	417.34
678.00	411.26
679.00	412.50
680.00	411.54
681.00	409.54
682.00	413.87
683.00	411.42
684.00	410.15
685.00	413.05
686.00	412.62
687.00	412.18
688.00	402.14
689.00	410.09
690.00	410.09
691.00	415.86
692.00	407.71
693.00	413.18
694.00	409.43
695.00	413.04
696.00	412.87
697.00	411.18
698.00	411.58
699.00	413.01
700.00	418.02
701.00	415.66
702.00	409.88
703.00	407.13
704.00	414.30
705.00	418.39
706.00	413.42
707.00	415.32
708.00	409.27
709.00	415.34
710.00	415.62
711.00	407.64
712.00	410.03
713.00	414.34
714.00	410.57
715.00	410.20
716.00	415.36
717.00	416.35
718.00	414.53
719.00	412.95
720.00	415.28
721.00	412.27
722.00	415.62
723.00	420.63
724.00	420.94
725.00	415.45
726.00	415.59
727.00	420.86
728.00	423.03
729.00	417.57
730.00	425.47
731.00	425.85
732.00	424.51
733.00	418.72
734.00	421.90
735.00	423.65
736.00	424.91
737.00	423.30
738.00	422.27
739.00	431.70
740.00	427.07
741.00	430.37
742.00	436.37
743.00	432.62
744.00	431.98
745.00	437.26
746.00	440.31
747.00	437.67
748.00	435.22
749.00	439.06
750.00	441.71
751.00	445.65
752.00	446.45
753.00	450.88
754.00	453.86
755.00	455.59
756.00	462.69
757.00	461.74
758.00	463.13
759.00	473.97
760.00	474.49
761.00	482.52
762.00	489.20
763.00	489.42
764.00	505.19
765.00	507.41
766.00	528.08
767.00	544.61
768.00	568.51
769.00	589.08
770.00	655.50
771.00	669.71
772.00	682.53
773.00	748.90
774.00	734.43
775.00	800.78
776.00	1029.33
777.00	1891.27
778.00	2795.56
779.00	3948.62
780.00	3949.90
781.00	3944.25
782.00	3944.75
783.00	3907.38
784.00	579.06
785.00	439.91
786.00	305.16
787.00	234.42
788.00	186.88
789.00	148.67
790.00	120.15
791.00	114.92
792.00	91.78
793.00	91.12
794.00	81.79
795.00	73.11
796.00	65.68
797.00	56.87
798.00	59.94
799.00	43.25
800.00	41.82
801.00	39.24
802.00	34.48
803.00	33.67
804.00	35.79
805.00	30.79
806.00	30.34
807.00	28.20
808.00	26.06
809.00	20.69
810.00	19.18
811.00	12.75
812.00	19.96
813.00	17.94
814.00	12.76
815.00	11.86
816.00	13.13
817.00	12.44
818.00	12.43
819.00	10.49
820.00	10.93
821.00	11.16
822.00	10.02
823.00	10.57
824.00	7.15
825.00	10.89
826.00	11.53
827.00	7.11
828.00	11.86
829.00	10.59
830.00	7.28
831.00	4.82
832.00	7.98
833.00	7.13
834.00	8.94
835.00	2.50
836.00	9.26
837.00	9.16
838.00	3.58
839.00	6.89
840.00	5.06
841.00	5.22
842.00	8.28
843.00	9.83
844.00	4.91
845.00	2.88
846.00	3.60
847.00	6.93
848.00	8.48
849.00	8.72
850.00	10.71
851.00	5.76
852.00	6.01
853.00	7.16
854.00	-1.67
855.00	6.73
856.00	2.91
857.00	5.45
858.00	5.56
859.00	3.84
860.00	1.26
861.00	-2.05
862.00	5.20
863.00	1.64
864.00	8.59
865.00	-0.62
866.00	6.03
867.00	5.45
868.00	2.00
869.00	7.00
870.00	1.65
871.00	4.83
872.00	-2.15
873.00	0.93
874.00	0.51
875.00	2.85
876.00	-0.90
877.00	4.70
878.00	5.23
879.00	3.31
880.00	3.82
881.00	4.72
882.00	1.96
883.00	5.55
884.00	5.49
885.00	8.78
886.00	6.58
887.00	6.53
888.00	6.51
889.00	9.02
890.00	6.65
891.00	11.25
892.00	12.95
893.00	7.89
894.00	11.11
895.00	13.70
896.00	14.80
897.00	15.99
898.00	20.11
899.00	17.36
900.00	23.53
901.00	18.05
902.00	25.16
903.00	25.51
904.00	28.75
905.00	25.78
906.00	28.75
907.00	30.78
908.00	37.85
909.00	36.66
910.00	40.95
911.00	35.71
912.00	38.51
913.00	49.16
914.00	52.83
915.00	53.29
916.00	56.65
917.00	60.22
918.00	64.85
919.00	69.64
920.00	69.87
921.00	73.00
922.00	79.71
923.00	83.49
924.00	86.98
925.00	89.19
926.00	98.61
927.00	104.00
928.00	111.55
929.00	110.30
930.00	116.48
931.00	119.40
932.00	126.25
933.00	131.53
934.00	136.46
935.00	140.74
936.00	147.81
937.00	146.56
938.00	157.77
939.00	161.47
940.00	163.46
941.00	172.47
942.00	172.95
943.00	177.60
944.00	179.05
945.00	192.91
946.00	192.64
947.00	196.79
948.00	204.75
949.00	206.54
950.00	209.91
951.00	209.60
952.00	215.10
953.00	217.43
954.00	224.76
955.00	220.64
956.00	228.15
957.00	228.05
958.00	231.75
959.00	235.94
960.00	231.21
961.00	236.74
962.00	243.77
963.00	242.72
964.00	246.78
965.00	243.79
966.00	251.18
967.00	250.00
968.00	254.36
969.00	256.10
970.00	254.82
971.00	256.78
972.00	254.74
973.00	260.81
974.00	259.14
975.00	256.34
976.00	263.37
977.00	262.67
978.00	261.67
979.00	258.70
980.00	263.31
981.00	266.69
982.00	262.82
983.00	262.90
984.00	263.16
985.00	267.33
986.00	269.49
987.00	265.30
988.00	269.12
989.00	269.69
990.00	266.49
991.00	266.44
992.00	276.03
993.00	270.33
994.00	271.98
995.00	271.64
996.00	267.14
997.00	272.41
998.00	270.60
999.00	272.28
1000.00	276.82
>>>>>Finisci Dati dello Spettro Elaborati<<<<<
