82 - 368,97 - 59237,43
81 - 358,50 - 59226,96
80 - 352,93 - 59221,39
79 - 345,07 - 59213,53
78 - 341,26 - 59209,72
77 - 337,07 - 59205,53
76 - 332,54 - 59201,00
75 - 328,33 - 59196,79
74 - 324,05 - 59192,51
73 - 315,90 - 59184,36
72 - 312,16 - 59180,62
71 - 307,84 - 59176,30
70 - 299,54 - 59168,00
69 - 296,32 - 59164,78
68 - 291,18 - 59159,64
67 - 287,84 - 59156,30
66 - 283,39 - 59151,85
65 - 278,76 - 59147,22
64 - 272,59 - 59141,05
63 - 268,86 - 59137,32
62 - 262,94 - 59131,40
61 - 255,55 - 59124,01
60 - 251,15 - 59119,61
59 - 244,07 - 59112,53
58 - 236,30 - 59104,76
57 - 232,54 - 59101,00
56 - 229,79 - 59098,25
55 - 226,00 - 59094,46
54 - 222,45 - 59090,91
53 - 218,83 - 59087,29
52 - 215,97 - 59084,43
51 - 211,75 - 59080,21
50 - 205,30 - 59073,76
49 - 201,92 - 59070,38
48 - 198,62 - 59067,08
47 - 195,30 - 59063,76
46 - 191,99 - 59060,45
45 - 189,62 - 59058,08
44 - 186,16 - 59054,62
43 - 182,92 - 59051,38
42 - 176,83 - 59045,29
41 - 173,69 - 59042,15
40 - 170,28 - 59038,74
39 - 167,54 - 59036,00
38 - 161,80 - 59030,26
37 - 153,70 - 59022,16
36 - 150,98 - 59019,44
35 - 148,88 - 59017,34
34 - 145,97 - 59014,43
33 - 140,66 - 59009,12
32 - 131,06 - 58999,52
31 - 128,32 - 58996,78
30 - 125,71 - 58994,17
29 - 121,17 - 58989,63
28 - 118,98 - 58987,44
27 - 116,30 - 58984,76
26 - 114,49 - 58982,95
25 - 112,16 - 58980,62
24 - 103,54 - 58972,00
23 - 97,30 - 58965,76
22 - 92,12 - 58960,58
21 - 88,37 - 58956,83
20 - 78,93 - 58947,39
19 - 74,99 - 58943,45
18 - 72,01 - 58940,47
17 - 69,81 - 58938,27
16 - 66,70 - 58935,16
15 - 64,82 - 58933,28
14 - 61,76 - 58930,22
13 - 60,87 - 58929,33
12 - 60,15 - 58928,61
11 - 58,08 - 58926,54
10 - 57,23 - 58925,69
9 - 56,41 - 58924,87
8 - 55,68 - 58924,14
7 - 55,13 - 58923,59
6 - 54,08 - 58922,54
5 - 53,28 - 58921,74
4 - 52,53 - 58920,99
3 - 51,71 - 58920,17