167 - 336,56 - 65853,73
166 - 332,24 - 65849,41
165 - 329,11 - 65846,28
164 - 325,28 - 65842,45
163 - 321,94 - 65839,11
162 - 318,12 - 65835,29
161 - 314,77 - 65831,94
160 - 311,59 - 65828,76
159 - 308,37 - 65825,54
158 - 305,30 - 65822,47
157 - 301,46 - 65818,63
156 - 298,64 - 65815,81
155 - 295,31 - 65812,48
154 - 292,51 - 65809,68
153 - 288,90 - 65806,07
152 - 286,51 - 65803,68
151 - 283,12 - 65800,29
150 - 279,92 - 65797,09
149 - 277,30 - 65794,47
148 - 274,80 - 65791,97
147 - 270,87 - 65788,04
146 - 267,73 - 65784,90
145 - 264,58 - 65781,75
144 - 261,74 - 65778,91
143 - 258,70 - 65775,87
142 - 255,20 - 65772,37
141 - 252,44 - 65769,61
140 - 249,59 - 65766,76
139 - 246,74 - 65763,91
138 - 243,81 - 65760,98
137 - 240,74 - 65757,91
136 - 238,00 - 65755,17
135 - 235,15 - 65752,32
134 - 232,58 - 65749,75
133 - 229,87 - 65747,04
132 - 227,21 - 65744,38
131 - 224,43 - 65741,60
130 - 222,19 - 65739,36
129 - 219,53 - 65736,70
128 - 216,70 - 65733,87
127 - 213,64 - 65730,81
126 - 211,10 - 65728,27
125 - 208,87 - 65726,04
124 - 206,08 - 65723,25
123 - 203,94 - 65721,11
122 - 201,32 - 65718,49
121 - 198,89 - 65716,06
120 - 196,49 - 65713,66
119 - 194,29 - 65711,46
118 - 191,77 - 65708,94
117 - 189,36 - 65706,53
116 - 187,06 - 65704,23
115 - 184,96 - 65702,13
114 - 182,70 - 65699,87
113 - 180,29 - 65697,46
112 - 177,96 - 65695,13
111 - 175,99 - 65693,16
110 - 173,83 - 65691,00
109 - 171,56 - 65688,73
108 - 169,13 - 65686,30
107 - 167,18 - 65684,35
106 - 165,29 - 65682,46
105 - 162,94 - 65680,11
104 - 160,94 - 65678,11
103 - 158,82 - 65675,99
102 - 156,86 - 65674,03
101 - 154,88 - 65672,05
100 - 153,11 - 65670,28
99 - 151,23 - 65668,40
98 - 149,25 - 65666,42
97 - 147,50 - 65664,67
96 - 145,78 - 65662,95
95 - 143,71 - 65660,88
94 - 141,56 - 65658,73
93 - 139,90 - 65657,07
92 - 138,11 - 65655,28
91 - 136,52 - 65653,69
90 - 134,67 - 65651,84
89 - 132,77 - 65649,94
88 - 130,86 - 65648,03
87 - 129,32 - 65646,49
86 - 127,77 - 65644,94
85 - 125,81 - 65642,98
84 - 124,38 - 65641,55
83 - 122,79 - 65639,96
82 - 121,15 - 65638,32
81 - 119,52 - 65636,69
80 - 118,26 - 65635,43
79 - 116,47 - 65633,64
78 - 115,18 - 65632,35
77 - 113,55 - 65630,72
76 - 112,15 - 65629,32
75 - 110,51 - 65627,68
74 - 109,18 - 65626,35
73 - 107,92 - 65625,09
72 - 106,49 - 65623,66
71 - 105,24 - 65622,41
70 - 103,71 - 65620,88
69 - 102,52 - 65619,69
68 - 101,18 - 65618,35
67 - 99,55 - 65616,72
66 - 98,52 - 65615,69
65 - 96,99 - 65614,16
64 - 95,94 - 65613,11
63 - 94,44 - 65611,61
62 - 93,17 - 65610,34
61 - 91,94 - 65609,11
60 - 90,87 - 65608,04
59 - 89,47 - 65606,64
58 - 88,35 - 65605,52
57 - 87,07 - 65604,24
56 - 86,03 - 65603,20
55 - 84,85 - 65602,02
54 - 83,80 - 65600,97
53 - 82,53 - 65599,70
52 - 81,62 - 65598,79
51 - 80,66 - 65597,83
50 - 79,64 - 65596,81
49 - 78,26 - 65595,43
48 - 77,36 - 65594,53
47 - 76,28 - 65593,45
46 - 75,27 - 65592,44
45 - 74,27 - 65591,44
44 - 73,38 - 65590,55
43 - 72,37 - 65589,54
42 - 71,29 - 65588,46
41 - 70,46 - 65587,63
40 - 69,75 - 65586,92
39 - 68,62 - 65585,79
38 - 67,83 - 65585,00
37 - 67,10 - 65584,27
36 - 66,12 - 65583,29
35 - 65,19 - 65582,36
34 - 64,50 - 65581,67
33 - 63,63 - 65580,80
32 - 62,94 - 65580,11
31 - 62,10 - 65579,27
30 - 61,51 - 65578,68
29 - 60,68 - 65577,85
28 - 60,08 - 65577,25
27 - 59,38 - 65576,55
26 - 58,74 - 65575,91
25 - 58,09 - 65575,26
24 - 57,41 - 65574,58
23 - 56,69 - 65573,86
22 - 56,26 - 65573,43
21 - 55,40 - 65572,57
20 - 54,84 - 65572,01
19 - 54,40 - 65571,57
18 - 53,92 - 65571,09
17 - 53,41 - 65570,58
16 - 52,88 - 65570,05
15 - 52,39 - 65569,56
14 - 51,99 - 65569,16
13 - 51,48 - 65568,65
12 - 51,16 - 65568,33
11 - 50,78 - 65567,95
10 - 50,33 - 65567,50
9 - 49,81 - 65566,98
8 - 49,49 - 65566,66
7 - 49,17 - 65566,34
6 - 48,87 - 65566,04
5 - 48,60 - 65565,77
4 - 48,26 - 65565,43
3 - 47,99 - 65565,16
2 - 45,95 - 65563,12
1 - 27,92 - 65545,09