0.000000	0.085882
1.000000	0.085882
2.000000	0.085882
3.000000	0.085372
4.000000	0.085372
5.000000	0.086900
6.000000	0.086391
7.000000	0.086391
8.000000	0.085882
9.000000	0.085372
10.000000	0.085372
11.000000	0.085882
12.000000	0.086900
13.000000	0.085372
14.000000	0.085882
15.000000	0.085882
16.000000	0.085372
17.000000	0.086391
18.000000	0.086900
19.000000	0.085882
20.000000	0.085882
21.000000	0.086391
22.000000	0.085882
23.000000	0.085882
24.000000	0.085372
25.000000	0.085372
26.000000	0.085882
27.000000	0.085882
28.000000	0.085372
29.000000	0.085882
30.000000	0.084863
31.000000	0.084863
32.000000	0.085882
33.000000	0.086391
34.000000	0.085882
35.000000	0.085372
36.000000	0.085882
37.000000	0.085882
38.000000	0.085372
39.000000	0.085882
40.000000	0.085882
41.000000	0.086391
42.000000	0.085882
43.000000	0.085882
44.000000	0.085882
45.000000	0.085882
46.000000	0.084863
47.000000	0.085882
48.000000	0.085372
49.000000	0.085372
50.000000	0.085882
51.000000	0.085882
52.000000	0.086900
53.000000	0.085372
54.000000	0.086900
55.000000	0.085882
56.000000	0.085882
57.000000	0.085372
58.000000	0.086900
59.000000	0.085882
60.000000	0.086391
61.000000	0.085372
62.000000	0.085372
63.000000	0.085882
64.000000	0.085372
65.000000	0.085882
66.000000	0.085882
67.000000	0.085882
68.000000	0.085372
69.000000	0.084863
70.000000	0.085882
71.000000	0.085882
72.000000	0.085372
73.000000	0.085372
74.000000	0.086391
75.000000	0.085882
76.000000	0.085372
77.000000	0.085372
78.000000	0.086391
79.000000	0.085372
80.000000	0.085882
81.000000	0.085372
82.000000	0.086900
83.000000	0.085882
84.000000	0.085882
85.000000	0.086391
86.000000	0.085882
87.000000	0.086391
88.000000	0.085882
89.000000	0.085882
90.000000	0.086900
91.000000	0.085882
92.000000	0.085372
93.000000	0.085882
94.000000	0.085882
95.000000	0.085372
96.000000	0.084863
97.000000	0.085372
98.000000	0.085882
99.000000	0.085372
100.000000	0.085372
101.000000	0.085882
102.000000	0.085372
103.000000	0.085882
104.000000	0.084863
105.000000	0.085882
106.000000	0.085882
107.000000	0.085882
108.000000	0.085882
109.000000	0.085372
110.000000	0.085882
111.000000	0.084863
112.000000	0.085882
113.000000	0.086391
114.000000	0.085882
115.000000	0.085882
116.000000	0.085882
117.000000	0.085882
118.000000	0.085882
119.000000	0.086391
120.000000	0.085372
121.000000	0.085882
122.000000	0.085882
123.000000	0.085882
124.000000	0.084863
125.000000	0.086391
126.000000	0.085882
127.000000	0.085882
128.000000	0.085882
129.000000	0.085372
130.000000	0.085372
131.000000	0.085372
132.000000	0.085882
133.000000	0.085882
134.000000	0.086391
135.000000	0.085882
136.000000	0.086391
137.000000	0.086391
138.000000	0.085372
139.000000	0.085882
140.000000	0.085882
141.000000	0.085882
142.000000	0.085882
143.000000	0.085372
144.000000	0.085882
145.000000	0.086391
146.000000	0.085882
147.000000	0.084354
148.000000	0.086391
149.000000	0.085882
150.000000	0.085372
151.000000	0.085882
152.000000	0.085882
153.000000	0.086391
154.000000	0.086391
155.000000	0.085372
156.000000	0.086391
157.000000	0.086391
158.000000	0.085882
159.000000	0.085882
160.000000	0.085372
161.000000	0.086391
162.000000	0.085372
163.000000	0.085882
164.000000	0.085372
165.000000	0.085372
166.000000	0.086391
167.000000	0.086391
168.000000	0.085372
169.000000	0.085372
170.000000	0.085882
171.000000	0.085882
172.000000	0.085882
173.000000	0.086391
174.000000	0.085882
175.000000	0.085882
176.000000	0.086391
177.000000	0.085882
178.000000	0.085372
179.000000	0.085882
180.000000	0.085882
181.000000	0.085882
182.000000	0.085372
183.000000	0.085882
184.000000	0.085882
185.000000	0.085882
186.000000	0.085882
187.000000	0.084863
188.000000	0.085882
189.000000	0.085882
190.000000	0.085372
191.000000	0.085372
192.000000	0.085882
193.000000	0.085882
194.000000	0.085372
195.000000	0.084863
196.000000	0.085882
197.000000	0.085372
198.000000	0.085372
199.000000	0.085372
200.000000	0.085882
201.000000	0.085882
202.000000	0.086391
203.000000	0.085882
204.000000	0.085882
205.000000	0.084863
206.000000	0.085882
207.000000	0.085372
208.000000	0.085372
209.000000	0.085882
210.000000	0.085372
211.000000	0.085882
212.000000	0.084863
213.000000	0.085882
214.000000	0.085882
215.000000	0.085372
216.000000	0.085372
217.000000	0.085882
218.000000	0.085882
219.000000	0.086391
220.000000	0.085372
221.000000	0.085372
222.000000	0.085882
223.000000	0.085882
224.000000	0.086391
225.000000	0.085882
226.000000	0.085882
227.000000	0.085372
228.000000	0.085882
229.000000	0.085882
230.000000	0.085372
231.000000	0.085882
232.000000	0.085882
233.000000	0.086900
234.000000	0.085372
235.000000	0.085372
236.000000	0.085372
237.000000	0.086391
238.000000	0.086900
239.000000	0.085372
240.000000	0.085882
241.000000	0.086900
242.000000	0.084863
243.000000	0.085882
244.000000	0.085882
245.000000	0.085372
246.000000	0.085882
247.000000	0.084863
248.000000	0.086391
249.000000	0.084863
250.000000	0.086391
251.000000	0.084863
252.000000	0.085882
253.000000	0.085882
254.000000	0.084863
255.000000	0.085372
256.000000	0.086391
257.000000	0.085882
258.000000	0.086391
259.000000	0.085372
260.000000	0.086900
261.000000	0.085882
262.000000	0.084863
263.000000	0.085882
264.000000	0.085882
265.000000	0.085372
266.000000	0.085882
267.000000	0.086391
268.000000	0.084863
269.000000	0.085372
270.000000	0.083845
271.000000	0.082826
272.000000	0.081808
273.000000	0.084354
274.000000	0.091992
275.000000	0.106758
276.000000	0.135272
277.000000	0.168877
278.000000	0.197391
279.000000	0.240671
280.000000	0.312974
281.000000	0.343525
282.000000	0.350653
283.000000	0.352690
284.000000	0.356763
285.000000	0.362873
286.000000	0.368983
287.000000	0.364401
288.000000	0.367965
289.000000	0.374075
290.000000	0.377639
291.000000	0.375603
292.000000	0.377130
293.000000	0.381713
294.000000	0.385277
295.000000	0.386805
296.000000	0.388841
297.000000	0.391387
298.000000	0.392915
299.000000	0.394442
300.000000	0.398006
301.000000	0.399534
302.000000	0.400552
303.000000	0.401571
304.000000	0.403098
305.000000	0.406153
306.000000	0.407681
307.000000	0.406662
308.000000	0.407681
309.000000	0.405644
310.000000	0.403607
311.000000	0.401061
312.000000	0.401061
313.000000	0.401571
314.000000	0.403098
315.000000	0.404626
316.000000	0.407172
317.000000	0.408190
318.000000	0.407681
319.000000	0.407681
320.000000	0.408699
321.000000	0.408699
322.000000	0.410227
323.000000	0.412263
324.000000	0.413791
325.000000	0.411754
326.000000	0.411754
327.000000	0.412263
328.000000	0.412773
329.000000	0.412773
330.000000	0.412773
331.000000	0.414300
332.000000	0.413791
333.000000	0.413791
334.000000	0.411754
335.000000	0.410736
336.000000	0.408699
337.000000	0.408190
338.000000	0.408190
339.000000	0.407172
340.000000	0.405644
341.000000	0.405644
342.000000	0.405644
343.000000	0.408699
344.000000	0.409717
345.000000	0.410227
346.000000	0.410227
347.000000	0.409208
348.000000	0.409208
349.000000	0.408699
350.000000	0.410227
351.000000	0.407681
352.000000	0.407172
353.000000	0.406662
354.000000	0.406662
355.000000	0.406153
356.000000	0.407172
357.000000	0.406153
358.000000	0.407681
359.000000	0.406662
360.000000	0.403607
361.000000	0.405644
362.000000	0.404626
363.000000	0.405644
364.000000	0.405644
365.000000	0.406662
366.000000	0.407172
367.000000	0.406662
368.000000	0.408190
369.000000	0.408699
370.000000	0.408190
371.000000	0.407172
372.000000	0.406662
373.000000	0.406153
374.000000	0.408190
375.000000	0.408699
376.000000	0.408190
377.000000	0.408190
378.000000	0.407172
379.000000	0.407172
380.000000	0.407172
381.000000	0.405644
382.000000	0.389860
383.000000	0.377130
384.000000	0.371020
385.000000	0.382731
386.000000	0.394442
387.000000	0.392915
388.000000	0.386295
389.000000	0.377130
390.000000	0.370002
391.000000	0.368983
392.000000	0.376621
393.000000	0.390369
394.000000	0.399534
395.000000	0.403607
396.000000	0.397497
397.000000	0.387314
398.000000	0.376112
399.000000	0.370511
400.000000	0.373057
401.000000	0.379167
402.000000	0.387823
403.000000	0.395970
404.000000	0.402589
405.000000	0.405644
406.000000	0.402080
407.000000	0.395970
408.000000	0.388841
409.000000	0.377130
410.000000	0.376621
411.000000	0.377130
412.000000	0.370002
413.000000	0.366947
414.000000	0.365419
415.000000	0.363382
416.000000	0.362873
417.000000	0.363892
418.000000	0.363382
419.000000	0.366437
420.000000	0.377639
421.000000	0.391387
422.000000	0.402080
423.000000	0.405135
424.000000	0.396988
425.000000	0.385277
426.000000	0.375093
427.000000	0.381204
428.000000	0.393424
429.000000	0.402080
430.000000	0.401571
431.000000	0.386805
432.000000	0.376112
433.000000	0.378149
434.000000	0.389860
435.000000	0.401571
436.000000	0.405135
437.000000	0.389860
438.000000	0.393424
439.000000	0.390878
440.000000	0.386295
441.000000	0.376621
442.000000	0.383749
443.000000	0.389350
444.000000	0.396988
445.000000	0.390369
446.000000	0.380185
447.000000	0.372038
448.000000	0.366947
449.000000	0.364910
450.000000	0.365928
451.000000	0.366947
452.000000	0.368983
453.000000	0.370511
454.000000	0.370511
455.000000	0.369493
456.000000	0.376621
457.000000	0.390878
458.000000	0.389860
459.000000	0.382731
460.000000	0.373566
461.000000	0.367456
462.000000	0.363892
463.000000	0.359309
464.000000	0.356763
465.000000	0.354726
466.000000	0.353199
467.000000	0.352690
468.000000	0.353199
469.000000	0.352690
470.000000	0.351671
471.000000	0.353708
472.000000	0.354726
473.000000	0.356254
474.000000	0.356763
475.000000	0.359818
476.000000	0.362364
477.000000	0.365419
478.000000	0.371529
479.000000	0.376621
480.000000	0.379676
481.000000	0.384259
482.000000	0.385277
483.000000	0.385277
484.000000	0.383240
485.000000	0.383240
486.000000	0.385277
487.000000	0.386805
488.000000	0.388332
489.000000	0.386295
490.000000	0.384259
491.000000	0.383240
492.000000	0.382222
493.000000	0.383240
494.000000	0.382222
495.000000	0.381713
496.000000	0.380185
497.000000	0.380694
498.000000	0.389350
499.000000	0.395970
500.000000	0.395461
501.000000	0.388841
502.000000	0.393933
503.000000	0.393424
504.000000	0.398516
505.000000	0.384259
506.000000	0.371529
507.000000	0.379167
508.000000	0.379676
509.000000	0.380694
510.000000	0.381713
511.000000	0.383749
512.000000	0.382731
513.000000	0.385277
514.000000	0.387823
515.000000	0.385277
516.000000	0.385277
517.000000	0.386295
518.000000	0.383240
519.000000	0.382731
520.000000	0.379676
521.000000	0.375603
522.000000	0.373057
523.000000	0.370002
524.000000	0.368983
525.000000	0.366947
526.000000	0.367965
527.000000	0.367965
528.000000	0.366947
529.000000	0.364401
530.000000	0.362364
531.000000	0.362873
532.000000	0.361346
533.000000	0.361346
534.000000	0.362873
535.000000	0.362873
536.000000	0.361855
537.000000	0.358291
538.000000	0.360327
539.000000	0.360327
540.000000	0.364401
541.000000	0.362873
542.000000	0.363892
543.000000	0.362873
544.000000	0.360327
545.000000	0.360837
546.000000	0.357272
547.000000	0.357272
548.000000	0.357272
549.000000	0.359818
550.000000	0.362364
551.000000	0.358800
552.000000	0.356763
553.000000	0.357782
554.000000	0.358291
555.000000	0.356763
556.000000	0.359818
557.000000	0.359818
558.000000	0.361855
559.000000	0.357272
560.000000	0.357782
561.000000	0.357272
562.000000	0.360837
563.000000	0.357272
564.000000	0.367456
565.000000	0.367456
566.000000	0.364910
567.000000	0.362873
568.000000	0.359818
569.000000	0.360327
570.000000	0.354217
571.000000	0.377639
572.000000	0.380694
573.000000	0.389350
574.000000	0.382222
575.000000	0.362364
576.000000	0.366947
577.000000	0.348616
578.000000	0.340979
579.000000	0.404117
580.000000	0.440268
581.000000	0.400552
582.000000	0.383749
583.000000	0.374075
584.000000	0.397497
585.000000	0.439250
586.000000	0.432630
587.000000	0.373566
588.000000	0.383749
589.000000	0.406153
590.000000	0.399025
591.000000	0.402080
592.000000	0.385277
593.000000	0.382731
594.000000	0.384768
595.000000	0.379167
596.000000	0.379676
597.000000	0.377639
598.000000	0.372548
599.000000	0.356254
600.000000	0.328249
601.000000	0.324685
602.000000	0.326213
603.000000	0.330795
604.000000	0.337924
605.000000	0.357272
606.000000	0.354217
607.000000	0.320102
608.000000	0.352181
609.000000	0.403607
610.000000	0.406153
611.000000	0.446887
612.000000	0.449942
613.000000	0.396988
614.000000	0.342506
615.000000	0.349126
616.000000	0.357272
617.000000	0.338942
618.000000	0.351671
619.000000	0.367456
620.000000	0.365928
621.000000	0.324176
622.000000	0.306355
623.000000	0.334359
624.000000	0.324685
625.000000	0.301263
626.000000	0.297699
627.000000	0.288024
628.000000	0.279878
629.000000	0.324685
630.000000	0.283442
631.000000	0.287515
632.000000	0.306864
633.000000	0.304318
634.000000	0.336396
635.000000	0.361855
636.000000	0.376621
637.000000	0.376112
638.000000	0.376112
639.000000	0.389860
640.000000	0.354217
641.000000	0.348107
642.000000	0.327740
643.000000	0.345052
644.000000	0.336905
645.000000	0.358291
646.000000	0.373057
647.000000	0.371020
648.000000	0.367456
649.000000	0.392915
650.000000	0.399534
651.000000	0.403098
652.000000	0.406153
653.000000	0.408699
654.000000	0.405135
655.000000	0.402080
656.000000	0.400043
657.000000	0.399025
658.000000	0.398006
659.000000	0.400043
660.000000	0.403607
661.000000	0.408699
662.000000	0.411245
663.000000	0.410227
664.000000	0.390369
665.000000	0.396479
666.000000	0.416846
667.000000	0.421429
668.000000	0.418373
669.000000	0.403607
670.000000	0.376621
671.000000	0.374584
672.000000	0.393424
673.000000	0.373057
674.000000	0.384259
675.000000	0.373566
676.000000	0.368983
677.000000	0.347089
678.000000	0.364401
679.000000	0.399025
680.000000	0.419392
681.000000	0.406153
682.000000	0.376112
683.000000	0.370511
684.000000	0.378658
685.000000	0.388332
686.000000	0.360837
687.000000	0.333850
688.000000	0.375093
689.000000	0.409208
690.000000	0.430594
691.000000	0.441286
692.000000	0.451979
693.000000	0.460635
694.000000	0.458598
695.000000	0.456562
696.000000	0.459108
697.000000	0.461653
698.000000	0.460635
699.000000	0.461653
700.000000	0.468273
701.000000	0.475401
702.000000	0.482530
703.000000	0.487112
704.000000	0.486603
705.000000	0.486094
706.000000	0.483548
707.000000	0.476929
708.000000	0.471837
709.000000	0.468273
710.000000	0.469800
711.000000	0.396988
712.000000	0.322139
713.000000	0.284460
714.000000	0.268676
715.000000	0.265111
716.000000	0.261038
717.000000	0.232524
718.000000	0.243726
719.000000	0.250855
720.000000	0.254419
721.000000	0.259001
722.000000	0.264093
723.000000	0.266639
724.000000	0.269185
725.000000	0.268676
726.000000	0.269694
727.000000	0.269185
728.000000	0.270203
729.000000	0.271731
730.000000	0.273258
731.000000	0.271731
732.000000	0.272240
733.000000	0.272240
734.000000	0.272240
735.000000	0.273258
736.000000	0.271731
737.000000	0.271222
738.000000	0.271731
739.000000	0.271731
740.000000	0.271222
741.000000	0.272240
742.000000	0.273258
743.000000	0.266130
744.000000	0.258492
745.000000	0.256455
746.000000	0.254928
747.000000	0.253400
748.000000	0.247290
749.000000	0.244235
750.000000	0.245763
751.000000	0.248309
752.000000	0.252891
753.000000	0.253910
754.000000	0.253400
755.000000	0.255946
756.000000	0.260020
757.000000	0.265111
758.000000	0.267148
759.000000	0.268676
760.000000	0.270712
761.000000	0.270712
762.000000	0.269694
763.000000	0.266130
764.000000	0.207575
765.000000	0.165822
766.000000	0.158694
767.000000	0.184662
768.000000	0.156657
769.000000	0.204010
770.000000	0.180588
771.000000	0.195864
772.000000	0.187208
773.000000	0.137817
774.000000	0.157675
775.000000	0.116432
776.000000	0.094538
777.000000	0.084863
778.000000	0.083845
779.000000	0.098102
780.000000	0.109813
781.000000	0.123051
782.000000	0.142400
783.000000	0.155129
784.000000	0.168368
785.000000	0.183643
786.000000	0.195354
787.000000	0.211648
788.000000	0.229978
789.000000	0.243726
790.000000	0.249327
791.000000	0.248309
792.000000	0.248818
793.000000	0.250855
794.000000	0.254419
795.000000	0.258492
796.000000	0.261038
797.000000	0.264093
798.000000	0.266130
799.000000	0.265621
800.000000	0.263075
801.000000	0.257983
802.000000	0.254419
803.000000	0.251873
804.000000	0.250855
805.000000	0.253910
806.000000	0.257474
807.000000	0.256455
808.000000	0.254419
809.000000	0.256965
810.000000	0.254928
811.000000	0.244744
812.000000	0.245254
813.000000	0.249327
814.000000	0.254928
815.000000	0.254928
816.000000	0.254928
817.000000	0.270712
818.000000	0.273767
819.000000	0.272749
820.000000	0.271731
821.000000	0.271731
822.000000	0.271731
823.000000	0.269694
824.000000	0.268676
825.000000	0.267657
826.000000	0.268167
827.000000	0.265111
828.000000	0.260529
829.000000	0.257983
830.000000	0.259511
831.000000	0.263075
832.000000	0.263584
833.000000	0.264093
834.000000	0.264093
835.000000	0.265111
836.000000	0.268676
837.000000	0.264093
838.000000	0.257983
839.000000	0.257983
840.000000	0.261038
841.000000	0.259511
842.000000	0.256455
843.000000	0.256965
844.000000	0.259511
845.000000	0.261038
846.000000	0.259511
847.000000	0.259001
848.000000	0.260529
849.000000	0.263584
850.000000	0.263584
851.000000	0.263584
852.000000	0.262566
853.000000	0.260529
854.000000	0.257983
855.000000	0.256455
856.000000	0.255946
857.000000	0.254928
858.000000	0.254928
859.000000	0.259511
860.000000	0.258492
861.000000	0.250345
862.000000	0.245763
863.000000	0.249836
864.000000	0.249836
865.000000	0.247290
866.000000	0.247290
867.000000	0.241689
868.000000	0.239143
869.000000	0.236598
870.000000	0.243217
871.000000	0.248309
872.000000	0.242199
873.000000	0.247799
874.000000	0.248309
875.000000	0.246781
876.000000	0.246272
877.000000	0.241689
878.000000	0.239653
879.000000	0.238125
880.000000	0.238125
881.000000	0.237616
882.000000	0.237616
883.000000	0.232524
884.000000	0.233033
885.000000	0.238634
886.000000	0.241180
887.000000	0.242199
888.000000	0.250345
889.000000	0.255437
890.000000	0.257474
891.000000	0.260529
892.000000	0.263584
893.000000	0.265111
894.000000	0.266639
895.000000	0.265111
896.000000	0.262566
897.000000	0.266130
898.000000	0.269694
899.000000	0.270203
900.000000	0.268676
901.000000	0.265621
902.000000	0.257983
903.000000	0.252382
904.000000	0.248818
905.000000	0.254419
906.000000	0.259001
907.000000	0.259511
908.000000	0.260529
909.000000	0.259001
910.000000	0.255437
911.000000	0.253910
912.000000	0.251873
913.000000	0.248818
914.000000	0.243217
915.000000	0.236088
916.000000	0.233033
917.000000	0.230997
918.000000	0.227432
919.000000	0.222341
920.000000	0.222850
921.000000	0.232524
922.000000	0.241689
923.000000	0.242199
924.000000	0.248818
925.000000	0.250855
926.000000	0.252382
927.000000	0.248818
928.000000	0.249836
929.000000	0.248309
930.000000	0.245763
931.000000	0.246272
932.000000	0.247799
933.000000	0.246781
934.000000	0.244235
935.000000	0.240671
936.000000	0.243217
937.000000	0.241689
938.000000	0.241689
939.000000	0.241689
940.000000	0.247799
941.000000	0.254928
942.000000	0.261547
943.000000	0.260529
944.000000	0.257474
945.000000	0.254928
946.000000	0.250855
947.000000	0.251873
948.000000	0.252382
949.000000	0.215721
950.000000	0.200446
951.000000	0.224377
952.000000	0.240671
953.000000	0.252382
954.000000	0.244744
955.000000	0.237616
956.000000	0.243726
957.000000	0.248818
958.000000	0.251364
959.000000	0.253910
960.000000	0.254928
961.000000	0.253910
962.000000	0.254419
963.000000	0.258492
964.000000	0.259001
965.000000	0.257474
966.000000	0.252891
967.000000	0.252382
968.000000	0.250345
969.000000	0.249327
970.000000	0.253400
971.000000	0.254928
972.000000	0.260529
973.000000	0.264602
974.000000	0.266639
975.000000	0.269185
976.000000	0.270203
977.000000	0.270203
978.000000	0.269694
979.000000	0.269185
980.000000	0.268167
981.000000	0.267657
982.000000	0.269185
983.000000	0.270203
984.000000	0.270712
985.000000	0.270712
986.000000	0.268167
987.000000	0.263075
988.000000	0.255437
989.000000	0.254928
990.000000	0.254928
991.000000	0.256965
992.000000	0.254419
993.000000	0.253400
994.000000	0.250855
995.000000	0.252382
996.000000	0.253400
997.000000	0.253400
998.000000	0.254419
999.000000	0.256965
1000.000000	0.256455
1001.000000	0.254928
1002.000000	0.248818
1003.000000	0.247290
1004.000000	0.209611
1005.000000	0.185680
1006.000000	0.180588
1007.000000	0.178552
1008.000000	0.173969
1009.000000	0.168368
1010.000000	0.167350
1011.000000	0.168877
1012.000000	0.169896
1013.000000	0.177533
1014.000000	0.177533
1015.000000	0.169896
1016.000000	0.165313
1017.000000	0.180588
1018.000000	0.189244
1019.000000	0.180079
1020.000000	0.169896
1021.000000	0.165313
1022.000000	0.171932
1023.000000	0.175496
1024.000000	0.187208
1025.000000	0.184662
1026.000000	0.178552
1027.000000	0.171932
1028.000000	0.166840
1029.000000	0.167859
1030.000000	0.168877
1031.000000	0.163785
1032.000000	0.181607
1033.000000	0.165822
1034.000000	0.171932
1035.000000	0.202483
1036.000000	0.192299
1037.000000	0.201974
1038.000000	0.239143
1039.000000	0.233543
1040.000000	0.235579
1041.000000	0.250855
1042.000000	0.229978
1043.000000	0.230487
1044.000000	0.233033
1045.000000	0.208593
1046.000000	0.198919
1047.000000	0.200955
1048.000000	0.214703
1049.000000	0.198919
1050.000000	0.184662
1051.000000	0.174478
1052.000000	0.193827
1053.000000	0.175496
1054.000000	0.169896
1055.000000	0.165313
1056.000000	0.165822
1057.000000	0.148001
1058.000000	0.137308
1059.000000	0.137817
1060.000000	0.159203
1061.000000	0.182116
1062.000000	0.188226
1063.000000	0.193827
1064.000000	0.199937
1065.000000	0.205029
1066.000000	0.206047
1067.000000	0.197900
1068.000000	0.192299
1069.000000	0.193827
1070.000000	0.201974
1071.000000	0.205029
1072.000000	0.207575
1073.000000	0.209611
1074.000000	0.210630
1075.000000	0.228451
1076.000000	0.173969
1077.000000	0.171932
1078.000000	0.141382
1079.000000	0.185680
1080.000000	0.228451
1081.000000	0.251364
1082.000000	0.192808
1083.000000	0.166331
1084.000000	0.135781
1085.000000	0.153093
1086.000000	0.171932
1087.000000	0.181607
1088.000000	0.196882
1089.000000	0.169386
1090.000000	0.214703
1091.000000	0.177024
1092.000000	0.163276
1093.000000	0.165313
1094.000000	0.203501
1095.000000	0.233033
1096.000000	0.252382
1097.000000	0.262056
1098.000000	0.266639
1099.000000	0.263075
1100.000000	0.250855
1101.000000	0.236598
1102.000000	0.222341
1103.000000	0.208593
1104.000000	0.220813
1105.000000	0.222341
1106.000000	0.222341
1107.000000	0.218267
1108.000000	0.221832
1109.000000	0.232015
1110.000000	0.241689
1111.000000	0.247799
1112.000000	0.254928
1113.000000	0.261547
1114.000000	0.265621
1115.000000	0.254928
1116.000000	0.182625
1117.000000	0.185171
1118.000000	0.173969
1119.000000	0.130180
1120.000000	0.150547
1121.000000	0.141891
1122.000000	0.169386
1123.000000	0.133744
1124.000000	0.137817
1125.000000	0.164804
1126.000000	0.193827
1127.000000	0.214703
1128.000000	0.230487
1129.000000	0.244744
1130.000000	0.256455
1131.000000	0.264602
1132.000000	0.263075
1133.000000	0.259511
1134.000000	0.255437
1135.000000	0.248309
1136.000000	0.241689
1137.000000	0.238125
1138.000000	0.227432
1139.000000	0.217758
1140.000000	0.212157
1141.000000	0.203501
1142.000000	0.194336
1143.000000	0.193827
1144.000000	0.200955
1145.000000	0.198919
1146.000000	0.185680
1147.000000	0.179570
1148.000000	0.175496
1149.000000	0.166331
1150.000000	0.154620
1151.000000	0.140363
1152.000000	0.142909
1153.000000	0.143928
1154.000000	0.148510
1155.000000	0.157675
1156.000000	0.157166
1157.000000	0.153093
1158.000000	0.149019
1159.000000	0.150547
1160.000000	0.160221
1161.000000	0.167859
1162.000000	0.168877
1163.000000	0.172951
1164.000000	0.169896
1165.000000	0.163276
1166.000000	0.156148
1167.000000	0.153093
1168.000000	0.154620
1169.000000	0.160730
1170.000000	0.167859
1171.000000	0.172441
1172.000000	0.176006
1173.000000	0.183643
1174.000000	0.201464
1175.000000	0.215212
1176.000000	0.225396
1177.000000	0.228451
1178.000000	0.226414
1179.000000	0.219795
1180.000000	0.212157
1181.000000	0.190772
1182.000000	0.170914
1183.000000	0.155639
1184.000000	0.150038
1185.000000	0.164804
1186.000000	0.173969
1187.000000	0.171932
1188.000000	0.162258
1189.000000	0.157166
1190.000000	0.155639
1191.000000	0.146983
1192.000000	0.145964
1193.000000	0.152584
1194.000000	0.159203
1195.000000	0.171423
1196.000000	0.181097
1197.000000	0.187717
1198.000000	0.192808
1199.000000	0.192299
1200.000000	0.196882
1201.000000	0.199428
1202.000000	0.197391
1203.000000	0.188735
1204.000000	0.178042
1205.000000	0.176006
1206.000000	0.181097
1207.000000	0.185680
1208.000000	0.192299
1209.000000	0.190772
1210.000000	0.189753
1211.000000	0.187717
1212.000000	0.189753
1213.000000	0.183134
1214.000000	0.169896
1215.000000	0.156657
1216.000000	0.159203
1217.000000	0.169386
1218.000000	0.183134
1219.000000	0.186698
1220.000000	0.177024
1221.000000	0.171932
1222.000000	0.179061
1223.000000	0.184152
1224.000000	0.187208
1225.000000	0.184662
1226.000000	0.174987
1227.000000	0.170405
1228.000000	0.170914
1229.000000	0.168877
1230.000000	0.162767
1231.000000	0.161240
1232.000000	0.162767
1233.000000	0.163276
1234.000000	0.168877
1235.000000	0.169386
1236.000000	0.168368
1237.000000	0.155129
1238.000000	0.144437
1239.000000	0.134762
1240.000000	0.128143
1241.000000	0.125597
1242.000000	0.118978
1243.000000	0.121015
1244.000000	0.125088
1245.000000	0.131707
1246.000000	0.137308
1247.000000	0.141382
1248.000000	0.137817
1249.000000	0.138327
1250.000000	0.137308
1251.000000	0.137308
1252.000000	0.134762
1253.000000	0.134762
1254.000000	0.133235
1255.000000	0.129671
1256.000000	0.125088
1257.000000	0.128143
1258.000000	0.133744
1259.000000	0.136290
1260.000000	0.139345
1261.000000	0.137308
1262.000000	0.136290
1263.000000	0.131707
1264.000000	0.131198
1265.000000	0.132726
1266.000000	0.132217
1267.000000	0.128652
1268.000000	0.125088
1269.000000	0.131707
1270.000000	0.134253
1271.000000	0.132726
1272.000000	0.131198
1273.000000	0.134762
1274.000000	0.136799
1275.000000	0.134762
1276.000000	0.140363
1277.000000	0.143418
1278.000000	0.145964
1279.000000	0.146983
1280.000000	0.153093
1281.000000	0.173969
1282.000000	0.211648
1283.000000	0.239143
1284.000000	0.253400
1285.000000	0.240671
1286.000000	0.213176
1287.000000	0.179061
1288.000000	0.134762
1289.000000	0.102175
1290.000000	0.085882
1291.000000	0.077226
1292.000000	0.073152
1293.000000	0.088937
1294.000000	0.113886
1295.000000	0.140873
1296.000000	0.165822
1297.000000	0.185171
1298.000000	0.199937
1299.000000	0.214194
1300.000000	0.232524
1301.000000	0.249327
1302.000000	0.261547
1303.000000	0.266130
1304.000000	0.268167
1305.000000	0.266130
1306.000000	0.265621
1307.000000	0.259001
1308.000000	0.232524
1309.000000	0.193827
1310.000000	0.152074
1311.000000	0.112359
1312.000000	0.088937
1313.000000	0.079771
1314.000000	0.084863
1315.000000	0.105230
1316.000000	0.137817
1317.000000	0.174987
1318.000000	0.211139
1319.000000	0.239653
1320.000000	0.255946
1321.000000	0.265111
1322.000000	0.268167
1323.000000	0.257983
1324.000000	0.232524
1325.000000	0.190772
1326.000000	0.146983
1327.000000	0.111340
1328.000000	0.090973
1329.000000	0.084354
1330.000000	0.079771
1331.000000	0.082317
1332.000000	0.091482
1333.000000	0.114395
1334.000000	0.145455
1335.000000	0.188226
1336.000000	0.220304
1337.000000	0.235070
1338.000000	0.245254
1339.000000	0.255946
1340.000000	0.263075
1341.000000	0.263584
1342.000000	0.266639
1343.000000	0.269694
1344.000000	0.263075
1345.000000	0.238125
1346.000000	0.206047
1347.000000	0.152584
1348.000000	0.110831
1349.000000	0.087918
1350.000000	0.078244
1351.000000	0.083845
1352.000000	0.107776
1353.000000	0.152584
1354.000000	0.198409
1355.000000	0.235579
1356.000000	0.250345
1357.000000	0.239143
1358.000000	0.214194
1359.000000	0.195354
1360.000000	0.172951
1361.000000	0.152584
1362.000000	0.117960
1363.000000	0.091992
1364.000000	0.079771
1365.000000	0.079262
1366.000000	0.091482
1367.000000	0.106758
1368.000000	0.127125
1369.000000	0.151565
1370.000000	0.182116
1371.000000	0.212157
1372.000000	0.237107
1373.000000	0.254928
1374.000000	0.265111
1375.000000	0.266639
1376.000000	0.260020
1377.000000	0.248309
1378.000000	0.222850
1379.000000	0.195354
1380.000000	0.160730
1381.000000	0.130689
1382.000000	0.105230
1383.000000	0.086391
1384.000000	0.075189
1385.000000	0.070097
1386.000000	0.068060
1387.000000	0.067042
1388.000000	0.066533
1389.000000	0.079262
1390.000000	0.125597
1391.000000	0.168877
1392.000000	0.204520
1393.000000	0.232524
1394.000000	0.252382
1395.000000	0.263584
1396.000000	0.264093
1397.000000	0.246781
1398.000000	0.215212
1399.000000	0.165313
1400.000000	0.118469
1401.000000	0.093010
1402.000000	0.085372
1403.000000	0.083845
1404.000000	0.088427
1405.000000	0.112359
1406.000000	0.149019
1407.000000	0.180588
1408.000000	0.205538
1409.000000	0.221832
1410.000000	0.237616
1411.000000	0.255437
1412.000000	0.264602
1413.000000	0.268676
1414.000000	0.266130
1415.000000	0.253400
1416.000000	0.237107
1417.000000	0.217758
1418.000000	0.193827
1419.000000	0.172951
1420.000000	0.145455
1421.000000	0.119487
1422.000000	0.102175
1423.000000	0.087409
1424.000000	0.077226
1425.000000	0.074170
1426.000000	0.082317
1427.000000	0.092501
1428.000000	0.100138
1429.000000	0.110322
1430.000000	0.123561
1431.000000	0.134762
1432.000000	0.162767
1433.000000	0.203501
1434.000000	0.234561
1435.000000	0.253910
1436.000000	0.261038
1437.000000	0.260529
1438.000000	0.262056
1439.000000	0.260529
1440.000000	0.254419
1441.000000	0.245763
1442.000000	0.236598
1443.000000	0.223868
1444.000000	0.207575
1445.000000	0.193827
1446.000000	0.179061
1447.000000	0.164804
1448.000000	0.152074
1449.000000	0.139854
1450.000000	0.124070
1451.000000	0.111340
1452.000000	0.095556
1453.000000	0.081808
1454.000000	0.074170
1455.000000	0.075189
1456.000000	0.079262
1457.000000	0.085372
1458.000000	0.096065
1459.000000	0.112359
1460.000000	0.136290
1461.000000	0.165822
1462.000000	0.195864
1463.000000	0.222850
1464.000000	0.244744
1465.000000	0.259001
1466.000000	0.266130
1467.000000	0.262566
1468.000000	0.260020
1469.000000	0.252891
1470.000000	0.237616
1471.000000	0.226414
1472.000000	0.216740
1473.000000	0.197900
1474.000000	0.171423
1475.000000	0.136799
1476.000000	0.107267
1477.000000	0.087409
1478.000000	0.076716
1479.000000	0.069588
1480.000000	0.067042
1481.000000	0.070606
1482.000000	0.081808
1483.000000	0.086391
1484.000000	0.092501
1485.000000	0.121015
1486.000000	0.160730
1487.000000	0.180588
1488.000000	0.183643
1489.000000	0.189753
1490.000000	0.199937
1491.000000	0.214194
1492.000000	0.225905
1493.000000	0.234561
1494.000000	0.240162
1495.000000	0.256455
1496.000000	0.265111
1497.000000	0.268676
1498.000000	0.271222
1499.000000	0.272240
1500.000000	0.272749
1501.000000	0.271731
1502.000000	0.272240
1503.000000	0.272749
1504.000000	0.271222
1505.000000	0.272749
1506.000000	0.274786
1507.000000	0.274786
1508.000000	0.274786
1509.000000	0.273258
1510.000000	0.273767
1511.000000	0.274786
1512.000000	0.275295
1513.000000	0.274277
1514.000000	0.274786
1515.000000	0.270203
1516.000000	0.264602
1517.000000	0.261038
1518.000000	0.261038
1519.000000	0.255946
1520.000000	0.251873
1521.000000	0.253910
1522.000000	0.256455
1523.000000	0.258492
1524.000000	0.255946
1525.000000	0.253400
1526.000000	0.252891
1527.000000	0.251873
1528.000000	0.248818
1529.000000	0.249836
1530.000000	0.251364
1531.000000	0.248309
1532.000000	0.244744
1533.000000	0.238634
1534.000000	0.238125
1535.000000	0.242708
1536.000000	0.242199
1537.000000	0.235579
1538.000000	0.224887
1539.000000	0.213685
1540.000000	0.207065
1541.000000	0.210120
1542.000000	0.210630
1543.000000	0.207065
1544.000000	0.209102
1545.000000	0.216740
1546.000000	0.224377
1547.000000	0.230487
1548.000000	0.229978
1549.000000	0.227942
1550.000000	0.223359
1551.000000	0.221832
1552.000000	0.220304
1553.000000	0.221322
1554.000000	0.221322
1555.000000	0.226923
1556.000000	0.232015
1557.000000	0.238634
1558.000000	0.243217
1559.000000	0.249327
1560.000000	0.254928
1561.000000	0.260529
1562.000000	0.265111
1563.000000	0.268167
1564.000000	0.270203
1565.000000	0.266639
1566.000000	0.262566
1567.000000	0.253400
1568.000000	0.240671
1569.000000	0.228451
1570.000000	0.228451
1571.000000	0.233033
1572.000000	0.234052
1573.000000	0.232015
1574.000000	0.237107
1575.000000	0.234561
1576.000000	0.225396
1577.000000	0.224887
1578.000000	0.227942
1579.000000	0.232015
1580.000000	0.231506
1581.000000	0.224887
1582.000000	0.215212
1583.000000	0.206047
1584.000000	0.205029
1585.000000	0.194336
1586.000000	0.182625
1587.000000	0.175496
1588.000000	0.177533
1589.000000	0.192299
1590.000000	0.210120
1591.000000	0.224377
1592.000000	0.229469
1593.000000	0.235070
1594.000000	0.240162
1595.000000	0.241689
1596.000000	0.234561
1597.000000	0.231506
1598.000000	0.229469
1599.000000	0.226414
1600.000000	0.222341
1601.000000	0.224377
1602.000000	0.223868
1603.000000	0.221322
1604.000000	0.217249
1605.000000	0.211139
1606.000000	0.204520
1607.000000	0.193827
1608.000000	0.188226
1609.000000	0.185171
1610.000000	0.180588
1611.000000	0.176006
1612.000000	0.177533
1613.000000	0.183643
1614.000000	0.184662
1615.000000	0.173460
1616.000000	0.157675
1617.000000	0.144946
1618.000000	0.144437
1619.000000	0.147492
1620.000000	0.152074
1621.000000	0.154111
1622.000000	0.156148
1623.000000	0.158694
1624.000000	0.150547
1625.000000	0.144946
1626.000000	0.144437
1627.000000	0.140363
1628.000000	0.136799
1629.000000	0.129161
1630.000000	0.122033
1631.000000	0.110831
1632.000000	0.105739
1633.000000	0.106249
1634.000000	0.110831
1635.000000	0.110831
1636.000000	0.103703
1637.000000	0.094538
1638.000000	0.091992
1639.000000	0.090973
1640.000000	0.090973
1641.000000	0.087918
1642.000000	0.086391
1643.000000	0.088427
1644.000000	0.096065
1645.000000	0.100648
1646.000000	0.104721
1647.000000	0.109813
1648.000000	0.117450
1649.000000	0.120505
1650.000000	0.123051
1651.000000	0.124070
1652.000000	0.125088
1653.000000	0.125088
1654.000000	0.117450
1655.000000	0.116941
1656.000000	0.127634
1657.000000	0.132726
1658.000000	0.134762
1659.000000	0.139854
1660.000000	0.138836
1661.000000	0.134762
1662.000000	0.128143
1663.000000	0.128143
1664.000000	0.123051
1665.000000	0.120505
1666.000000	0.122542
1667.000000	0.116432
1668.000000	0.108794
1669.000000	0.104721
1670.000000	0.103703
1671.000000	0.101666
1672.000000	0.102175
1673.000000	0.104212
1674.000000	0.102684
1675.000000	0.097593
1676.000000	0.102175
1677.000000	0.105739
1678.000000	0.104721
1679.000000	0.103703
1680.000000	0.105230
1681.000000	0.110322
1682.000000	0.119487
1683.000000	0.118469
1684.000000	0.111849
1685.000000	0.103193
1686.000000	0.096574
1687.000000	0.097593
1688.000000	0.099120
1689.000000	0.100138
1690.000000	0.105739
1691.000000	0.116941
1692.000000	0.127634
1693.000000	0.122542
1694.000000	0.114395
1695.000000	0.119996
1696.000000	0.114395
1697.000000	0.103193
1698.000000	0.099120
1699.000000	0.101157
1700.000000	0.114395
1701.000000	0.130689
1702.000000	0.138327
1703.000000	0.145455
1704.000000	0.153602
1705.000000	0.150547
1706.000000	0.140363
1707.000000	0.132726
1708.000000	0.131707
1709.000000	0.127634
1710.000000	0.132217
1711.000000	0.129161
1712.000000	0.127634
1713.000000	0.124579
1714.000000	0.112359
1715.000000	0.104721
1716.000000	0.104212
1717.000000	0.111849
1718.000000	0.110831
1719.000000	0.113886
1720.000000	0.125597
1721.000000	0.134762
1722.000000	0.142909
1723.000000	0.141382
1724.000000	0.136290
1725.000000	0.118469
1726.000000	0.103193
1727.000000	0.098102
1728.000000	0.094028
1729.000000	0.085882
1730.000000	0.075189
1731.000000	0.069588
1732.000000	0.067042
1733.000000	0.065514
1734.000000	0.068060
1735.000000	0.066024
1736.000000	0.067551
1737.000000	0.066533
1738.000000	0.065005
1739.000000	0.065514
1740.000000	0.068060
1741.000000	0.072643
1742.000000	0.074170
1743.000000	0.073152
1744.000000	0.073152
1745.000000	0.073661
1746.000000	0.073152
1747.000000	0.077226
1748.000000	0.080281
1749.000000	0.078244
1750.000000	0.073661
1751.000000	0.073152
1752.000000	0.070606
1753.000000	0.069079
1754.000000	0.067042
1755.000000	0.069588
1756.000000	0.091482
1757.000000	0.118978
1758.000000	0.151565
1759.000000	0.199937
1760.000000	0.233543
1761.000000	0.248818
1762.000000	0.260529
1763.000000	0.266639
1764.000000	0.262056
1765.000000	0.247799
1766.000000	0.228960
1767.000000	0.196882
1768.000000	0.156657
1769.000000	0.118469
1770.000000	0.093519
1771.000000	0.080790
1772.000000	0.088937
1773.000000	0.118978
1774.000000	0.158694
1775.000000	0.199428
1776.000000	0.227942
1777.000000	0.249327
1778.000000	0.244744
1779.000000	0.225396
1780.000000	0.209102
1781.000000	0.188735
1782.000000	0.153602
1783.000000	0.112868
1784.000000	0.088427
1785.000000	0.077226
1786.000000	0.076716
1787.000000	0.078244
1788.000000	0.089446
1789.000000	0.110322
1790.000000	0.144437
1791.000000	0.179570
1792.000000	0.219795
1793.000000	0.246272
1794.000000	0.254419
1795.000000	0.246781
1796.000000	0.214703
1797.000000	0.165313
1798.000000	0.122033
1799.000000	0.096574
1800.000000	0.094028
1801.000000	0.105739
1802.000000	0.124579
1803.000000	0.154620
1804.000000	0.196882
1805.000000	0.232015
1806.000000	0.252891
1807.000000	0.257983
1808.000000	0.230997
1809.000000	0.185171
1810.000000	0.143928
1811.000000	0.110322
1812.000000	0.086900
1813.000000	0.076207
1814.000000	0.074680
1815.000000	0.079262
1816.000000	0.108285
1817.000000	0.149019
1818.000000	0.191790
1819.000000	0.226923
1820.000000	0.247290
1821.000000	0.259511
1822.000000	0.264602
1823.000000	0.258492
1824.000000	0.237107
1825.000000	0.210120
1826.000000	0.171423
1827.000000	0.134253
1828.000000	0.105739
1829.000000	0.085882
1830.000000	0.077735
1831.000000	0.076716
1832.000000	0.077735
1833.000000	0.086391
1834.000000	0.113377
1835.000000	0.157166
1836.000000	0.197900
1837.000000	0.230997
1838.000000	0.247290
1839.000000	0.244744
1840.000000	0.222341
1841.000000	0.194336
1842.000000	0.164804
1843.000000	0.123051
1844.000000	0.094028
1845.000000	0.080281
1846.000000	0.078244
1847.000000	0.080790
1848.000000	0.088427
1849.000000	0.103193
1850.000000	0.141382
1851.000000	0.172951
1852.000000	0.202483
1853.000000	0.227432
1854.000000	0.242708
1855.000000	0.256455
1856.000000	0.263075
1857.000000	0.260529
1858.000000	0.254419
1859.000000	0.237107
1860.000000	0.211139
1861.000000	0.182625
1862.000000	0.153093
1863.000000	0.126106
1864.000000	0.103703
1865.000000	0.084354
1866.000000	0.076207
1867.000000	0.072134
1868.000000	0.074680
1869.000000	0.088427
1870.000000	0.115414
1871.000000	0.138327
1872.000000	0.160221
1873.000000	0.185680
1874.000000	0.213685
1875.000000	0.241180
1876.000000	0.253910
1877.000000	0.254419
1878.000000	0.238125
1879.000000	0.206556
1880.000000	0.166331
1881.000000	0.127125
1882.000000	0.097083
1883.000000	0.088937
1884.000000	0.094028
1885.000000	0.111849
1886.000000	0.140363
1887.000000	0.175496
1888.000000	0.217249
1889.000000	0.243217
1890.000000	0.253400
1891.000000	0.244744
1892.000000	0.220813
1893.000000	0.199937
1894.000000	0.177024
1895.000000	0.152584
1896.000000	0.116432
1897.000000	0.096065
1898.000000	0.115414
1899.000000	0.166331
1900.000000	0.210120
1901.000000	0.239143
1902.000000	0.252382
1903.000000	0.248309
1904.000000	0.230487
1905.000000	0.202992
1906.000000	0.172441
1907.000000	0.142909
1908.000000	0.125088
1909.000000	0.113377
1910.000000	0.094028
1911.000000	0.081299
1912.000000	0.091482
1913.000000	0.122033
1914.000000	0.163276
1915.000000	0.201464
1916.000000	0.227942
1917.000000	0.245254
1918.000000	0.256455
1919.000000	0.261547
1920.000000	0.256965
1921.000000	0.237616
1922.000000	0.208593
1923.000000	0.173460
1924.000000	0.140363
1925.000000	0.107776
1926.000000	0.090464
1927.000000	0.104721
1928.000000	0.134253
1929.000000	0.168368
1930.000000	0.205538
1931.000000	0.236088
1932.000000	0.251873
1933.000000	0.245763
1934.000000	0.221832
1935.000000	0.187208
1936.000000	0.146983
1937.000000	0.111340
1938.000000	0.089446
1939.000000	0.082826
1940.000000	0.095047
1941.000000	0.113886
1942.000000	0.137308
1943.000000	0.170405
1944.000000	0.207065
1945.000000	0.236598
1946.000000	0.250345
1947.000000	0.239653
1948.000000	0.218776
1949.000000	0.196882
1950.000000	0.166840
1951.000000	0.140873
1952.000000	0.119996
1953.000000	0.096065
1954.000000	0.081299
1955.000000	0.081299
1956.000000	0.096065
1957.000000	0.120505
1958.000000	0.149019
1959.000000	0.184152
1960.000000	0.214194
1961.000000	0.238634
1962.000000	0.253400
1963.000000	0.255437
1964.000000	0.237107
1965.000000	0.200446
1966.000000	0.157675
1967.000000	0.116432
1968.000000	0.089955
1969.000000	0.081299
1970.000000	0.084354
1971.000000	0.094028
1972.000000	0.112868
1973.000000	0.140873
1974.000000	0.175496
1975.000000	0.204520
1976.000000	0.227432
1977.000000	0.245254
1978.000000	0.257474
1979.000000	0.263075
1980.000000	0.266130
1981.000000	0.262056
1982.000000	0.256965
1983.000000	0.249836
1984.000000	0.225396
1985.000000	0.197391
1986.000000	0.176006
1987.000000	0.159203
1988.000000	0.138836
1989.000000	0.121015
1990.000000	0.104212
1991.000000	0.091992
1992.000000	0.085372
1993.000000	0.077735
1994.000000	0.072134
1995.000000	0.075698
1996.000000	0.082826
1997.000000	0.096065
1998.000000	0.112359
1999.000000	0.139345
2000.000000	0.168877
2001.000000	0.198409
2002.000000	0.222341
2003.000000	0.238634
2004.000000	0.250855
2005.000000	0.258492
2006.000000	0.264093
2007.000000	0.266639
2008.000000	0.269185
2009.000000	0.270712
2010.000000	0.271222
2011.000000	0.270712
2012.000000	0.270712
2013.000000	0.265621
2014.000000	0.257983
2015.000000	0.252891
2016.000000	0.250855
2017.000000	0.249836
2018.000000	0.245763
2019.000000	0.244744
2020.000000	0.241689
2021.000000	0.237616
2022.000000	0.238125
2023.000000	0.236598
2024.000000	0.239143
2025.000000	0.242708
2026.000000	0.246272
2027.000000	0.247799
2028.000000	0.249836
2029.000000	0.253910
2030.000000	0.258492
2031.000000	0.264093
2032.000000	0.267148
2033.000000	0.269185
2034.000000	0.270712
2035.000000	0.271222
2036.000000	0.270712
2037.000000	0.270203
2038.000000	0.270203
2039.000000	0.270712
2040.000000	0.271222
2041.000000	0.270203
2042.000000	0.270712
2043.000000	0.270712
2044.000000	0.270203
2045.000000	0.267657
2046.000000	0.264602
2047.000000	0.267148
2048.000000	0.268676
2049.000000	0.265111
2050.000000	0.265111
2051.000000	0.265111
2052.000000	0.264602
2053.000000	0.263584
2054.000000	0.263584
2055.000000	0.259001
2056.000000	0.240671
2057.000000	0.230997
2058.000000	0.226414
2059.000000	0.222341
2060.000000	0.220304
2061.000000	0.216740
2062.000000	0.202483
2063.000000	0.175496
2064.000000	0.164295
2065.000000	0.149019
2066.000000	0.138836
2067.000000	0.136290
2068.000000	0.139854
2069.000000	0.150547
2070.000000	0.153093
2071.000000	0.156148
2072.000000	0.157166
2073.000000	0.162767
2074.000000	0.165822
2075.000000	0.162767
2076.000000	0.161749
2077.000000	0.153602
2078.000000	0.147492
2079.000000	0.137817
2080.000000	0.133235
2081.000000	0.137817
2082.000000	0.146473
2083.000000	0.145455
2084.000000	0.137308
2085.000000	0.122542
2086.000000	0.106758
2087.000000	0.088937
2088.000000	0.077735
2089.000000	0.079771
2090.000000	0.089446
2091.000000	0.114395
2092.000000	0.154620
2093.000000	0.200955
2094.000000	0.230997
2095.000000	0.249327
2096.000000	0.259001
2097.000000	0.263584
2098.000000	0.253400
2099.000000	0.227942
2100.000000	0.203501
2101.000000	0.174478
2102.000000	0.135272
2103.000000	0.102175
2104.000000	0.112868
2105.000000	0.149019
2106.000000	0.191281
2107.000000	0.222341
2108.000000	0.242708
2109.000000	0.253910
2110.000000	0.229978
2111.000000	0.180079
2112.000000	0.132726
2113.000000	0.104212
2114.000000	0.086900
2115.000000	0.077735
2116.000000	0.072643
2117.000000	0.078244
2118.000000	0.110322
2119.000000	0.167859
2120.000000	0.215721
2121.000000	0.236088
2122.000000	0.217249
2123.000000	0.167859
2124.000000	0.118978
2125.000000	0.122033
2126.000000	0.165313
2127.000000	0.208593
2128.000000	0.237616
2129.000000	0.252891
2130.000000	0.255946
2131.000000	0.234561
2132.000000	0.193318
2133.000000	0.144946
2134.000000	0.107776
2135.000000	0.108285
2136.000000	0.126616
2137.000000	0.164804
2138.000000	0.209611
2139.000000	0.238634
2140.000000	0.240671
2141.000000	0.215721
2142.000000	0.171423
2143.000000	0.129161
2144.000000	0.099120
2145.000000	0.094028
2146.000000	0.111849
2147.000000	0.141891
2148.000000	0.179570
2149.000000	0.219795
2150.000000	0.243217
2151.000000	0.246781
2152.000000	0.236088
2153.000000	0.210120
2154.000000	0.166331
2155.000000	0.126616
2156.000000	0.099120
2157.000000	0.118978
2158.000000	0.172951
2159.000000	0.217758
2160.000000	0.208593
2161.000000	0.155129
2162.000000	0.111849
2163.000000	0.111849
2164.000000	0.143928
2165.000000	0.195864
2166.000000	0.232524
2167.000000	0.241689
2168.000000	0.199937
2169.000000	0.140363
2170.000000	0.109813
2171.000000	0.114905
2172.000000	0.128143
2173.000000	0.147492
2174.000000	0.186189
2175.000000	0.219795
2176.000000	0.236598
2177.000000	0.223868
2178.000000	0.196882
2179.000000	0.162767
2180.000000	0.133235
2181.000000	0.104721
2182.000000	0.085882
2183.000000	0.079262
2184.000000	0.086391
2185.000000	0.099629
2186.000000	0.125597
2187.000000	0.152074
2188.000000	0.178042
2189.000000	0.208593
2190.000000	0.234561
2191.000000	0.250855
2192.000000	0.259001
2193.000000	0.252891
2194.000000	0.242199
2195.000000	0.239143
2196.000000	0.237616
2197.000000	0.224377
2198.000000	0.204520
2199.000000	0.184662
2200.000000	0.165822
2201.000000	0.150547
2202.000000	0.126106
2203.000000	0.104212
2204.000000	0.083845
2205.000000	0.077735
2206.000000	0.071115
2207.000000	0.069079
2208.000000	0.068060
2209.000000	0.077226
2210.000000	0.104721
2211.000000	0.140873
2212.000000	0.173460
2213.000000	0.205538
2214.000000	0.234561
2215.000000	0.236598
2216.000000	0.196373
2217.000000	0.146473
2218.000000	0.108285
2219.000000	0.090464
2220.000000	0.103703
2221.000000	0.136799
2222.000000	0.179061
2223.000000	0.214194
2224.000000	0.239143
2225.000000	0.253400
2226.000000	0.241689
2227.000000	0.200446
2228.000000	0.145455
2229.000000	0.110831
2230.000000	0.121015
2231.000000	0.167350
2232.000000	0.216231
2233.000000	0.229469
2234.000000	0.203501
2235.000000	0.154620
2236.000000	0.112868
2237.000000	0.096574
2238.000000	0.117450
2239.000000	0.168368
2240.000000	0.212666
2241.000000	0.236598
2242.000000	0.210120
2243.000000	0.151565
2244.000000	0.118469
2245.000000	0.135781
2246.000000	0.173460
2247.000000	0.214703
2248.000000	0.240162
2249.000000	0.238634
2250.000000	0.227942
2251.000000	0.208084
2252.000000	0.176006
2253.000000	0.137308
2254.000000	0.105230
2255.000000	0.093519
2256.000000	0.121015
2257.000000	0.177533
2258.000000	0.220813
2259.000000	0.210120
2260.000000	0.158694
2261.000000	0.113886
2262.000000	0.114905
2263.000000	0.170405
2264.000000	0.218776
2265.000000	0.238634
2266.000000	0.230997
2267.000000	0.212157
2268.000000	0.178552
2269.000000	0.148510
2270.000000	0.124070
2271.000000	0.105230
2272.000000	0.090973
2273.000000	0.078753
2274.000000	0.077735
2275.000000	0.087918
2276.000000	0.113377
2277.000000	0.154620
2278.000000	0.201464
2279.000000	0.234052
2280.000000	0.247290
2281.000000	0.240671
2282.000000	0.217249
2283.000000	0.186189
2284.000000	0.151056
2285.000000	0.115414
2286.000000	0.093010
2287.000000	0.107776
2288.000000	0.135781
2289.000000	0.161240
2290.000000	0.184662
2291.000000	0.201974
2292.000000	0.221832
2293.000000	0.236088
2294.000000	0.246781
2295.000000	0.256455
2296.000000	0.263075
2297.000000	0.265111
2298.000000	0.263075
2299.000000	0.259001
2300.000000	0.253400
2301.000000	0.247799
2302.000000	0.244235
2303.000000	0.238634
2304.000000	0.234561
2305.000000	0.223359
2306.000000	0.209611
2307.000000	0.201974
2308.000000	0.197391
2309.000000	0.191790
2310.000000	0.187717
2311.000000	0.181097
2312.000000	0.173460
2313.000000	0.172441
2314.000000	0.170914
2315.000000	0.166331
2316.000000	0.157675
2317.000000	0.148510
2318.000000	0.138836
2319.000000	0.133235
2320.000000	0.130689
2321.000000	0.127125
2322.000000	0.122542
2323.000000	0.115414
2324.000000	0.109304
2325.000000	0.101157
2326.000000	0.091992
2327.000000	0.082826
2328.000000	0.075189
2329.000000	0.070097
2330.000000	0.068060
2331.000000	0.079262
2332.000000	0.089955
2333.000000	0.093519
2334.000000	0.090973
2335.000000	0.086391
2336.000000	0.078753
2337.000000	0.072134
2338.000000	0.069079
2339.000000	0.068060
2340.000000	0.066533
2341.000000	0.068570
2342.000000	0.076207
2343.000000	0.092501
2344.000000	0.119487
2345.000000	0.143928
2346.000000	0.159203
2347.000000	0.160730
2348.000000	0.150038
2349.000000	0.151565
2350.000000	0.164804
2351.000000	0.187717
2352.000000	0.208084
2353.000000	0.220304
2354.000000	0.225396
2355.000000	0.229469
2356.000000	0.228960
2357.000000	0.232524
2358.000000	0.229978
2359.000000	0.226414
2360.000000	0.229978
2361.000000	0.233033
2362.000000	0.234561
2363.000000	0.230487
2364.000000	0.228960
2365.000000	0.227942
2366.000000	0.221832
2367.000000	0.212157
2368.000000	0.201464
2369.000000	0.204520
2370.000000	0.212666
2371.000000	0.220813
2372.000000	0.223359
2373.000000	0.225396
2374.000000	0.228451
2375.000000	0.233543
2376.000000	0.238125
2377.000000	0.248818
2378.000000	0.258492
2379.000000	0.263075
2380.000000	0.265621
2381.000000	0.265111
2382.000000	0.265621
2383.000000	0.262566
2384.000000	0.259001
2385.000000	0.255946
2386.000000	0.253400
2387.000000	0.245254
2388.000000	0.229469
2389.000000	0.202483
2390.000000	0.169896
2391.000000	0.136799
2392.000000	0.108794
2393.000000	0.088427
2394.000000	0.077735
2395.000000	0.073152
2396.000000	0.068060
2397.000000	0.069079
2398.000000	0.077735
2399.000000	0.093519
2400.000000	0.108794
2401.000000	0.125088
2402.000000	0.148510
2403.000000	0.171423
2404.000000	0.197391
2405.000000	0.222341
2406.000000	0.240671
2407.000000	0.252382
2408.000000	0.260020
2409.000000	0.260529
2410.000000	0.249327
2411.000000	0.220304
2412.000000	0.170405
2413.000000	0.123561
2414.000000	0.097593
2415.000000	0.106758
2416.000000	0.139345
2417.000000	0.170914
2418.000000	0.193827
2419.000000	0.205538
2420.000000	0.220304
2421.000000	0.240671
2422.000000	0.248309
2423.000000	0.233033
2424.000000	0.212666
2425.000000	0.185680
2426.000000	0.145964
2427.000000	0.109304
2428.000000	0.091482
2429.000000	0.097593
2430.000000	0.142400
2431.000000	0.189753
2432.000000	0.225905
2433.000000	0.246781
2434.000000	0.256965
2435.000000	0.261038
2436.000000	0.259001
2437.000000	0.255437
2438.000000	0.244235
2439.000000	0.216740
2440.000000	0.176515
2441.000000	0.136799
2442.000000	0.105230
2443.000000	0.086900
2444.000000	0.082826
2445.000000	0.096574
2446.000000	0.116941
2447.000000	0.148001
2448.000000	0.179570
2449.000000	0.212666
2450.000000	0.239653
2451.000000	0.250345
2452.000000	0.246272
2453.000000	0.201974
2454.000000	0.140363
2455.000000	0.105739
2456.000000	0.102175
2457.000000	0.141382
2458.000000	0.195864
2459.000000	0.227432
2460.000000	0.217249
2461.000000	0.175496
2462.000000	0.130689
2463.000000	0.100138
2464.000000	0.084354
2465.000000	0.078753
2466.000000	0.092501
2467.000000	0.139854
2468.000000	0.193827
2469.000000	0.227942
2470.000000	0.234561
2471.000000	0.223868
2472.000000	0.193827
2473.000000	0.154111
2474.000000	0.116941
2475.000000	0.092501
2476.000000	0.091992
2477.000000	0.117450
2478.000000	0.152584
2479.000000	0.187208
2480.000000	0.214194
2481.000000	0.235579
2482.000000	0.250345
2483.000000	0.252891
2484.000000	0.242199
2485.000000	0.218267
2486.000000	0.182116
2487.000000	0.141891
2488.000000	0.107776
2489.000000	0.088427
2490.000000	0.087918
2491.000000	0.101666
2492.000000	0.140873
2493.000000	0.192808
2494.000000	0.228960
2495.000000	0.231506
2496.000000	0.200446
2497.000000	0.146473
2498.000000	0.108285
2499.000000	0.100138
2500.000000	0.110322
2501.000000	0.137817
2502.000000	0.178042
2503.000000	0.217758
2504.000000	0.241180
2505.000000	0.246781
2506.000000	0.232524
2507.000000	0.202483
2508.000000	0.162767
2509.000000	0.122542
2510.000000	0.096065
2511.000000	0.081808
2512.000000	0.085372
2513.000000	0.114905
2514.000000	0.156148
2515.000000	0.191281
2516.000000	0.220304
2517.000000	0.242708
2518.000000	0.252382
2519.000000	0.244744
2520.000000	0.234052
2521.000000	0.218267
2522.000000	0.191281
2523.000000	0.150038
2524.000000	0.110831
2525.000000	0.090464
2526.000000	0.086391
2527.000000	0.092501
2528.000000	0.105739
2529.000000	0.130180
2530.000000	0.170405
2531.000000	0.209611
2532.000000	0.236598
2533.000000	0.245254
2534.000000	0.241689
2535.000000	0.236088
2536.000000	0.225396
2537.000000	0.199428
2538.000000	0.163276
2539.000000	0.126616
2540.000000	0.100648
2541.000000	0.084863
2542.000000	0.081808
2543.000000	0.096065
2544.000000	0.133744
2545.000000	0.180079
2546.000000	0.213176
2547.000000	0.238125
2548.000000	0.251364
2549.000000	0.252891
2550.000000	0.232524
2551.000000	0.193827
2552.000000	0.145455
2553.000000	0.106758
2554.000000	0.088427
2555.000000	0.086900
2556.000000	0.099629
2557.000000	0.122542
2558.000000	0.154620
2559.000000	0.188735
2560.000000	0.220813
2561.000000	0.240671
2562.000000	0.240671
2563.000000	0.218776
2564.000000	0.180588
2565.000000	0.136799
2566.000000	0.103703
2567.000000	0.089955
2568.000000	0.099120
2569.000000	0.122033
2570.000000	0.150547
2571.000000	0.181097
2572.000000	0.210630
2573.000000	0.237616
2574.000000	0.246272
2575.000000	0.237107
2576.000000	0.213685
2577.000000	0.180079
2578.000000	0.138327
2579.000000	0.104212
2580.000000	0.090973
2581.000000	0.104721
2582.000000	0.144437
2583.000000	0.197391
2584.000000	0.229469
2585.000000	0.243726
2586.000000	0.240671
2587.000000	0.227942
2588.000000	0.197900
2589.000000	0.161240
2590.000000	0.123561
2591.000000	0.095556
2592.000000	0.085372
2593.000000	0.093010
2594.000000	0.118469
2595.000000	0.151056
2596.000000	0.187717
2597.000000	0.218267
2598.000000	0.242199
2599.000000	0.254419
2600.000000	0.254419
2601.000000	0.237616
2602.000000	0.196373
2603.000000	0.164804
2604.000000	0.148510
2605.000000	0.126106
2606.000000	0.097593
2607.000000	0.083336
2608.000000	0.077735
2609.000000	0.088427
2610.000000	0.120505
2611.000000	0.161240
2612.000000	0.202992
2613.000000	0.233543
2614.000000	0.244235
2615.000000	0.230997
2616.000000	0.204010
2617.000000	0.167350
2618.000000	0.125597
2619.000000	0.096065
2620.000000	0.092501
2621.000000	0.113377
2622.000000	0.151056
2623.000000	0.192808
2624.000000	0.224887
2625.000000	0.240671
2626.000000	0.224377
2627.000000	0.185680
2628.000000	0.140873
2629.000000	0.106249
2630.000000	0.087409
2631.000000	0.089446
2632.000000	0.104721
2633.000000	0.129671
2634.000000	0.159203
2635.000000	0.194336
2636.000000	0.228451
2637.000000	0.239653
2638.000000	0.221832
2639.000000	0.187208
2640.000000	0.170914
2641.000000	0.174987
2642.000000	0.174478
2643.000000	0.150038
2644.000000	0.126616
2645.000000	0.109304
2646.000000	0.097083
2647.000000	0.083336
2648.000000	0.074680
2649.000000	0.073152
2650.000000	0.077226
2651.000000	0.093010
2652.000000	0.116432
2653.000000	0.146983
2654.000000	0.177533
2655.000000	0.204010
2656.000000	0.230487
2657.000000	0.247290
2658.000000	0.246781
2659.000000	0.230997
2660.000000	0.200446
2661.000000	0.172951
2662.000000	0.133744
2663.000000	0.102175
2664.000000	0.084863
2665.000000	0.076207
2666.000000	0.075698
2667.000000	0.082826
2668.000000	0.100138
2669.000000	0.123561
2670.000000	0.145455
2671.000000	0.161240
2672.000000	0.173460
2673.000000	0.189244
2674.000000	0.207575
2675.000000	0.223868
2676.000000	0.239143
2677.000000	0.250345
2678.000000	0.256965
2679.000000	0.261038
2680.000000	0.256965
2681.000000	0.240671
2682.000000	0.220304
2683.000000	0.202992
2684.000000	0.187717
2685.000000	0.170405
2686.000000	0.153602
2687.000000	0.131707
2688.000000	0.112359
2689.000000	0.101157
2690.000000	0.094028
2691.000000	0.082826
2692.000000	0.075189
2693.000000	0.071115
2694.000000	0.069079
2695.000000	0.067042
2696.000000	0.066024
2697.000000	0.066533
2698.000000	0.065514
2699.000000	0.065514
2700.000000	0.066024
2701.000000	0.070606
2702.000000	0.080281
2703.000000	0.086900
2704.000000	0.091992
2705.000000	0.099120
2706.000000	0.117450
2707.000000	0.141382
2708.000000	0.152074
2709.000000	0.148510
2710.000000	0.146983
2711.000000	0.149019
2712.000000	0.156657
2713.000000	0.167350
2714.000000	0.181607
2715.000000	0.193318
2716.000000	0.198919
2717.000000	0.204010
2718.000000	0.210630
2719.000000	0.212666
2720.000000	0.215212
2721.000000	0.226414
2722.000000	0.235070
2723.000000	0.240162
2724.000000	0.243217
2725.000000	0.248309
2726.000000	0.250855
2727.000000	0.252891
2728.000000	0.256965
2729.000000	0.259001
2730.000000	0.258492
2731.000000	0.250855
2732.000000	0.239653
2733.000000	0.234052
2734.000000	0.232524
2735.000000	0.236088
2736.000000	0.241689
2737.000000	0.248309
2738.000000	0.252891
2739.000000	0.254928
2740.000000	0.256965
2741.000000	0.260529
2742.000000	0.262056
2743.000000	0.263075
2744.000000	0.263584
2745.000000	0.264602
2746.000000	0.265111
2747.000000	0.265621
2748.000000	0.264602
2749.000000	0.262056
2750.000000	0.261038
2751.000000	0.254928
2752.000000	0.253910
2753.000000	0.254419
2754.000000	0.256455
2755.000000	0.260529
2756.000000	0.262566
2757.000000	0.260020
2758.000000	0.258492
2759.000000	0.256455
2760.000000	0.252382
2761.000000	0.246781
2762.000000	0.237107
2763.000000	0.223359
2764.000000	0.206556
2765.000000	0.194336
2766.000000	0.186189
2767.000000	0.179570
2768.000000	0.174987
2769.000000	0.172951
2770.000000	0.171423
2771.000000	0.173969
2772.000000	0.182625
2773.000000	0.201464
2774.000000	0.218267
2775.000000	0.232524
2776.000000	0.240671
2777.000000	0.236598
2778.000000	0.228960
2779.000000	0.233543
2780.000000	0.244744
2781.000000	0.247290
2782.000000	0.242199
2783.000000	0.235579
2784.000000	0.235579
2785.000000	0.229469
2786.000000	0.218267
2787.000000	0.212666
2788.000000	0.204010
2789.000000	0.202483
2790.000000	0.207065
2791.000000	0.220304
2792.000000	0.229978
2793.000000	0.235579
2794.000000	0.242199
2795.000000	0.248818
2796.000000	0.251364
2797.000000	0.256455
2798.000000	0.258492
2799.000000	0.254419
2800.000000	0.223868
2801.000000	0.175496
2802.000000	0.137308
2803.000000	0.111340
2804.000000	0.089446
2805.000000	0.077226
2806.000000	0.076716
2807.000000	0.091992
2808.000000	0.111849
2809.000000	0.129671
2810.000000	0.159203
2811.000000	0.192299
2812.000000	0.224377
2813.000000	0.238634
2814.000000	0.230487
2815.000000	0.208084
2816.000000	0.179570
2817.000000	0.149529
2818.000000	0.114395
2819.000000	0.090973
2820.000000	0.084354
2821.000000	0.087918
2822.000000	0.102175
2823.000000	0.136799
2824.000000	0.174987
2825.000000	0.208593
2826.000000	0.228451
2827.000000	0.200446
2828.000000	0.149529
2829.000000	0.108794
2830.000000	0.092501
2831.000000	0.104212
2832.000000	0.135781
2833.000000	0.167859
2834.000000	0.199937
2835.000000	0.229469
2836.000000	0.244744
2837.000000	0.243726
2838.000000	0.240671
2839.000000	0.229469
2840.000000	0.218267
2841.000000	0.201464
2842.000000	0.183643
2843.000000	0.156657
2844.000000	0.122033
2845.000000	0.096574
2846.000000	0.113886
2847.000000	0.155129
2848.000000	0.194336
2849.000000	0.226414
2850.000000	0.243726
2851.000000	0.242199
2852.000000	0.212157
2853.000000	0.172441
2854.000000	0.128143
2855.000000	0.097593
2856.000000	0.091992
2857.000000	0.119487
2858.000000	0.170914
2859.000000	0.216740
2860.000000	0.226414
2861.000000	0.212157
2862.000000	0.174987
2863.000000	0.134762
2864.000000	0.103703
2865.000000	0.085372
2866.000000	0.078753
2867.000000	0.090973
2868.000000	0.121015
2869.000000	0.155129
2870.000000	0.186698
2871.000000	0.211648
2872.000000	0.234052
2873.000000	0.248818
2874.000000	0.254419
2875.000000	0.249327
2876.000000	0.238634
2877.000000	0.214194
2878.000000	0.179061
2879.000000	0.133744
2880.000000	0.101157
2881.000000	0.088937
2882.000000	0.098611
2883.000000	0.125597
2884.000000	0.157675
2885.000000	0.191790
2886.000000	0.223359
2887.000000	0.243726
2888.000000	0.245763
2889.000000	0.226923
2890.000000	0.192808
2891.000000	0.160221
2892.000000	0.129161
2893.000000	0.105230
2894.000000	0.087918
2895.000000	0.077735
2896.000000	0.088937
2897.000000	0.119996
2898.000000	0.155129
2899.000000	0.178552
2900.000000	0.201974
2901.000000	0.226414
2902.000000	0.243726
2903.000000	0.236598
2904.000000	0.196882
2905.000000	0.146983
2906.000000	0.108794
2907.000000	0.091992
2908.000000	0.102175
2909.000000	0.141382
2910.000000	0.188226
2911.000000	0.222341
2912.000000	0.241689
2913.000000	0.234052
2914.000000	0.183134
2915.000000	0.126616
2916.000000	0.122542
2917.000000	0.176006
2918.000000	0.209102
2919.000000	0.184152
2920.000000	0.140873
2921.000000	0.105230
2922.000000	0.089446
2923.000000	0.099629
2924.000000	0.132217
2925.000000	0.178042
2926.000000	0.214194
2927.000000	0.237616
2928.000000	0.250855
2929.000000	0.254928
2930.000000	0.244235
2931.000000	0.212157
2932.000000	0.158694
2933.000000	0.115414
2934.000000	0.097593
2935.000000	0.124579
2936.000000	0.177533
2937.000000	0.218776
2938.000000	0.238634
2939.000000	0.227942
2940.000000	0.196882
2941.000000	0.144946
2942.000000	0.107776
2943.000000	0.128652
2944.000000	0.190772
2945.000000	0.179570
2946.000000	0.125088
2947.000000	0.112359
2948.000000	0.140873
2949.000000	0.183643
2950.000000	0.218776
2951.000000	0.240671
2952.000000	0.251364
2953.000000	0.249836
2954.000000	0.235579
2955.000000	0.208593
2956.000000	0.170405
2957.000000	0.135781
2958.000000	0.107267
2959.000000	0.085882
2960.000000	0.079262
2961.000000	0.093010
2962.000000	0.143928
2963.000000	0.200446
2964.000000	0.227942
2965.000000	0.219286
2966.000000	0.184662
2967.000000	0.138327
2968.000000	0.101666
2969.000000	0.085372
2970.000000	0.079771
2971.000000	0.084354
2972.000000	0.093010
2973.000000	0.105230
2974.000000	0.127125
2975.000000	0.168368
2976.000000	0.210630
2977.000000	0.236088
2978.000000	0.243217
2979.000000	0.236598
2980.000000	0.213685
2981.000000	0.181097
2982.000000	0.150547
2983.000000	0.128143
2984.000000	0.107267
2985.000000	0.087409
2986.000000	0.077226
2987.000000	0.083845
2988.000000	0.102684
2989.000000	0.129671
2990.000000	0.142909
2991.000000	0.153093
2992.000000	0.168877
2993.000000	0.195354
2994.000000	0.223868
2995.000000	0.238634
2996.000000	0.250855
2997.000000	0.254928
2998.000000	0.250855
2999.000000	0.243217
3000.000000	0.228451
3001.000000	0.198919
3002.000000	0.170914
3003.000000	0.150038
3004.000000	0.118469
3005.000000	0.094028
3006.000000	0.080281
3007.000000	0.080281
3008.000000	0.088937
3009.000000	0.093519
3010.000000	0.098102
3011.000000	0.125597
3012.000000	0.160730
3013.000000	0.189753
3014.000000	0.214194
3015.000000	0.235070
3016.000000	0.248309
3017.000000	0.255946
3018.000000	0.254419
3019.000000	0.240671
3020.000000	0.222850
3021.000000	0.193827
3022.000000	0.149019
3023.000000	0.114905
3024.000000	0.090973
3025.000000	0.078244
3026.000000	0.072134
3027.000000	0.071625
3028.000000	0.079771
3029.000000	0.095556
3030.000000	0.114905
3031.000000	0.142909
3032.000000	0.170405
3033.000000	0.205029
3034.000000	0.232524
3035.000000	0.242708
3036.000000	0.236598
3037.000000	0.216740
3038.000000	0.185171
3039.000000	0.149529
3040.000000	0.113886
3041.000000	0.091482
3042.000000	0.106758
3043.000000	0.140873
3044.000000	0.174987
3045.000000	0.210120
3046.000000	0.235579
3047.000000	0.245254
3048.000000	0.229978
3049.000000	0.195354
3050.000000	0.158185
3051.000000	0.121524
3052.000000	0.093010
3053.000000	0.085372
3054.000000	0.096065
3055.000000	0.116941
3056.000000	0.141891
3057.000000	0.178552
3058.000000	0.210120
3059.000000	0.230997
3060.000000	0.244235
3061.000000	0.252382
3062.000000	0.248309
3063.000000	0.233543
3064.000000	0.203501
3065.000000	0.160730
3066.000000	0.117960
3067.000000	0.091482
3068.000000	0.080281
3069.000000	0.080281
3070.000000	0.087918
3071.000000	0.100648
3072.000000	0.111340
3073.000000	0.123051
3074.000000	0.136290
3075.000000	0.149019
3076.000000	0.173460
3077.000000	0.200955
3078.000000	0.223359
3079.000000	0.239653
3080.000000	0.249327
3081.000000	0.252891
3082.000000	0.246781
3083.000000	0.237616
3084.000000	0.229978
3085.000000	0.221322
3086.000000	0.207065
3087.000000	0.193827
3088.000000	0.178552
3089.000000	0.157675
3090.000000	0.132217
3091.000000	0.103703
3092.000000	0.085882
3093.000000	0.076716
3094.000000	0.072643
3095.000000	0.068060
3096.000000	0.066024
3097.000000	0.070606
3098.000000	0.069079
3099.000000	0.068060
3100.000000	0.069588
3101.000000	0.073152
3102.000000	0.081299
3103.000000	0.090464
3104.000000	0.094538
3105.000000	0.100648
3106.000000	0.107776
3107.000000	0.113377
3108.000000	0.122542
3109.000000	0.129671
3110.000000	0.127634
3111.000000	0.130689
3112.000000	0.135272
3113.000000	0.138836
3114.000000	0.137817
3115.000000	0.135272
3116.000000	0.131198
3117.000000	0.136799
3118.000000	0.182625
3119.000000	0.163276
3120.000000	0.161240
3121.000000	0.266639
3122.000000	0.225396
3123.000000	0.244235
3124.000000	0.392405
3125.000000	0.299226
3126.000000	0.302790
3127.000000	0.383749
3128.000000	0.312465
3129.000000	0.278859
3130.000000	0.266639
3131.000000	0.259001
3132.000000	0.259001
3133.000000	0.259001
3134.000000	0.260020
3135.000000	0.258492
3136.000000	0.257983
3137.000000	0.256965
3138.000000	0.257474
3139.000000	0.260529
3140.000000	0.260529
3141.000000	0.259511
3142.000000	0.258492
3143.000000	0.256965
3144.000000	0.254928
3145.000000	0.253910
3146.000000	0.252891
3147.000000	0.253910
3148.000000	0.254928
