0.000000	0.161749
1.000000	0.125088
2.000000	0.105739
3.000000	0.095556
4.000000	0.096065
5.000000	0.112359
6.000000	0.121524
7.000000	0.119487
8.000000	0.115414
9.000000	0.121015
10.000000	0.114395
11.000000	0.105739
12.000000	0.100138
13.000000	0.112868
14.000000	0.141891
15.000000	0.171423
16.000000	0.162767
17.000000	0.151056
18.000000	0.146983
19.000000	0.148001
20.000000	0.146983
21.000000	0.157675
22.000000	0.172951
23.000000	0.182116
24.000000	0.195864
25.000000	0.213685
26.000000	0.226414
27.000000	0.232524
28.000000	0.240671
29.000000	0.265111
30.000000	0.303809
31.000000	0.317557
32.000000	0.231506
33.000000	0.185680
34.000000	0.274277
35.000000	0.416337
36.000000	0.528355
37.000000	0.547704
38.000000	0.477438
39.000000	0.360327
40.000000	0.233033
41.000000	0.170405
42.000000	0.212666
43.000000	0.346580
44.000000	0.488131
45.000000	0.516644
46.000000	0.422447
47.000000	0.277841
48.000000	0.182116
49.000000	0.193318
50.000000	0.295153
51.000000	0.438231
52.000000	0.538539
53.000000	0.549232
54.000000	0.456562
55.000000	0.315520
56.000000	0.200955
57.000000	0.199428
58.000000	0.300754
59.000000	0.426011
60.000000	0.532938
61.000000	0.540576
62.000000	0.416846
63.000000	0.271222
64.000000	0.173969
65.000000	0.149019
66.000000	0.236598
67.000000	0.393424
68.000000	0.512062
69.000000	0.495259
70.000000	0.359818
71.000000	0.226923
72.000000	0.163276
73.000000	0.202483
74.000000	0.339451
75.000000	0.481002
76.000000	0.525810
77.000000	0.415318
78.000000	0.257983
79.000000	0.244235
80.000000	0.361346
81.000000	0.496787
82.000000	0.516644
83.000000	0.404626
84.000000	0.258492
85.000000	0.203501
86.000000	0.276313
87.000000	0.406153
88.000000	0.515626
89.000000	0.520718
90.000000	0.402589
91.000000	0.253910
92.000000	0.194336
93.000000	0.259511
94.000000	0.385277
95.000000	0.499332
96.000000	0.541085
97.000000	0.489658
98.000000	0.360327
99.000000	0.225905
100.000000	0.197391
101.000000	0.317047
102.000000	0.459108
103.000000	0.423974
104.000000	0.301263
105.000000	0.201464
106.000000	0.142909
107.000000	0.192808
108.000000	0.341997
109.000000	0.477947
110.000000	0.531920
111.000000	0.440268
112.000000	0.280387
113.000000	0.250855
114.000000	0.346580
115.000000	0.470819
116.000000	0.539557
117.000000	0.504424
118.000000	0.385277
119.000000	0.243217
120.000000	0.208084
121.000000	0.331304
122.000000	0.475401
123.000000	0.497805
124.000000	0.372038
125.000000	0.234052
126.000000	0.244744
127.000000	0.367965
128.000000	0.494750
129.000000	0.513589
130.000000	0.410227
131.000000	0.275804
132.000000	0.183134
133.000000	0.184152
134.000000	0.284969
135.000000	0.433140
136.000000	0.513589
137.000000	0.451979
138.000000	0.297699
139.000000	0.206047
140.000000	0.274786
141.000000	0.418883
142.000000	0.512062
143.000000	0.458089
144.000000	0.304827
145.000000	0.201464
146.000000	0.233543
147.000000	0.373057
148.000000	0.497805
149.000000	0.487112
150.000000	0.348616
151.000000	0.223868
152.000000	0.235070
153.000000	0.371020
154.000000	0.498314
155.000000	0.523773
156.000000	0.434667
157.000000	0.283442
158.000000	0.194845
159.000000	0.240671
160.000000	0.387314
161.000000	0.502897
162.000000	0.495259
163.000000	0.363382
164.000000	0.232015
165.000000	0.235070
166.000000	0.365928
167.000000	0.492204
168.000000	0.499332
169.000000	0.349126
170.000000	0.237616
171.000000	0.314502
172.000000	0.462163
173.000000	0.504933
174.000000	0.434667
175.000000	0.291589
176.000000	0.202483
177.000000	0.243726
178.000000	0.377639
179.000000	0.499332
180.000000	0.519190
181.000000	0.417355
182.000000	0.278859
183.000000	0.185680
184.000000	0.191790
185.000000	0.296680
186.000000	0.447906
187.000000	0.492204
188.000000	0.384768
189.000000	0.247799
190.000000	0.182116
191.000000	0.237107
192.000000	0.353199
193.000000	0.481511
194.000000	0.501878
195.000000	0.355236
196.000000	0.229469
197.000000	0.245763
198.000000	0.364910
199.000000	0.488640
200.000000	0.533956
201.000000	0.494750
202.000000	0.394442
203.000000	0.269185
204.000000	0.181607
205.000000	0.204520
206.000000	0.372548
207.000000	0.478456
208.000000	0.371020
209.000000	0.238125
210.000000	0.252891
211.000000	0.369493
212.000000	0.492204
213.000000	0.544140
214.000000	0.503406
215.000000	0.369493
216.000000	0.235579
217.000000	0.215212
218.000000	0.324176
219.000000	0.464708
220.000000	0.525810
221.000000	0.492713
222.000000	0.407681
223.000000	0.285479
224.000000	0.196882
225.000000	0.248818
226.000000	0.392405
227.000000	0.507988
228.000000	0.529883
229.000000	0.450961
230.000000	0.299735
231.000000	0.219286
232.000000	0.297699
233.000000	0.424484
234.000000	0.514608
235.000000	0.449433
236.000000	0.291589
237.000000	0.281914
238.000000	0.403098
239.000000	0.497296
240.000000	0.389350
241.000000	0.251364
242.000000	0.273767
243.000000	0.389350
244.000000	0.505443
245.000000	0.535993
246.000000	0.437213
247.000000	0.277841
248.000000	0.209611
249.000000	0.297699
250.000000	0.449942
251.000000	0.513589
252.000000	0.442814
253.000000	0.291079
254.000000	0.192808
255.000000	0.215721
256.000000	0.344034
257.000000	0.478456
258.000000	0.539557
259.000000	0.491695
260.000000	0.346580
261.000000	0.221832
262.000000	0.163276
263.000000	0.247799
264.000000	0.415828
265.000000	0.507988
266.000000	0.504424
267.000000	0.431103
268.000000	0.310428
269.000000	0.200955
270.000000	0.190772
271.000000	0.339451
272.000000	0.456052
273.000000	0.418883
274.000000	0.289552
275.000000	0.194336
276.000000	0.224377
277.000000	0.391387
278.000000	0.512571
279.000000	0.460126
280.000000	0.347598
281.000000	0.222341
282.000000	0.166331
283.000000	0.190263
284.000000	0.320102
285.000000	0.467254
286.000000	0.544649
287.000000	0.497805
288.000000	0.406153
289.000000	0.280896
290.000000	0.189753
291.000000	0.212666
292.000000	0.376112
293.000000	0.506461
294.000000	0.545158
295.000000	0.514099
296.000000	0.421938
297.000000	0.287515
298.000000	0.189244
299.000000	0.173969
300.000000	0.266130
301.000000	0.421429
302.000000	0.511043
303.000000	0.481002
304.000000	0.375603
305.000000	0.259001
306.000000	0.178552
307.000000	0.165313
308.000000	0.287006
309.000000	0.448415
310.000000	0.479984
311.000000	0.383240
312.000000	0.269694
313.000000	0.181097
314.000000	0.145455
315.000000	0.192808
316.000000	0.316029
317.000000	0.463690
318.000000	0.543122
319.000000	0.513589
320.000000	0.392915
321.000000	0.260529
322.000000	0.179570
323.000000	0.189753
324.000000	0.287006
325.000000	0.431612
326.000000	0.535993
327.000000	0.527337
328.000000	0.405644
329.000000	0.277332
330.000000	0.184662
331.000000	0.181097
332.000000	0.257983
333.000000	0.361346
334.000000	0.488131
335.000000	0.558397
336.000000	0.541085
337.000000	0.453507
338.000000	0.344543
339.000000	0.233543
340.000000	0.166840
341.000000	0.219286
342.000000	0.359309
343.000000	0.479475
344.000000	0.560434
345.000000	0.576727
346.000000	0.514608
347.000000	0.403098
348.000000	0.281914
349.000000	0.186698
350.000000	0.137817
351.000000	0.134253
352.000000	0.177533
353.000000	0.270712
354.000000	0.404626
355.000000	0.520718
356.000000	0.555342
357.000000	0.502897
358.000000	0.422956
359.000000	0.355745
360.000000	0.261038
361.000000	0.179061
362.000000	0.180588
363.000000	0.264093
364.000000	0.408699
365.000000	0.523264
366.000000	0.572145
367.000000	0.503406
368.000000	0.335378
369.000000	0.216231
370.000000	0.186189
371.000000	0.231506
372.000000	0.321630
373.000000	0.431103
374.000000	0.528865
375.000000	0.578764
376.000000	0.541085
377.000000	0.456562
378.000000	0.368983
379.000000	0.295153
380.000000	0.213685
381.000000	0.154620
382.000000	0.128652
383.000000	0.181607
384.000000	0.294135
385.000000	0.398006
386.000000	0.479475
387.000000	0.547195
388.000000	0.593021
389.000000	0.557379
390.000000	0.444851
391.000000	0.311446
392.000000	0.202483
393.000000	0.158694
394.000000	0.203501
395.000000	0.345052
396.000000	0.485585
397.000000	0.551778
398.000000	0.521227
399.000000	0.426011
400.000000	0.313992
401.000000	0.214703
402.000000	0.154620
403.000000	0.184152
404.000000	0.334359
405.000000	0.480493
406.000000	0.554323
407.000000	0.539557
408.000000	0.390369
409.000000	0.250855
410.000000	0.170405
411.000000	0.142909
412.000000	0.192808
413.000000	0.279368
414.000000	0.394442
415.000000	0.511043
416.000000	0.558397
417.000000	0.466236
418.000000	0.292607
419.000000	0.200446
420.000000	0.193318
421.000000	0.213176
422.000000	0.281405
423.000000	0.417864
424.000000	0.521227
425.000000	0.491186
426.000000	0.385277
427.000000	0.276823
428.000000	0.210120
429.000000	0.156657
430.000000	0.132217
431.000000	0.175496
432.000000	0.301772
433.000000	0.447906
434.000000	0.544140
435.000000	0.585892
436.000000	0.586911
437.000000	0.532938
438.000000	0.423465
439.000000	0.287515
440.000000	0.188226
441.000000	0.154111
442.000000	0.189753
443.000000	0.298717
444.000000	0.455543
445.000000	0.514099
446.000000	0.439250
447.000000	0.300754
448.000000	0.214703
449.000000	0.238634
450.000000	0.322139
451.000000	0.442814
452.000000	0.535993
453.000000	0.585892
454.000000	0.590475
455.000000	0.565016
456.000000	0.494241
457.000000	0.362873
458.000000	0.235579
459.000000	0.210120
460.000000	0.319084
461.000000	0.450452
462.000000	0.544140
463.000000	0.586402
464.000000	0.599640
465.000000	0.597603
466.000000	0.559415
467.000000	0.466745
468.000000	0.349635
469.000000	0.228960
470.000000	0.168877
471.000000	0.210120
472.000000	0.331814
473.000000	0.459617
474.000000	0.546177
475.000000	0.542103
476.000000	0.497296
477.000000	0.408190
478.000000	0.292607
479.000000	0.193827
480.000000	0.183643
481.000000	0.280896
482.000000	0.421938
483.000000	0.531920
484.000000	0.582328
485.000000	0.559415
486.000000	0.418373
487.000000	0.260020
488.000000	0.187717
489.000000	0.193827
490.000000	0.275295
491.000000	0.411754
492.000000	0.530392
493.000000	0.567562
494.000000	0.483039
495.000000	0.340470
496.000000	0.222850
497.000000	0.155639
498.000000	0.129671
499.000000	0.220304
500.000000	0.381204
501.000000	0.507479
502.000000	0.548213
503.000000	0.510025
504.000000	0.440268
505.000000	0.348616
506.000000	0.246272
507.000000	0.168368
508.000000	0.153093
509.000000	0.236598
510.000000	0.373566
511.000000	0.495768
512.000000	0.570617
513.000000	0.583346
514.000000	0.529883
515.000000	0.414809
516.000000	0.286497
517.000000	0.189753
518.000000	0.145964
519.000000	0.162258
520.000000	0.247799
521.000000	0.360837
522.000000	0.478456
523.000000	0.562470
524.000000	0.547195
525.000000	0.412773
526.000000	0.278859
527.000000	0.195354
528.000000	0.247799
529.000000	0.398516
530.000000	0.517663
531.000000	0.544140
532.000000	0.483548
533.000000	0.365928
534.000000	0.241689
535.000000	0.176515
536.000000	0.199428
537.000000	0.279878
538.000000	0.384259
539.000000	0.487112
540.000000	0.565016
541.000000	0.579782
542.000000	0.551778
543.000000	0.497296
544.000000	0.386805
545.000000	0.253910
546.000000	0.184662
547.000000	0.186189
548.000000	0.264093
549.000000	0.390369
550.000000	0.497805
551.000000	0.569599
552.000000	0.561452
553.000000	0.468273
554.000000	0.343525
555.000000	0.226414
556.000000	0.169386
557.000000	0.191281
558.000000	0.264602
559.000000	0.381204
560.000000	0.501369
561.000000	0.566544
562.000000	0.556360
563.000000	0.493222
564.000000	0.387314
565.000000	0.256965
566.000000	0.176006
567.000000	0.161240
568.000000	0.206047
569.000000	0.288024
570.000000	0.388841
571.000000	0.492713
572.000000	0.566544
573.000000	0.554323
574.000000	0.457580
575.000000	0.327231
576.000000	0.218776
577.000000	0.156148
578.000000	0.168877
579.000000	0.264602
580.000000	0.391896
581.000000	0.509007
582.000000	0.574690
583.000000	0.556360
584.000000	0.444851
585.000000	0.298208
586.000000	0.199937
587.000000	0.194845
588.000000	0.277841
589.000000	0.400552
590.000000	0.516644
591.000000	0.562470
592.000000	0.509007
593.000000	0.383749
594.000000	0.253910
595.000000	0.179061
596.000000	0.168368
597.000000	0.234561
598.000000	0.361855
599.000000	0.477438
600.000000	0.558906
601.000000	0.573672
602.000000	0.521227
603.000000	0.400043
604.000000	0.260529
605.000000	0.178042
606.000000	0.169386
607.000000	0.230997
608.000000	0.349635
609.000000	0.470309
610.000000	0.556360
611.000000	0.589966
612.000000	0.574181
613.000000	0.513589
614.000000	0.398516
615.000000	0.278350
616.000000	0.191790
617.000000	0.201974
618.000000	0.308391
619.000000	0.449433
620.000000	0.539557
621.000000	0.511553
622.000000	0.399025
623.000000	0.285479
624.000000	0.192808
625.000000	0.162767
626.000000	0.190772
627.000000	0.254928
628.000000	0.348107
629.000000	0.457071
630.000000	0.546177
631.000000	0.596585
632.000000	0.599131
633.000000	0.552796
634.000000	0.478456
635.000000	0.380694
636.000000	0.272749
637.000000	0.187208
638.000000	0.156148
639.000000	0.256965
640.000000	0.401061
641.000000	0.516135
642.000000	0.575709
643.000000	0.579273
644.000000	0.515117
645.000000	0.403098
646.000000	0.265111
647.000000	0.199428
648.000000	0.244744
649.000000	0.344543
650.000000	0.456052
651.000000	0.545158
652.000000	0.590475
653.000000	0.570108
654.000000	0.471328
655.000000	0.336396
656.000000	0.216740
657.000000	0.198409
658.000000	0.266130
659.000000	0.371020
660.000000	0.488131
661.000000	0.560434
662.000000	0.559924
663.000000	0.488131
664.000000	0.363382
665.000000	0.235070
666.000000	0.172441
667.000000	0.203501
668.000000	0.322139
669.000000	0.465218
670.000000	0.541085
671.000000	0.536502
672.000000	0.483039
673.000000	0.381204
674.000000	0.250855
675.000000	0.176006
676.000000	0.168877
677.000000	0.237616
678.000000	0.350144
679.000000	0.466745
680.000000	0.553305
681.000000	0.581819
682.000000	0.545158
683.000000	0.451979
684.000000	0.318575
685.000000	0.207575
686.000000	0.154620
687.000000	0.174987
688.000000	0.275804
689.000000	0.418373
690.000000	0.524791
691.000000	0.533956
692.000000	0.477947
693.000000	0.364401
694.000000	0.239653
695.000000	0.179570
696.000000	0.191790
697.000000	0.262056
698.000000	0.393933
699.000000	0.513589
700.000000	0.541085
701.000000	0.482530
702.000000	0.372038
703.000000	0.270712
704.000000	0.191790
705.000000	0.142400
706.000000	0.138327
707.000000	0.174478
708.000000	0.244744
709.000000	0.344034
710.000000	0.459108
711.000000	0.550250
712.000000	0.571126
713.000000	0.514608
714.000000	0.393933
715.000000	0.259511
716.000000	0.179061
717.000000	0.186189
718.000000	0.272749
719.000000	0.408190
720.000000	0.521227
721.000000	0.560943
722.000000	0.520718
723.000000	0.420410
724.000000	0.305846
725.000000	0.208084
726.000000	0.159203
727.000000	0.183134
728.000000	0.255437
729.000000	0.365419
730.000000	0.484566
731.000000	0.553814
732.000000	0.527846
733.000000	0.442814
734.000000	0.314502
735.000000	0.207575
736.000000	0.164295
737.000000	0.199937
738.000000	0.309919
739.000000	0.438740
740.000000	0.538030
741.000000	0.566544
742.000000	0.527337
743.000000	0.422956
744.000000	0.293116
745.000000	0.193827
746.000000	0.164295
747.000000	0.207575
748.000000	0.302281
749.000000	0.434158
750.000000	0.533956
751.000000	0.565016
752.000000	0.518681
753.000000	0.427029
754.000000	0.323158
755.000000	0.214194
756.000000	0.162258
757.000000	0.184152
758.000000	0.279368
759.000000	0.422447
760.000000	0.522755
761.000000	0.504424
762.000000	0.424993
763.000000	0.322139
764.000000	0.211139
765.000000	0.165313
766.000000	0.202483
767.000000	0.315520
768.000000	0.443832
769.000000	0.539048
770.000000	0.569090
771.000000	0.526828
772.000000	0.404626
773.000000	0.277841
774.000000	0.191281
775.000000	0.148001
776.000000	0.160730
777.000000	0.254928
778.000000	0.380694
779.000000	0.501369
780.000000	0.571126
781.000000	0.552796
782.000000	0.454016
783.000000	0.316029
784.000000	0.206047
785.000000	0.170914
786.000000	0.210630
787.000000	0.311446
788.000000	0.427539
789.000000	0.531920
790.000000	0.590984
791.000000	0.590984
792.000000	0.529374
793.000000	0.408190
794.000000	0.270203
795.000000	0.189753
796.000000	0.198409
797.000000	0.281914
798.000000	0.418373
799.000000	0.534466
800.000000	0.561452
801.000000	0.521736
802.000000	0.436704
803.000000	0.328249
804.000000	0.226414
805.000000	0.165313
806.000000	0.185680
807.000000	0.275295
808.000000	0.402589
809.000000	0.503406
810.000000	0.539048
811.000000	0.499842
812.000000	0.395461
813.000000	0.272749
814.000000	0.182116
815.000000	0.173969
816.000000	0.239143
817.000000	0.332323
818.000000	0.427539
819.000000	0.505443
820.000000	0.532429
821.000000	0.487621
822.000000	0.388332
823.000000	0.270203
824.000000	0.180588
825.000000	0.155129
826.000000	0.198409
827.000000	0.292098
828.000000	0.429575
829.000000	0.535993
830.000000	0.572654
831.000000	0.523773
832.000000	0.403607
833.000000	0.274786
834.000000	0.192808
835.000000	0.204010
836.000000	0.290570
837.000000	0.405135
838.000000	0.514099
839.000000	0.572654
840.000000	0.542612
841.000000	0.459617
842.000000	0.321630
843.000000	0.212157
844.000000	0.171423
845.000000	0.185680
846.000000	0.257983
847.000000	0.365419
848.000000	0.480493
849.000000	0.567562
850.000000	0.588438
851.000000	0.535993
852.000000	0.429575
853.000000	0.301772
854.000000	0.202483
855.000000	0.199428
856.000000	0.278859
857.000000	0.418373
858.000000	0.529883
859.000000	0.530901
860.000000	0.436195
861.000000	0.310937
862.000000	0.207575
863.000000	0.166331
864.000000	0.169896
865.000000	0.237616
866.000000	0.370002
867.000000	0.493222
868.000000	0.574181
869.000000	0.607787
870.000000	0.579782
871.000000	0.517154
872.000000	0.400043
873.000000	0.258492
874.000000	0.195354
875.000000	0.237616
876.000000	0.353199
877.000000	0.485585
878.000000	0.547195
879.000000	0.504424
880.000000	0.371529
881.000000	0.241689
882.000000	0.168877
883.000000	0.153602
884.000000	0.202483
885.000000	0.290061
886.000000	0.427029
887.000000	0.538030
888.000000	0.542612
889.000000	0.464199
890.000000	0.351671
891.000000	0.236598
892.000000	0.167350
893.000000	0.168368
894.000000	0.265111
895.000000	0.399025
896.000000	0.498314
897.000000	0.570617
898.000000	0.589457
899.000000	0.544140
900.000000	0.407681
901.000000	0.279878
902.000000	0.192808
903.000000	0.164804
904.000000	0.195864
905.000000	0.302790
906.000000	0.463690
907.000000	0.549232
908.000000	0.535484
909.000000	0.409208
910.000000	0.266639
911.000000	0.188226
912.000000	0.185680
913.000000	0.264093
914.000000	0.396988
915.000000	0.521227
916.000000	0.581819
917.000000	0.595567
918.000000	0.616952
919.000000	0.610333
920.000000	0.557888
921.000000	0.447906
922.000000	0.308901
923.000000	0.209611
924.000000	0.174987
925.000000	0.230487
926.000000	0.310937
927.000000	0.419392
928.000000	0.526828
929.000000	0.575200
930.000000	0.518681
931.000000	0.387314
932.000000	0.263584
933.000000	0.182116
934.000000	0.179061
935.000000	0.256965
936.000000	0.378658
937.000000	0.492713
938.000000	0.574181
939.000000	0.589966
940.000000	0.534975
941.000000	0.415318
942.000000	0.276313
943.000000	0.191790
944.000000	0.185680
945.000000	0.287006
946.000000	0.420410
947.000000	0.525300
948.000000	0.587929
949.000000	0.606259
950.000000	0.533447
951.000000	0.394442
952.000000	0.266130
953.000000	0.185680
954.000000	0.161240
955.000000	0.175496
956.000000	0.237107
957.000000	0.330286
958.000000	0.427539
959.000000	0.516135
960.000000	0.578764
961.000000	0.579782
962.000000	0.533956
963.000000	0.437722
964.000000	0.313992
965.000000	0.205029
966.000000	0.178552
967.000000	0.268676
968.000000	0.394951
969.000000	0.475910
970.000000	0.485585
971.000000	0.459108
972.000000	0.434667
973.000000	0.359818
974.000000	0.266639
975.000000	0.188735
976.000000	0.222850
977.000000	0.306864
978.000000	0.391387
979.000000	0.476420
980.000000	0.549741
981.000000	0.594039
982.000000	0.552287
983.000000	0.476420
984.000000	0.370002
985.000000	0.268676
986.000000	0.191281
987.000000	0.143928
988.000000	0.138836
989.000000	0.188735
990.000000	0.279878
991.000000	0.412263
992.000000	0.528865
993.000000	0.578764
994.000000	0.535993
995.000000	0.417864
996.000000	0.288534
997.000000	0.198919
998.000000	0.183134
999.000000	0.253910
1000.000000	0.366437
1001.000000	0.476420
1002.000000	0.559924
1003.000000	0.607787
1004.000000	0.603714
1005.000000	0.534466
1006.000000	0.424993
1007.000000	0.312974
1008.000000	0.216231
1009.000000	0.158185
1010.000000	0.156657
1011.000000	0.189244
1012.000000	0.208084
1013.000000	0.213176
1014.000000	0.256965
1015.000000	0.324176
1016.000000	0.385277
1017.000000	0.456562
1018.000000	0.539048
1019.000000	0.596076
1020.000000	0.568580
1021.000000	0.432121
1022.000000	0.280896
1023.000000	0.189753
1024.000000	0.158185
1025.000000	0.179061
1026.000000	0.251873
1027.000000	0.379167
1028.000000	0.500860
1029.000000	0.576727
1030.000000	0.581819
1031.000000	0.539048
1032.000000	0.440777
1033.000000	0.343525
1034.000000	0.239143
1035.000000	0.216231
1036.000000	0.299226
1037.000000	0.384768
1038.000000	0.457580
1039.000000	0.505952
1040.000000	0.537011
1041.000000	0.588438
1042.000000	0.606769
1043.000000	0.527846
1044.000000	0.394442
1045.000000	0.268167
1046.000000	0.187208
1047.000000	0.195354
1048.000000	0.274277
1049.000000	0.394442
1050.000000	0.503915
1051.000000	0.579782
1052.000000	0.585892
1053.000000	0.551268
1054.000000	0.489658
1055.000000	0.389860
1056.000000	0.263584
1057.000000	0.182625
1058.000000	0.140363
1059.000000	0.129671
1060.000000	0.132726
1061.000000	0.157166
1062.000000	0.246781
1063.000000	0.405135
1064.000000	0.527337
1065.000000	0.565016
1066.000000	0.499842
1067.000000	0.415828
1068.000000	0.336905
1069.000000	0.263075
1070.000000	0.222341
1071.000000	0.164804
1072.000000	0.127125
1073.000000	0.116941
1074.000000	0.125088
1075.000000	0.168368
1076.000000	0.261038
1077.000000	0.354217
1078.000000	0.440777
1079.000000	0.523264
1080.000000	0.557379
1081.000000	0.522755
1082.000000	0.413791
1083.000000	0.296680
1084.000000	0.211648
1085.000000	0.153093
1086.000000	0.134253
1087.000000	0.176006
1088.000000	0.256965
1089.000000	0.331814
1090.000000	0.411754
1091.000000	0.498314
1092.000000	0.552287
1093.000000	0.556869
1094.000000	0.521227
1095.000000	0.479475
1096.000000	0.422956
1097.000000	0.341488
1098.000000	0.264602
1099.000000	0.185680
1100.000000	0.152074
1101.000000	0.179061
1102.000000	0.275295
1103.000000	0.386295
1104.000000	0.464199
1105.000000	0.532938
1106.000000	0.594548
1107.000000	0.609314
1108.000000	0.549741
1109.000000	0.441796
1110.000000	0.319084
1111.000000	0.217249
1112.000000	0.169386
1113.000000	0.201464
1114.000000	0.245763
1115.000000	0.325194
1116.000000	0.428557
1117.000000	0.521736
1118.000000	0.586911
1119.000000	0.615934
1120.000000	0.569090
1121.000000	0.471328
1122.000000	0.359309
1123.000000	0.260529
1124.000000	0.183643
1125.000000	0.174478
1126.000000	0.301263
1127.000000	0.450452
1128.000000	0.548723
1129.000000	0.598113
1130.000000	0.610333
1131.000000	0.589966
1132.000000	0.508498
1133.000000	0.414809
1134.000000	0.305846
1135.000000	0.207065
1136.000000	0.176515
1137.000000	0.225396
1138.000000	0.327231
1139.000000	0.436195
1140.000000	0.519699
1141.000000	0.586911
1142.000000	0.611351
1143.000000	0.589457
1144.000000	0.554323
1145.000000	0.495259
1146.000000	0.387314
1147.000000	0.271222
1148.000000	0.187208
1149.000000	0.142909
1150.000000	0.148001
1151.000000	0.204010
1152.000000	0.272240
1153.000000	0.364910
1154.000000	0.471837
1155.000000	0.557888
1156.000000	0.603714
1157.000000	0.599640
1158.000000	0.567053
1159.000000	0.505443
1160.000000	0.407681
1161.000000	0.283442
1162.000000	0.190263
1163.000000	0.147492
1164.000000	0.148001
1165.000000	0.182116
1166.000000	0.255437
1167.000000	0.316029
1168.000000	0.390369
1169.000000	0.490676
1170.000000	0.572145
1171.000000	0.606259
1172.000000	0.584874
1173.000000	0.549232
1174.000000	0.522755
1175.000000	0.488640
1176.000000	0.390369
1177.000000	0.294135
1178.000000	0.219286
1179.000000	0.160221
1180.000000	0.138327
1181.000000	0.178042
1182.000000	0.251873
1183.000000	0.362364
1184.000000	0.482020
1185.000000	0.569090
1186.000000	0.584874
1187.000000	0.517154
1188.000000	0.394951
1189.000000	0.277332
1190.000000	0.199428
1191.000000	0.160730
1192.000000	0.128652
1193.000000	0.136290
1194.000000	0.221322
1195.000000	0.361346
1196.000000	0.490167
1197.000000	0.573672
1198.000000	0.601168
1199.000000	0.535993
1200.000000	0.439759
1201.000000	0.332323
1202.000000	0.229978
1203.000000	0.164804
1204.000000	0.143928
1205.000000	0.160730
1206.000000	0.206047
1207.000000	0.284969
1208.000000	0.395970
1209.000000	0.497805
1210.000000	0.574690
1211.000000	0.604732
1212.000000	0.580801
1213.000000	0.539557
1214.000000	0.497296
1215.000000	0.436195
1216.000000	0.361855
1217.000000	0.260529
1218.000000	0.181097
1219.000000	0.149529
1220.000000	0.189753
1221.000000	0.294135
1222.000000	0.443832
1223.000000	0.541085
1224.000000	0.527846
1225.000000	0.443832
1226.000000	0.315011
1227.000000	0.208593
1228.000000	0.176515
1229.000000	0.200955
1230.000000	0.272749
1231.000000	0.369493
1232.000000	0.457071
1233.000000	0.506461
1234.000000	0.508498
1235.000000	0.562979
1236.000000	0.610333
1237.000000	0.616952
1238.000000	0.583346
1239.000000	0.497805
1240.000000	0.429066
1241.000000	0.352181
1242.000000	0.267148
1243.000000	0.185171
1244.000000	0.158185
1245.000000	0.203501
1246.000000	0.315011
1247.000000	0.443323
1248.000000	0.535484
1249.000000	0.596076
1250.000000	0.615934
1251.000000	0.605241
1252.000000	0.550250
1253.000000	0.463690
1254.000000	0.359818
1255.000000	0.254419
1256.000000	0.177533
1257.000000	0.144437
1258.000000	0.197391
1259.000000	0.323158
1260.000000	0.460635
1261.000000	0.555851
1262.000000	0.588438
1263.000000	0.591493
1264.000000	0.547704
1265.000000	0.416846
1266.000000	0.276313
1267.000000	0.188226
1268.000000	0.144946
1269.000000	0.146473
1270.000000	0.194845
1271.000000	0.282423
1272.000000	0.345052
1273.000000	0.417864
1274.000000	0.508498
1275.000000	0.578255
1276.000000	0.567562
1277.000000	0.477947
1278.000000	0.333850
1279.000000	0.224377
1280.000000	0.161240
1281.000000	0.138836
1282.000000	0.173460
1283.000000	0.244235
1284.000000	0.330286
1285.000000	0.393424
1286.000000	0.450452
1287.000000	0.501369
1288.000000	0.533447
1289.000000	0.578255
1290.000000	0.615934
1291.000000	0.632737
1292.000000	0.606259
1293.000000	0.562470
1294.000000	0.522245
1295.000000	0.425502
1296.000000	0.289552
1297.000000	0.194845
1298.000000	0.187717
1299.000000	0.285479
1300.000000	0.406662
1301.000000	0.510025
1302.000000	0.573163
1303.000000	0.612370
1304.000000	0.631718
1305.000000	0.600658
1306.000000	0.488640
1307.000000	0.376112
1308.000000	0.295153
1309.000000	0.229978
1310.000000	0.173969
1311.000000	0.134762
1312.000000	0.137308
1313.000000	0.232015
1314.000000	0.327231
1315.000000	0.404626
1316.000000	0.496787
1317.000000	0.572145
1318.000000	0.607787
1319.000000	0.585892
1320.000000	0.461144
1321.000000	0.293116
1322.000000	0.212666
1323.000000	0.234052
1324.000000	0.325194
1325.000000	0.418883
1326.000000	0.515626
1327.000000	0.579273
1328.000000	0.590475
1329.000000	0.546177
1330.000000	0.434158
1331.000000	0.305336
1332.000000	0.207065
1333.000000	0.161240
1334.000000	0.186698
1335.000000	0.275295
1336.000000	0.395461
1337.000000	0.498823
1338.000000	0.574181
1339.000000	0.602695
1340.000000	0.580291
1341.000000	0.548213
1342.000000	0.489149
1343.000000	0.409208
1344.000000	0.311956
1345.000000	0.219286
1346.000000	0.157166
1347.000000	0.139854
1348.000000	0.174987
1349.000000	0.251873
1350.000000	0.336396
1351.000000	0.405135
1352.000000	0.459617
1353.000000	0.520209
1354.000000	0.582328
1355.000000	0.609314
1356.000000	0.596076
1357.000000	0.555851
1358.000000	0.456562
1359.000000	0.338942
1360.000000	0.232524
1361.000000	0.171932
1362.000000	0.214194
1363.000000	0.329777
1364.000000	0.427539
1365.000000	0.507479
1366.000000	0.571126
1367.000000	0.611351
1368.000000	0.605241
1369.000000	0.559924
1370.000000	0.516644
1371.000000	0.418373
1372.000000	0.299226
1373.000000	0.215212
1374.000000	0.157166
1375.000000	0.132726
1376.000000	0.133744
1377.000000	0.189753
1378.000000	0.303809
1379.000000	0.434158
1380.000000	0.537011
1381.000000	0.594548
1382.000000	0.618989
1383.000000	0.614915
1384.000000	0.567053
1385.000000	0.491186
1386.000000	0.401061
1387.000000	0.292098
1388.000000	0.201464
1389.000000	0.199937
1390.000000	0.285988
1391.000000	0.407172
1392.000000	0.524282
1393.000000	0.585892
1394.000000	0.613897
1395.000000	0.579782
1396.000000	0.498314
1397.000000	0.389350
1398.000000	0.273258
1399.000000	0.187717
1400.000000	0.172441
1401.000000	0.203501
1402.000000	0.252382
1403.000000	0.339960
1404.000000	0.449433
1405.000000	0.548213
1406.000000	0.603204
1407.000000	0.631718
1408.000000	0.640883
1409.000000	0.626626
1410.000000	0.562979
1411.000000	0.438231
1412.000000	0.288534
1413.000000	0.194336
1414.000000	0.164804
1415.000000	0.181097
1416.000000	0.268167
1417.000000	0.389860
1418.000000	0.509007
1419.000000	0.582837
1420.000000	0.609824
1421.000000	0.611351
1422.000000	0.583346
1423.000000	0.506970
1424.000000	0.390878
1425.000000	0.273258
1426.000000	0.193827
1427.000000	0.144946
1428.000000	0.129161
1429.000000	0.156148
1430.000000	0.229469
1431.000000	0.326722
1432.000000	0.441286
1433.000000	0.538030
1434.000000	0.595567
1435.000000	0.601168
1436.000000	0.560943
1437.000000	0.482020
1438.000000	0.377130
1439.000000	0.271222
1440.000000	0.185680
1441.000000	0.150038
1442.000000	0.167859
1443.000000	0.232015
1444.000000	0.305846
1445.000000	0.412263
1446.000000	0.508498
1447.000000	0.578764
1448.000000	0.610333
1449.000000	0.595058
1450.000000	0.528865
1451.000000	0.438231
1452.000000	0.335378
1453.000000	0.243726
1454.000000	0.176006
1455.000000	0.139345
1456.000000	0.142909
1457.000000	0.174987
1458.000000	0.220813
1459.000000	0.285479
1460.000000	0.402589
1461.000000	0.518172
1462.000000	0.586911
1463.000000	0.610333
1464.000000	0.582837
1465.000000	0.497296
1466.000000	0.386295
1467.000000	0.278859
1468.000000	0.194336
1469.000000	0.153602
1470.000000	0.199937
1471.000000	0.320102
1472.000000	0.452997
1473.000000	0.551268
1474.000000	0.580801
1475.000000	0.579782
1476.000000	0.544649
1477.000000	0.444851
1478.000000	0.315011
1479.000000	0.217249
1480.000000	0.165822
1481.000000	0.187208
1482.000000	0.251873
1483.000000	0.360327
1484.000000	0.470819
1485.000000	0.557888
1486.000000	0.604732
1487.000000	0.628663
1488.000000	0.627645
1489.000000	0.613388
1490.000000	0.565016
1491.000000	0.464199
1492.000000	0.357782
1493.000000	0.238634
1494.000000	0.173969
1495.000000	0.164295
1496.000000	0.219795
1497.000000	0.335378
1498.000000	0.450961
1499.000000	0.543631
1500.000000	0.597094
1501.000000	0.609314
1502.000000	0.564507
1503.000000	0.458598
1504.000000	0.332323
1505.000000	0.226414
1506.000000	0.161749
1507.000000	0.129161
1508.000000	0.112359
1509.000000	0.107267
1510.000000	0.117450
1511.000000	0.129161
1512.000000	0.173969
1513.000000	0.266130
1514.000000	0.383749
1515.000000	0.502387
1516.000000	0.574690
1517.000000	0.595058
1518.000000	0.558906
1519.000000	0.455034
1520.000000	0.340979
1521.000000	0.228451
1522.000000	0.167350
1523.000000	0.178042
1524.000000	0.247799
1525.000000	0.335887
1526.000000	0.424484
1527.000000	0.501369
1528.000000	0.570108
1529.000000	0.609824
1530.000000	0.599640
1531.000000	0.517154
1532.000000	0.421938
1533.000000	0.320102
1534.000000	0.229469
1535.000000	0.164804
1536.000000	0.163785
1537.000000	0.284969
1538.000000	0.430594
1539.000000	0.521227
1540.000000	0.581819
1541.000000	0.618989
1542.000000	0.635792
1543.000000	0.609314
1544.000000	0.522245
1545.000000	0.417864
1546.000000	0.292607
1547.000000	0.200955
1548.000000	0.199937
1549.000000	0.244235
1550.000000	0.314502
1551.000000	0.400552
1552.000000	0.487621
1553.000000	0.562979
1554.000000	0.561961
1555.000000	0.485076
1556.000000	0.393424
1557.000000	0.327231
1558.000000	0.269694
1559.000000	0.201974
1560.000000	0.151056
1561.000000	0.136799
1562.000000	0.158185
1563.000000	0.204520
1564.000000	0.296171
1565.000000	0.439759
1566.000000	0.544140
1567.000000	0.596076
1568.000000	0.612370
1569.000000	0.593021
1570.000000	0.550250
1571.000000	0.476929
1572.000000	0.396479
1573.000000	0.278859
1574.000000	0.194845
1575.000000	0.240671
1576.000000	0.359818
1577.000000	0.487112
1578.000000	0.566544
1579.000000	0.569599
1580.000000	0.506970
1581.000000	0.395461
1582.000000	0.287006
1583.000000	0.218776
1584.000000	0.159712
1585.000000	0.133744
1586.000000	0.142400
1587.000000	0.213685
1588.000000	0.340470
1589.000000	0.468782
1590.000000	0.549741
1591.000000	0.599640
1592.000000	0.622553
1593.000000	0.620007
1594.000000	0.610842
1595.000000	0.597603
1596.000000	0.553814
1597.000000	0.479475
1598.000000	0.386805
1599.000000	0.278350
1600.000000	0.190263
1601.000000	0.161749
1602.000000	0.178042
1603.000000	0.264093
1604.000000	0.402080
1605.000000	0.521227
1606.000000	0.555851
1607.000000	0.488131
1608.000000	0.378149
1609.000000	0.282933
1610.000000	0.213176
1611.000000	0.157166
1612.000000	0.132726
1613.000000	0.164804
1614.000000	0.251873
1615.000000	0.368983
1616.000000	0.458089
1617.000000	0.511553
1618.000000	0.557888
1619.000000	0.605241
1620.000000	0.613897
1621.000000	0.546177
1622.000000	0.417355
1623.000000	0.299735
1624.000000	0.210630
1625.000000	0.154620
1626.000000	0.132726
1627.000000	0.129161
1628.000000	0.155639
1629.000000	0.211648
1630.000000	0.311446
1631.000000	0.446378
1632.000000	0.546686
1633.000000	0.588947
1634.000000	0.566544
1635.000000	0.510025
1636.000000	0.390878
1637.000000	0.267657
1638.000000	0.183643
1639.000000	0.139345
1640.000000	0.122542
1641.000000	0.155639
1642.000000	0.265111
1643.000000	0.391387
1644.000000	0.482530
1645.000000	0.549741
1646.000000	0.600149
1647.000000	0.614406
1648.000000	0.584874
1649.000000	0.518172
1650.000000	0.437213
1651.000000	0.311956
1652.000000	0.206556
1653.000000	0.161240
1654.000000	0.199937
1655.000000	0.305336
1656.000000	0.428048
1657.000000	0.529374
1658.000000	0.577746
1659.000000	0.546686
1660.000000	0.454016
1661.000000	0.328758
1662.000000	0.230997
1663.000000	0.169896
1664.000000	0.138327
1665.000000	0.164295
1666.000000	0.249327
1667.000000	0.341488
1668.000000	0.415828
1669.000000	0.489149
1670.000000	0.553814
1671.000000	0.603204
1672.000000	0.622553
1673.000000	0.624590
1674.000000	0.586911
1675.000000	0.511043
1676.000000	0.452488
1677.000000	0.404117
1678.000000	0.312974
1679.000000	0.217249
1680.000000	0.159203
1681.000000	0.155129
1682.000000	0.218267
1683.000000	0.354726
1684.000000	0.479984
1685.000000	0.560943
1686.000000	0.605750
1687.000000	0.605241
1688.000000	0.541594
1689.000000	0.434158
1690.000000	0.318575
1691.000000	0.220304
1692.000000	0.160221
1693.000000	0.157166
1694.000000	0.245254
1695.000000	0.351671
1696.000000	0.431103
1697.000000	0.516644
1698.000000	0.583856
1699.000000	0.613388
1700.000000	0.600658
1701.000000	0.541085
1702.000000	0.416337
1703.000000	0.277332
1704.000000	0.187208
1705.000000	0.152584
1706.000000	0.167859
1707.000000	0.235579
1708.000000	0.357272
1709.000000	0.495259
1710.000000	0.564507
1711.000000	0.576218
1712.000000	0.526828
1713.000000	0.431103
1714.000000	0.330286
1715.000000	0.248818
1716.000000	0.176515
1717.000000	0.143418
1718.000000	0.157166
1719.000000	0.209102
1720.000000	0.297699
1721.000000	0.389860
1722.000000	0.484057
1723.000000	0.523773
1724.000000	0.558397
1725.000000	0.605241
1726.000000	0.612370
1727.000000	0.561961
1728.000000	0.469800
1729.000000	0.353199
1730.000000	0.252382
1731.000000	0.179061
1732.000000	0.148510
1733.000000	0.163276
1734.000000	0.242708
1735.000000	0.401061
1736.000000	0.519190
1737.000000	0.584365
1738.000000	0.584365
1739.000000	0.481002
1740.000000	0.337924
1741.000000	0.221322
1742.000000	0.162258
1743.000000	0.137308
1744.000000	0.120505
1745.000000	0.136799
1746.000000	0.208593
1747.000000	0.318575
1748.000000	0.433649
1749.000000	0.524791
1750.000000	0.586911
1751.000000	0.613388
1752.000000	0.616952
1753.000000	0.587929
1754.000000	0.525300
1755.000000	0.446887
1756.000000	0.346070
1757.000000	0.230487
1758.000000	0.164295
1759.000000	0.140363
1760.000000	0.170914
1761.000000	0.272749
1762.000000	0.403607
1763.000000	0.515117
1764.000000	0.583856
1765.000000	0.609314
1766.000000	0.580291
1767.000000	0.492204
1768.000000	0.401571
1769.000000	0.308901
1770.000000	0.225905
1771.000000	0.170914
1772.000000	0.133235
1773.000000	0.122542
1774.000000	0.133744
1775.000000	0.172951
1776.000000	0.235579
1777.000000	0.337414
1778.000000	0.437722
1779.000000	0.534975
1780.000000	0.589457
1781.000000	0.601677
1782.000000	0.567053
1783.000000	0.493222
1784.000000	0.372038
1785.000000	0.252382
1786.000000	0.176006
1787.000000	0.142400
1788.000000	0.165313
1789.000000	0.251364
1790.000000	0.360837
1791.000000	0.479475
1792.000000	0.561961
1793.000000	0.558397
1794.000000	0.460126
1795.000000	0.346070
1796.000000	0.260020
1797.000000	0.211648
1798.000000	0.177024
1799.000000	0.153093
1800.000000	0.127634
1801.000000	0.146983
1802.000000	0.258492
1803.000000	0.336396
1804.000000	0.358291
1805.000000	0.477438
1806.000000	0.550250
1807.000000	0.537521
1808.000000	0.490167
1809.000000	0.444341
1810.000000	0.376621
1811.000000	0.268167
1812.000000	0.186189
1813.000000	0.151056
1814.000000	0.148510
1815.000000	0.235579
1816.000000	0.323667
1817.000000	0.338433
1818.000000	0.421429
1819.000000	0.510025
1820.000000	0.574690
1821.000000	0.605241
1822.000000	0.593021
1823.000000	0.520209
1824.000000	0.543122
1825.000000	0.531920
1826.000000	0.436195
1827.000000	0.338433
1828.000000	0.235579
1829.000000	0.168368
1830.000000	0.157166
1831.000000	0.188735
1832.000000	0.273258
1833.000000	0.379167
1834.000000	0.487621
1835.000000	0.567053
1836.000000	0.608296
1837.000000	0.615934
1838.000000	0.592512
1839.000000	0.510025
1840.000000	0.413282
1841.000000	0.325194
1842.000000	0.219286
1843.000000	0.160221
1844.000000	0.213176
1845.000000	0.324176
1846.000000	0.409717
1847.000000	0.473364
1848.000000	0.545667
1849.000000	0.596076
1850.000000	0.613388
1851.000000	0.589966
1852.000000	0.509516
1853.000000	0.389860
1854.000000	0.273258
1855.000000	0.187208
1856.000000	0.141382
1857.000000	0.118469
1858.000000	0.112359
1859.000000	0.149019
1860.000000	0.265621
1861.000000	0.362873
1862.000000	0.486094
1863.000000	0.542612
1864.000000	0.500860
1865.000000	0.409208
1866.000000	0.305846
1867.000000	0.222341
1868.000000	0.162767
1869.000000	0.157675
1870.000000	0.230487
1871.000000	0.323158
1872.000000	0.428048
1873.000000	0.528865
1874.000000	0.590475
1875.000000	0.615425
1876.000000	0.611860
1877.000000	0.563998
1878.000000	0.463690
1879.000000	0.345052
1880.000000	0.242199
1881.000000	0.175496
1882.000000	0.136799
1883.000000	0.128143
1884.000000	0.146983
1885.000000	0.189753
1886.000000	0.253910
1887.000000	0.294644
1888.000000	0.371020
1889.000000	0.475401
1890.000000	0.560943
1891.000000	0.596076
1892.000000	0.556360
1893.000000	0.468273
1894.000000	0.362873
1895.000000	0.275295
1896.000000	0.197900
1897.000000	0.148510
1898.000000	0.126616
1899.000000	0.142909
1900.000000	0.196882
1901.000000	0.273767
1902.000000	0.334869
1903.000000	0.412263
1904.000000	0.511043
1905.000000	0.575709
1906.000000	0.574181
1907.000000	0.519699
1908.000000	0.431612
1909.000000	0.317557
1910.000000	0.226414
1911.000000	0.173969
1912.000000	0.140363
1913.000000	0.124070
1914.000000	0.180588
1915.000000	0.282423
1916.000000	0.392405
1917.000000	0.501369
1918.000000	0.572654
1919.000000	0.586911
1920.000000	0.546686
1921.000000	0.449942
1922.000000	0.337414
1923.000000	0.225396
1924.000000	0.164804
1925.000000	0.162767
1926.000000	0.194845
1927.000000	0.260529
1928.000000	0.333850
1929.000000	0.438740
1930.000000	0.528865
1931.000000	0.588947
1932.000000	0.621026
1933.000000	0.638337
1934.000000	0.646993
1935.000000	0.635792
1936.000000	0.562979
1937.000000	0.452997
1938.000000	0.347598
1939.000000	0.329777
1940.000000	0.331304
1941.000000	0.315011
1942.000000	0.317557
1943.000000	0.315520
1944.000000	0.268167
1945.000000	0.200955
1946.000000	0.149019
1947.000000	0.126616
1948.000000	0.132726
1949.000000	0.193318
1950.000000	0.313992
1951.000000	0.446887
1952.000000	0.545667
1953.000000	0.590475
1954.000000	0.584874
1955.000000	0.523773
1956.000000	0.441796
1957.000000	0.359818
1958.000000	0.272749
1959.000000	0.193318
1960.000000	0.153602
1961.000000	0.173969
1962.000000	0.237616
1963.000000	0.303300
1964.000000	0.357272
1965.000000	0.410736
1966.000000	0.472346
1967.000000	0.537521
1968.000000	0.593021
1969.000000	0.606769
1970.000000	0.568580
1971.000000	0.464708
1972.000000	0.317557
1973.000000	0.209102
1974.000000	0.156148
1975.000000	0.132726
1976.000000	0.143418
1977.000000	0.198919
1978.000000	0.290570
1979.000000	0.382731
1980.000000	0.430594
1981.000000	0.453507
1982.000000	0.512062
1983.000000	0.577236
1984.000000	0.615425
1985.000000	0.623571
1986.000000	0.600149
1987.000000	0.565525
1988.000000	0.514608
1989.000000	0.442814
1990.000000	0.347598
1991.000000	0.256455
1992.000000	0.182116
1993.000000	0.141382
1994.000000	0.166331
1995.000000	0.208084
1996.000000	0.235579
1997.000000	0.256965
1998.000000	0.308391
1999.000000	0.398006
2000.000000	0.501369
2001.000000	0.574181
2002.000000	0.606769
2003.000000	0.578764
2004.000000	0.498823
2005.000000	0.397497
2006.000000	0.300754
2007.000000	0.220813
2008.000000	0.164804
2009.000000	0.170914
2010.000000	0.200955
2011.000000	0.234561
2012.000000	0.311956
2013.000000	0.421429
2014.000000	0.514608
2015.000000	0.572654
2016.000000	0.611860
2017.000000	0.623571
2018.000000	0.598113
2019.000000	0.527846
2020.000000	0.451470
2021.000000	0.399534
2022.000000	0.323158
2023.000000	0.235579
2024.000000	0.169386
2025.000000	0.137817
2026.000000	0.134253
2027.000000	0.159203
2028.000000	0.217249
2029.000000	0.303809
2030.000000	0.385786
2031.000000	0.455034
2032.000000	0.523773
2033.000000	0.578764
2034.000000	0.614406
2035.000000	0.626626
2036.000000	0.610333
2037.000000	0.561961
2038.000000	0.485076
2039.000000	0.381713
2040.000000	0.285479
2041.000000	0.199937
2042.000000	0.157675
2043.000000	0.162767
2044.000000	0.179061
2045.000000	0.230997
2046.000000	0.325194
2047.000000	0.433140
2048.000000	0.527846
2049.000000	0.588438
2050.000000	0.616952
2051.000000	0.590475
2052.000000	0.507479
2053.000000	0.405135
2054.000000	0.300754
2055.000000	0.216231
2056.000000	0.160221
2057.000000	0.133744
2058.000000	0.137308
2059.000000	0.173460
2060.000000	0.236088
2061.000000	0.324176
2062.000000	0.420410
2063.000000	0.503406
2064.000000	0.562470
2065.000000	0.603714
2066.000000	0.623062
2067.000000	0.597603
2068.000000	0.530901
2069.000000	0.431612
2070.000000	0.315011
2071.000000	0.220304
2072.000000	0.161749
2073.000000	0.139345
2074.000000	0.149529
2075.000000	0.182116
2076.000000	0.243217
2077.000000	0.313992
2078.000000	0.370511
2079.000000	0.418883
2080.000000	0.490167
2081.000000	0.558397
2082.000000	0.603204
2083.000000	0.606259
2084.000000	0.565525
2085.000000	0.494241
2086.000000	0.421429
2087.000000	0.350144
2088.000000	0.273767
2089.000000	0.194845
2090.000000	0.158694
2091.000000	0.167859
2092.000000	0.197900
2093.000000	0.259511
2094.000000	0.352181
2095.000000	0.473874
2096.000000	0.560434
2097.000000	0.599640
2098.000000	0.598113
2099.000000	0.576727
2100.000000	0.535993
2101.000000	0.474383
2102.000000	0.411754
2103.000000	0.341488
2104.000000	0.263075
2105.000000	0.189753
2106.000000	0.156148
2107.000000	0.182116
2108.000000	0.232524
2109.000000	0.311956
2110.000000	0.401571
2111.000000	0.482530
2112.000000	0.551268
2113.000000	0.600658
2114.000000	0.603204
2115.000000	0.547704
2116.000000	0.479984
2117.000000	0.419392
2118.000000	0.357782
2119.000000	0.297699
2120.000000	0.237616
2121.000000	0.192808
2122.000000	0.165822
2123.000000	0.144946
2124.000000	0.122542
2125.000000	0.115414
2126.000000	0.143928
2127.000000	0.246272
2128.000000	0.395461
2129.000000	0.503406
2130.000000	0.564507
2131.000000	0.596585
2132.000000	0.622044
2133.000000	0.629172
2134.000000	0.607278
2135.000000	0.581310
2136.000000	0.468273
2137.000000	0.327740
2138.000000	0.223868
2139.000000	0.162767
2140.000000	0.154111
2141.000000	0.199428
2142.000000	0.331814
2143.000000	0.485585
2144.000000	0.547195
2145.000000	0.537521
2146.000000	0.485076
2147.000000	0.409717
2148.000000	0.325703
2149.000000	0.239143
2150.000000	0.170914
2151.000000	0.137817
2152.000000	0.146473
2153.000000	0.192299
2154.000000	0.253910
2155.000000	0.317557
2156.000000	0.386805
2157.000000	0.463181
2158.000000	0.539048
2159.000000	0.594548
2160.000000	0.623062
2161.000000	0.634773
2162.000000	0.634264
2163.000000	0.620516
2164.000000	0.598622
2165.000000	0.565525
2166.000000	0.509516
2167.000000	0.432121
2168.000000	0.324685
2169.000000	0.230487
2170.000000	0.165313
2171.000000	0.152074
2172.000000	0.192299
2173.000000	0.259511
2174.000000	0.329777
2175.000000	0.378149
2176.000000	0.408699
2177.000000	0.464199
2178.000000	0.547195
2179.000000	0.586911
2180.000000	0.571635
2181.000000	0.563489
2182.000000	0.542612
2183.000000	0.491186
2184.000000	0.423465
2185.000000	0.384259
2186.000000	0.353199
2187.000000	0.305846
2188.000000	0.248818
2189.000000	0.204520
2190.000000	0.158694
2191.000000	0.142400
2192.000000	0.162767
2193.000000	0.215212
2194.000000	0.325194
2195.000000	0.456562
2196.000000	0.534975
2197.000000	0.569599
2198.000000	0.597094
2199.000000	0.621026
2200.000000	0.599131
2201.000000	0.524282
2202.000000	0.398516
2203.000000	0.262056
2204.000000	0.185680
2205.000000	0.213176
2206.000000	0.223868
2207.000000	0.212157
2208.000000	0.283951
2209.000000	0.423465
2210.000000	0.524791
2211.000000	0.587420
2212.000000	0.600149
2213.000000	0.578255
2214.000000	0.543631
2215.000000	0.494241
2216.000000	0.454525
2217.000000	0.444341
2218.000000	0.421429
2219.000000	0.393933
2220.000000	0.350653
2221.000000	0.268676
2222.000000	0.193318
2223.000000	0.146983
2224.000000	0.170914
2225.000000	0.259001
2226.000000	0.368983
2227.000000	0.462672
2228.000000	0.537521
2229.000000	0.593530
2230.000000	0.616952
2231.000000	0.603204
2232.000000	0.545158
2233.000000	0.456562
2234.000000	0.363892
2235.000000	0.291589
2236.000000	0.229978
2237.000000	0.164295
2238.000000	0.155129
2239.000000	0.210120
2240.000000	0.324176
2241.000000	0.442814
2242.000000	0.525810
2243.000000	0.574690
2244.000000	0.610333
2245.000000	0.624590
2246.000000	0.597603
2247.000000	0.535993
2248.000000	0.451979
2249.000000	0.352181
2250.000000	0.255437
2251.000000	0.182116
2252.000000	0.141382
2253.000000	0.146983
2254.000000	0.184662
2255.000000	0.250855
2256.000000	0.320102
2257.000000	0.346580
2258.000000	0.381204
2259.000000	0.457580
2260.000000	0.545667
2261.000000	0.595058
2262.000000	0.595058
2263.000000	0.582837
2264.000000	0.567053
2265.000000	0.517663
2266.000000	0.472346
2267.000000	0.432121
2268.000000	0.374584
2269.000000	0.305336
2270.000000	0.220304
2271.000000	0.159203
2272.000000	0.132217
2273.000000	0.141891
2274.000000	0.176006
2275.000000	0.232524
2276.000000	0.306355
2277.000000	0.413791
2278.000000	0.517663
2279.000000	0.581819
2280.000000	0.584874
2281.000000	0.538539
2282.000000	0.446378
2283.000000	0.334359
2284.000000	0.226923
2285.000000	0.163276
2286.000000	0.144946
2287.000000	0.148001
2288.000000	0.155129
2289.000000	0.177024
2290.000000	0.219286
2291.000000	0.279878
2292.000000	0.315520
2293.000000	0.328249
2294.000000	0.382731
2295.000000	0.432630
2296.000000	0.488640
2297.000000	0.549232
2298.000000	0.598113
2299.000000	0.613897
2300.000000	0.596585
2301.000000	0.541085
2302.000000	0.454016
2303.000000	0.359818
2304.000000	0.279368
2305.000000	0.219795
2306.000000	0.162258
2307.000000	0.132726
2308.000000	0.134253
2309.000000	0.179061
2310.000000	0.270712
2311.000000	0.392915
2312.000000	0.512571
2313.000000	0.577746
2314.000000	0.573163
2315.000000	0.513080
2316.000000	0.421938
2317.000000	0.325194
2318.000000	0.239653
2319.000000	0.169896
2320.000000	0.134253
2321.000000	0.143418
2322.000000	0.195354
2323.000000	0.253400
2324.000000	0.330286
2325.000000	0.423974
2326.000000	0.497805
2327.000000	0.546177
2328.000000	0.580291
2329.000000	0.606769
2330.000000	0.629682
2331.000000	0.623571
2332.000000	0.573163
2333.000000	0.492713
2334.000000	0.396988
2335.000000	0.290570
2336.000000	0.211648
2337.000000	0.155129
2338.000000	0.149019
2339.000000	0.188735
2340.000000	0.235070
2341.000000	0.371529
2342.000000	0.506461
2343.000000	0.550250
2344.000000	0.515626
2345.000000	0.452488
2346.000000	0.374584
2347.000000	0.300245
2348.000000	0.239143
2349.000000	0.197391
2350.000000	0.166331
2351.000000	0.132217
2352.000000	0.117960
2353.000000	0.112868
2354.000000	0.103193
2355.000000	0.113377
2356.000000	0.168368
2357.000000	0.261038
2358.000000	0.353199
2359.000000	0.428048
2360.000000	0.497805
2361.000000	0.555342
2362.000000	0.601168
2363.000000	0.595058
2364.000000	0.544649
2365.000000	0.473874
2366.000000	0.381204
2367.000000	0.266130
2368.000000	0.186698
2369.000000	0.142400
2370.000000	0.119487
2371.000000	0.113886
2372.000000	0.132217
2373.000000	0.169386
2374.000000	0.202992
2375.000000	0.241689
2376.000000	0.297190
2377.000000	0.369493
2378.000000	0.448924
2379.000000	0.515117
2380.000000	0.573672
2381.000000	0.612370
2382.000000	0.632737
2383.000000	0.627136
2384.000000	0.586911
2385.000000	0.508498
2386.000000	0.382731
2387.000000	0.261038
2388.000000	0.179061
2389.000000	0.149019
2390.000000	0.153093
2391.000000	0.187717
2392.000000	0.271222
2393.000000	0.362873
2394.000000	0.438740
2395.000000	0.505952
2396.000000	0.567562
2397.000000	0.609314
2398.000000	0.612879
2399.000000	0.581819
2400.000000	0.515117
2401.000000	0.409717
2402.000000	0.297190
2403.000000	0.204010
2404.000000	0.151565
2405.000000	0.138327
2406.000000	0.141891
2407.000000	0.149019
2408.000000	0.171932
2409.000000	0.220304
2410.000000	0.271222
2411.000000	0.315520
2412.000000	0.438231
2413.000000	0.541085
2414.000000	0.596076
2415.000000	0.622553
2416.000000	0.624081
2417.000000	0.559924
2418.000000	0.436195
2419.000000	0.303300
2420.000000	0.204010
2421.000000	0.157675
2422.000000	0.158185
2423.000000	0.188735
2424.000000	0.239143
2425.000000	0.274277
2426.000000	0.288024
2427.000000	0.278350
2428.000000	0.269185
2429.000000	0.296171
2430.000000	0.344034
2431.000000	0.430594
2432.000000	0.511043
2433.000000	0.571635
2434.000000	0.611860
2435.000000	0.618480
2436.000000	0.582837
2437.000000	0.513080
2438.000000	0.433649
2439.000000	0.346580
2440.000000	0.256455
2441.000000	0.180588
2442.000000	0.152074
2443.000000	0.239653
2444.000000	0.365419
2445.000000	0.470819
2446.000000	0.551268
2447.000000	0.597094
2448.000000	0.584874
2449.000000	0.494750
2450.000000	0.369493
2451.000000	0.261038
2452.000000	0.190263
2453.000000	0.150547
2454.000000	0.129161
2455.000000	0.122542
2456.000000	0.159203
2457.000000	0.220304
2458.000000	0.289552
2459.000000	0.362873
2460.000000	0.434158
2461.000000	0.503406
2462.000000	0.566544
2463.000000	0.609824
2464.000000	0.631209
2465.000000	0.637828
2466.000000	0.633755
2467.000000	0.617970
2468.000000	0.597094
2469.000000	0.549741
2470.000000	0.414300
2471.000000	0.263075
2472.000000	0.201974
2473.000000	0.230997
2474.000000	0.314502
2475.000000	0.424484
2476.000000	0.518681
2477.000000	0.582837
2478.000000	0.605750
2479.000000	0.577236
2480.000000	0.495259
2481.000000	0.398516
2482.000000	0.287515
2483.000000	0.193827
2484.000000	0.165822
2485.000000	0.191790
2486.000000	0.254928
2487.000000	0.342506
2488.000000	0.428557
2489.000000	0.493732
2490.000000	0.548723
2491.000000	0.595058
2492.000000	0.623571
2493.000000	0.623062
2494.000000	0.614406
2495.000000	0.609314
2496.000000	0.586402
2497.000000	0.532429
2498.000000	0.433140
2499.000000	0.315520
2500.000000	0.213176
2501.000000	0.165313
2502.000000	0.181097
2503.000000	0.255437
2504.000000	0.336396
2505.000000	0.403607
2506.000000	0.456562
2507.000000	0.510534
2508.000000	0.569090
2509.000000	0.608805
2510.000000	0.627136
2511.000000	0.632227
2512.000000	0.629172
2513.000000	0.617461
2514.000000	0.600149
2515.000000	0.577746
2516.000000	0.529374
2517.000000	0.433649
2518.000000	0.334869
2519.000000	0.271222
2520.000000	0.226923
2521.000000	0.173460
2522.000000	0.134762
2523.000000	0.122542
2524.000000	0.150038
2525.000000	0.191790
2526.000000	0.241180
2527.000000	0.315520
2528.000000	0.421938
2529.000000	0.533956
2530.000000	0.575709
2531.000000	0.552287
2532.000000	0.487112
2533.000000	0.428557
2534.000000	0.326213
2535.000000	0.227432
2536.000000	0.164295
2537.000000	0.131707
2538.000000	0.115923
2539.000000	0.136290
2540.000000	0.188735
2541.000000	0.268676
2542.000000	0.375603
2543.000000	0.479475
2544.000000	0.550250
2545.000000	0.598113
2546.000000	0.623571
2547.000000	0.628154
2548.000000	0.601677
2549.000000	0.536502
2550.000000	0.425502
2551.000000	0.308901
2552.000000	0.218776
2553.000000	0.159203
2554.000000	0.134762
2555.000000	0.158694
2556.000000	0.230997
2557.000000	0.325703
2558.000000	0.421429
2559.000000	0.501878
2560.000000	0.565525
2561.000000	0.606259
2562.000000	0.616952
2563.000000	0.603714
2564.000000	0.571635
2565.000000	0.516644
2566.000000	0.442305
2567.000000	0.358800
2568.000000	0.279878
2569.000000	0.208084
2570.000000	0.156657
2571.000000	0.125597
2572.000000	0.111849
2573.000000	0.118469
2574.000000	0.164295
2575.000000	0.246781
2576.000000	0.326722
2577.000000	0.401571
2578.000000	0.487112
2579.000000	0.556360
2580.000000	0.600149
2581.000000	0.607787
2582.000000	0.561961
2583.000000	0.560434
2584.000000	0.576727
2585.000000	0.550759
2586.000000	0.501878
2587.000000	0.488640
2588.000000	0.489149
2589.000000	0.433140
2590.000000	0.331814
2591.000000	0.241689
2592.000000	0.212157
2593.000000	0.206556
