27.000000	0.333341
28.000000	0.240671
29.000000	0.192299
30.000000	0.232524
31.000000	0.341997
32.000000	0.464199
33.000000	0.544649
34.000000	0.524791
35.000000	0.421429
36.000000	0.285988
37.000000	0.212157
38.000000	0.217758
39.000000	0.323667
40.000000	0.455034
41.000000	0.544649
42.000000	0.570617
43.000000	0.511043
44.000000	0.377130
45.000000	0.256965
46.000000	0.209102
47.000000	0.236088
48.000000	0.331814
49.000000	0.460635
50.000000	0.543631
51.000000	0.512062
52.000000	0.416846
53.000000	0.303300
54.000000	0.217758
55.000000	0.222850
56.000000	0.322139
57.000000	0.454016
58.000000	0.547195
59.000000	0.547704
60.000000	0.450961
61.000000	0.318575
62.000000	0.224377
63.000000	0.200955
64.000000	0.281914
65.000000	0.402589
66.000000	0.518172
67.000000	0.537521
68.000000	0.443323
69.000000	0.310428
70.000000	0.217758
71.000000	0.220813
72.000000	0.296171
73.000000	0.404117
74.000000	0.519699
75.000000	0.557379
76.000000	0.464199
77.000000	0.308391
78.000000	0.224377
79.000000	0.234052
80.000000	0.340470
81.000000	0.478965
82.000000	0.555342
83.000000	0.526319
84.000000	0.376621
85.000000	0.247290
86.000000	0.225905
87.000000	0.325194
88.000000	0.472346
89.000000	0.541594
90.000000	0.515117
91.000000	0.424993
92.000000	0.295153
93.000000	0.212157
94.000000	0.212666
95.000000	0.273767
96.000000	0.399025
97.000000	0.518172
98.000000	0.532429
99.000000	0.434667
100.000000	0.297699
101.000000	0.209102
102.000000	0.221322
103.000000	0.304827
104.000000	0.429575
105.000000	0.531920
106.000000	0.523773
107.000000	0.403607
108.000000	0.263075
109.000000	0.210630
110.000000	0.273767
111.000000	0.425502
112.000000	0.527846
113.000000	0.511553
114.000000	0.379167
115.000000	0.247799
116.000000	0.217249
117.000000	0.313483
118.000000	0.448415
119.000000	0.544649
120.000000	0.541594
121.000000	0.414300
122.000000	0.272749
123.000000	0.199428
124.000000	0.235579
125.000000	0.360837
126.000000	0.489149
127.000000	0.551778
128.000000	0.491186
129.000000	0.348616
130.000000	0.234561
131.000000	0.210630
132.000000	0.299735
133.000000	0.442814
134.000000	0.541594
135.000000	0.537011
136.000000	0.427029
137.000000	0.284969
138.000000	0.210630
139.000000	0.254419
140.000000	0.385277
141.000000	0.510025
142.000000	0.504424
143.000000	0.395970
144.000000	0.271222
145.000000	0.205538
146.000000	0.246781
147.000000	0.370511
148.000000	0.502387
149.000000	0.538030
150.000000	0.456052
151.000000	0.312465
152.000000	0.217249
153.000000	0.230487
154.000000	0.343015
155.000000	0.477438
156.000000	0.546177
157.000000	0.486094
158.000000	0.343525
159.000000	0.232524
160.000000	0.219795
161.000000	0.330286
162.000000	0.476420
163.000000	0.543631
164.000000	0.484566
165.000000	0.361346
166.000000	0.244744
167.000000	0.228451
168.000000	0.316029
169.000000	0.444341
170.000000	0.545158
171.000000	0.542103
172.000000	0.438740
173.000000	0.318066
174.000000	0.222341
175.000000	0.211648
176.000000	0.291079
177.000000	0.434667
178.000000	0.531920
179.000000	0.496787
180.000000	0.374075
181.000000	0.249836
182.000000	0.201464
183.000000	0.273258
184.000000	0.421938
185.000000	0.518681
186.000000	0.465727
187.000000	0.351671
188.000000	0.237107
189.000000	0.222850
190.000000	0.328249
191.000000	0.474383
192.000000	0.557379
193.000000	0.533447
194.000000	0.405644
195.000000	0.267657
196.000000	0.234561
197.000000	0.314502
198.000000	0.449433
199.000000	0.547704
200.000000	0.517663
201.000000	0.370511
202.000000	0.245763
203.000000	0.224377
204.000000	0.325703
205.000000	0.470819
206.000000	0.551268
207.000000	0.513589
208.000000	0.383240
209.000000	0.251873
210.000000	0.222850
211.000000	0.321630
212.000000	0.466745
213.000000	0.545667
214.000000	0.508498
215.000000	0.377130
216.000000	0.250855
217.000000	0.258492
218.000000	0.360327
219.000000	0.486603
220.000000	0.558397
221.000000	0.529374
222.000000	0.419901
223.000000	0.275295
224.000000	0.206047
225.000000	0.230487
226.000000	0.341488
227.000000	0.480493
228.000000	0.524282
229.000000	0.426520
230.000000	0.287515
231.000000	0.200955
232.000000	0.213685
233.000000	0.319084
234.000000	0.462672
235.000000	0.527337
236.000000	0.447396
237.000000	0.317557
238.000000	0.223868
239.000000	0.247799
240.000000	0.354217
241.000000	0.488131
242.000000	0.551778
243.000000	0.511553
244.000000	0.390369
245.000000	0.262566
246.000000	0.205538
247.000000	0.272240
248.000000	0.412263
249.000000	0.528355
250.000000	0.552796
251.000000	0.441286
252.000000	0.290570
253.000000	0.221832
254.000000	0.277332
255.000000	0.416846
256.000000	0.528355
257.000000	0.524282
258.000000	0.428048
259.000000	0.302790
260.000000	0.211139
261.000000	0.221322
262.000000	0.318575
263.000000	0.455543
264.000000	0.528865
265.000000	0.466745
266.000000	0.326213
267.000000	0.221322
268.000000	0.214194
269.000000	0.309919
270.000000	0.440777
271.000000	0.538539
272.000000	0.541085
273.000000	0.459617
274.000000	0.306864
275.000000	0.232524
276.000000	0.251873
277.000000	0.333850
278.000000	0.472855
279.000000	0.546686
280.000000	0.510025
281.000000	0.359309
282.000000	0.235579
283.000000	0.188735
284.000000	0.242708
285.000000	0.402589
286.000000	0.522755
287.000000	0.582837
288.000000	0.578255
289.000000	0.495768
290.000000	0.382222
291.000000	0.262056
292.000000	0.196373
293.000000	0.204010
294.000000	0.275295
295.000000	0.404626
296.000000	0.519190
297.000000	0.550759
298.000000	0.468782
299.000000	0.345052
300.000000	0.244235
301.000000	0.183643
302.000000	0.203501
303.000000	0.305336
304.000000	0.442305
305.000000	0.535484
306.000000	0.471837
307.000000	0.305336
308.000000	0.226414
309.000000	0.242708
310.000000	0.308901
311.000000	0.396988
312.000000	0.488640
313.000000	0.563489
314.000000	0.567562
315.000000	0.482020
316.000000	0.330286
317.000000	0.229469
318.000000	0.241689
319.000000	0.332832
320.000000	0.461653
321.000000	0.542612
322.000000	0.518172
323.000000	0.403607
324.000000	0.283442
325.000000	0.201974
326.000000	0.186189
327.000000	0.239653
328.000000	0.383240
329.000000	0.510025
330.000000	0.524282
331.000000	0.452488
332.000000	0.348107
333.000000	0.279878
334.000000	0.221832
335.000000	0.174478
336.000000	0.206556
337.000000	0.327231
338.000000	0.474892
339.000000	0.528355
340.000000	0.473874
341.000000	0.366947
342.000000	0.264602
343.000000	0.194845
344.000000	0.176515
345.000000	0.222341
346.000000	0.337414
347.000000	0.468782
348.000000	0.556360
349.000000	0.583346
350.000000	0.528865
351.000000	0.401571
352.000000	0.268676
353.000000	0.226414
354.000000	0.321630
355.000000	0.462672
356.000000	0.553305
357.000000	0.594039
358.000000	0.583856
359.000000	0.517663
360.000000	0.403098
361.000000	0.269185
362.000000	0.207065
363.000000	0.234561
364.000000	0.319593
365.000000	0.411754
366.000000	0.515626
367.000000	0.579273
368.000000	0.574181
369.000000	0.504933
370.000000	0.389860
371.000000	0.270712
372.000000	0.201974
373.000000	0.216740
374.000000	0.320612
375.000000	0.454525
376.000000	0.547195
377.000000	0.571126
378.000000	0.513589
379.000000	0.408190
380.000000	0.293625
381.000000	0.218267
382.000000	0.193827
383.000000	0.225905
384.000000	0.318575
385.000000	0.422956
386.000000	0.514608
387.000000	0.577236
388.000000	0.597094
389.000000	0.562979
390.000000	0.487112
391.000000	0.374584
392.000000	0.263584
393.000000	0.194336
394.000000	0.181097
395.000000	0.252891
396.000000	0.384259
397.000000	0.511043
398.000000	0.575709
399.000000	0.575200
400.000000	0.492204
401.000000	0.341997
402.000000	0.233543
403.000000	0.200446
404.000000	0.277332
405.000000	0.407681
406.000000	0.526319
407.000000	0.565525
408.000000	0.523264
409.000000	0.417864
410.000000	0.295153
411.000000	0.210120
412.000000	0.199428
413.000000	0.270712
414.000000	0.383749
415.000000	0.490676
416.000000	0.567562
417.000000	0.578764
418.000000	0.505952
419.000000	0.384259
420.000000	0.271731
421.000000	0.204520
422.000000	0.216231
423.000000	0.304318
424.000000	0.422447
425.000000	0.523773
426.000000	0.582837
427.000000	0.578255
428.000000	0.507479
429.000000	0.396988
430.000000	0.283951
431.000000	0.205538
432.000000	0.206047
433.000000	0.271731
434.000000	0.381204
435.000000	0.492713
436.000000	0.569090
437.000000	0.575709
438.000000	0.494241
439.000000	0.377130
440.000000	0.277332
441.000000	0.204520
442.000000	0.185680
443.000000	0.246272
444.000000	0.379167
445.000000	0.497805
446.000000	0.573672
447.000000	0.595567
448.000000	0.547704
449.000000	0.450452
450.000000	0.344543
451.000000	0.243726
452.000000	0.197391
453.000000	0.228451
454.000000	0.332832
455.000000	0.463181
456.000000	0.557379
457.000000	0.574690
458.000000	0.486094
459.000000	0.360837
460.000000	0.263075
461.000000	0.194336
462.000000	0.176006
463.000000	0.218267
464.000000	0.328249
465.000000	0.466236
466.000000	0.557888
467.000000	0.564507
468.000000	0.470819
469.000000	0.350653
470.000000	0.246781
471.000000	0.187208
472.000000	0.208593
473.000000	0.306355
474.000000	0.435176
475.000000	0.539557
476.000000	0.575200
477.000000	0.519190
478.000000	0.409208
479.000000	0.286497
480.000000	0.211139
481.000000	0.205029
482.000000	0.198919
483.000000	0.256965
484.000000	0.411245
485.000000	0.528865
486.000000	0.545158
487.000000	0.464708
488.000000	0.352690
489.000000	0.255946
490.000000	0.189753
491.000000	0.183134
492.000000	0.257983
493.000000	0.373566
494.000000	0.492204
495.000000	0.569090
496.000000	0.574181
497.000000	0.481511
498.000000	0.356763
499.000000	0.255946
500.000000	0.191790
501.000000	0.211648
502.000000	0.334359
503.000000	0.475910
504.000000	0.560434
505.000000	0.574690
506.000000	0.547195
507.000000	0.468273
508.000000	0.362873
509.000000	0.258492
510.000000	0.192808
511.000000	0.210120
512.000000	0.322139
513.000000	0.461144
514.000000	0.555851
515.000000	0.583856
516.000000	0.535993
517.000000	0.433140
518.000000	0.319593
519.000000	0.230997
520.000000	0.179570
521.000000	0.157166
522.000000	0.169386
523.000000	0.236088
524.000000	0.368474
525.000000	0.503915
526.000000	0.566034
527.000000	0.530392
528.000000	0.431103
529.000000	0.324176
530.000000	0.224377
531.000000	0.173460
532.000000	0.170405
533.000000	0.221322
534.000000	0.328249
535.000000	0.462672
536.000000	0.553305
537.000000	0.552287
538.000000	0.471837
539.000000	0.360327
540.000000	0.254928
541.000000	0.191281
542.000000	0.215212
543.000000	0.332323
544.000000	0.482020
545.000000	0.562470
546.000000	0.554323
547.000000	0.424993
548.000000	0.297699
549.000000	0.227432
550.000000	0.173969
551.000000	0.186189
552.000000	0.310937
553.000000	0.459617
554.000000	0.551778
555.000000	0.559415
556.000000	0.476929
557.000000	0.357272
558.000000	0.240671
559.000000	0.195354
560.000000	0.244744
561.000000	0.351162
562.000000	0.460635
563.000000	0.547704
564.000000	0.569599
565.000000	0.495259
566.000000	0.368474
567.000000	0.249327
568.000000	0.192808
569.000000	0.209611
570.000000	0.272749
571.000000	0.379167
572.000000	0.495768
573.000000	0.569090
574.000000	0.573163
575.000000	0.515117
576.000000	0.403607
577.000000	0.277332
578.000000	0.205538
579.000000	0.237107
580.000000	0.326722
581.000000	0.443832
582.000000	0.539557
583.000000	0.589457
584.000000	0.584874
585.000000	0.497296
586.000000	0.373566
587.000000	0.255946
588.000000	0.201974
589.000000	0.209611
590.000000	0.287515
591.000000	0.408190
592.000000	0.518172
593.000000	0.578255
594.000000	0.546686
595.000000	0.449433
596.000000	0.361855
597.000000	0.270203
598.000000	0.197900
599.000000	0.219795
600.000000	0.304318
601.000000	0.401061
602.000000	0.514608
603.000000	0.574690
604.000000	0.571126
605.000000	0.528865
606.000000	0.422447
607.000000	0.286497
608.000000	0.204010
609.000000	0.187717
610.000000	0.227942
611.000000	0.325194
612.000000	0.458598
613.000000	0.545667
614.000000	0.540067
615.000000	0.460635
616.000000	0.337924
617.000000	0.230487
618.000000	0.187717
619.000000	0.228960
620.000000	0.333341
621.000000	0.443832
622.000000	0.539048
623.000000	0.566544
624.000000	0.481002
625.000000	0.345052
626.000000	0.233033
627.000000	0.195864
628.000000	0.265111
629.000000	0.379676
630.000000	0.490167
631.000000	0.564507
632.000000	0.565525
633.000000	0.508498
634.000000	0.403098
635.000000	0.282933
636.000000	0.202483
637.000000	0.199428
638.000000	0.285479
639.000000	0.413282
640.000000	0.525300
641.000000	0.561961
642.000000	0.499842
643.000000	0.387314
644.000000	0.276823
645.000000	0.199428
646.000000	0.195864
647.000000	0.298717
648.000000	0.411754
649.000000	0.510534
650.000000	0.577236
651.000000	0.579782
652.000000	0.496277
653.000000	0.373566
654.000000	0.253910
655.000000	0.188735
656.000000	0.183643
657.000000	0.221322
658.000000	0.302281
659.000000	0.416846
660.000000	0.521736
661.000000	0.583346
662.000000	0.565016
663.000000	0.459617
664.000000	0.337414
665.000000	0.239653
666.000000	0.182625
667.000000	0.197900
668.000000	0.281405
669.000000	0.401571
670.000000	0.512062
671.000000	0.571635
672.000000	0.560943
673.000000	0.471837
674.000000	0.332323
675.000000	0.226923
676.000000	0.189753
677.000000	0.242708
678.000000	0.354726
679.000000	0.456562
680.000000	0.537011
681.000000	0.588438
682.000000	0.556360
683.000000	0.448924
684.000000	0.322139
685.000000	0.222341
686.000000	0.176515
687.000000	0.196373
688.000000	0.279368
689.000000	0.391387
690.000000	0.502387
691.000000	0.563998
692.000000	0.553814
693.000000	0.468273
694.000000	0.347598
695.000000	0.241180
696.000000	0.184662
697.000000	0.199937
698.000000	0.278859
699.000000	0.395970
700.000000	0.507479
701.000000	0.564507
702.000000	0.545667
703.000000	0.455034
704.000000	0.328249
705.000000	0.226923
706.000000	0.207065
707.000000	0.253400
708.000000	0.366947
709.000000	0.491695
710.000000	0.560434
711.000000	0.538030
712.000000	0.442814
713.000000	0.311446
714.000000	0.218267
715.000000	0.182116
716.000000	0.185680
717.000000	0.242708
718.000000	0.356763
719.000000	0.483548
720.000000	0.557888
721.000000	0.553305
722.000000	0.486094
723.000000	0.407172
724.000000	0.302281
725.000000	0.211648
726.000000	0.190772
727.000000	0.261038
728.000000	0.377639
729.000000	0.493732
730.000000	0.567562
731.000000	0.576218
732.000000	0.504424
733.000000	0.399534
734.000000	0.281405
735.000000	0.201464
736.000000	0.196373
737.000000	0.271222
738.000000	0.359309
739.000000	0.459108
740.000000	0.547195
741.000000	0.560943
742.000000	0.472855
743.000000	0.352690
744.000000	0.244744
745.000000	0.189753
746.000000	0.215721
747.000000	0.313483
748.000000	0.441796
749.000000	0.534975
750.000000	0.581310
751.000000	0.555342
752.000000	0.452488
753.000000	0.324176
754.000000	0.224377
755.000000	0.198919
756.000000	0.251873
757.000000	0.360327
758.000000	0.484566
759.000000	0.562470
760.000000	0.592002
761.000000	0.537521
762.000000	0.416337
763.000000	0.329777
764.000000	0.239143
765.000000	0.183134
766.000000	0.176515
767.000000	0.218267
768.000000	0.335378
769.000000	0.461653
770.000000	0.550250
771.000000	0.576218
772.000000	0.522755
773.000000	0.410736
774.000000	0.282423
775.000000	0.201464
776.000000	0.193318
777.000000	0.262566
778.000000	0.384259
779.000000	0.500351
780.000000	0.566544
781.000000	0.543631
782.000000	0.472346
783.000000	0.371020
784.000000	0.266639
785.000000	0.198409
786.000000	0.211648
787.000000	0.307882
788.000000	0.446378
789.000000	0.544649
790.000000	0.582837
791.000000	0.563998
792.000000	0.463690
793.000000	0.329268
794.000000	0.228451
795.000000	0.178042
796.000000	0.191790
797.000000	0.268676
798.000000	0.396988
799.000000	0.516644
800.000000	0.575200
801.000000	0.554323
802.000000	0.440268
803.000000	0.306864
804.000000	0.214194
805.000000	0.190263
806.000000	0.228451
807.000000	0.321121
808.000000	0.450452
809.000000	0.546177
810.000000	0.576218
811.000000	0.538030
812.000000	0.451979
813.000000	0.324176
814.000000	0.226923
815.000000	0.240162
816.000000	0.330286
817.000000	0.435685
818.000000	0.530901
819.000000	0.579273
820.000000	0.558397
821.000000	0.485076
822.000000	0.378149
823.000000	0.276823
824.000000	0.200446
825.000000	0.174987
826.000000	0.239143
827.000000	0.365419
828.000000	0.495259
829.000000	0.554323
830.000000	0.517663
831.000000	0.405135
832.000000	0.277841
833.000000	0.214194
834.000000	0.217758
835.000000	0.259001
836.000000	0.364401
837.000000	0.482530
838.000000	0.560943
839.000000	0.583856
840.000000	0.543122
841.000000	0.441286
842.000000	0.317047
843.000000	0.219795
844.000000	0.177024
845.000000	0.182625
846.000000	0.261547
847.000000	0.385786
848.000000	0.492204
849.000000	0.564507
850.000000	0.591493
851.000000	0.534975
852.000000	0.382731
853.000000	0.252891
854.000000	0.196882
855.000000	0.206047
856.000000	0.284969
857.000000	0.400552
858.000000	0.511043
859.000000	0.575200
860.000000	0.586911
861.000000	0.533956
862.000000	0.422956
863.000000	0.305336
864.000000	0.218267
865.000000	0.269185
866.000000	0.382222
867.000000	0.488131
868.000000	0.563489
869.000000	0.579782
870.000000	0.545158
871.000000	0.459108
872.000000	0.343525
873.000000	0.239653
874.000000	0.199937
875.000000	0.248818
876.000000	0.371529
877.000000	0.500860
878.000000	0.567053
879.000000	0.560943
880.000000	0.474383
881.000000	0.354726
882.000000	0.248818
883.000000	0.191790
884.000000	0.206556
885.000000	0.262056
886.000000	0.365419
887.000000	0.480493
888.000000	0.559415
889.000000	0.572145
890.000000	0.510534
891.000000	0.409208
892.000000	0.292607
893.000000	0.207575
894.000000	0.174987
895.000000	0.224377
896.000000	0.338942
897.000000	0.454525
898.000000	0.544649
899.000000	0.585892
900.000000	0.549232
901.000000	0.424993
902.000000	0.282423
903.000000	0.219286
904.000000	0.259001
905.000000	0.340979
906.000000	0.451979
907.000000	0.546686
908.000000	0.572654
909.000000	0.530901
910.000000	0.444851
911.000000	0.332323
912.000000	0.232015
913.000000	0.179061
914.000000	0.156657
915.000000	0.164804
916.000000	0.240671
917.000000	0.386295
918.000000	0.510025
919.000000	0.555342
920.000000	0.494750
921.000000	0.403607
922.000000	0.295153
923.000000	0.211648
924.000000	0.178552
925.000000	0.198409
926.000000	0.235070
927.000000	0.292607
928.000000	0.398516
929.000000	0.515117
930.000000	0.545667
931.000000	0.504424
932.000000	0.394951
933.000000	0.269185
934.000000	0.200955
935.000000	0.193318
936.000000	0.193827
937.000000	0.197391
938.000000	0.245254
939.000000	0.350653
940.000000	0.475401
941.000000	0.553814
942.000000	0.529883
943.000000	0.422447
944.000000	0.316029
945.000000	0.229978
946.000000	0.186698
947.000000	0.229978
948.000000	0.333341
949.000000	0.444341
950.000000	0.533447
951.000000	0.582328
952.000000	0.551268
953.000000	0.457580
954.000000	0.353199
955.000000	0.254419
956.000000	0.190772
957.000000	0.198409
958.000000	0.279878
959.000000	0.380694
960.000000	0.482020
961.000000	0.558906
962.000000	0.584874
963.000000	0.543631
964.000000	0.477438
965.000000	0.382731
966.000000	0.274277
967.000000	0.200955
968.000000	0.173460
969.000000	0.211139
970.000000	0.315520
971.000000	0.444851
972.000000	0.539048
973.000000	0.584874
974.000000	0.592512
975.000000	0.554323
976.000000	0.488640
977.000000	0.383240
978.000000	0.270712
979.000000	0.207575
980.000000	0.225396
981.000000	0.312465
982.000000	0.433649
983.000000	0.534466
984.000000	0.580801
985.000000	0.581819
986.000000	0.546686
987.000000	0.479475
988.000000	0.372038
989.000000	0.257474
990.000000	0.199937
991.000000	0.233543
992.000000	0.322648
993.000000	0.419392
994.000000	0.512571
995.000000	0.569599
996.000000	0.592002
997.000000	0.548723
998.000000	0.484057
999.000000	0.360837
1000.000000	0.257474
1001.000000	0.193827
1002.000000	0.180079
1003.000000	0.212157
1004.000000	0.304318
1005.000000	0.436704
1006.000000	0.537521
1007.000000	0.565525
1008.000000	0.540576
1009.000000	0.455034
1010.000000	0.348616
1011.000000	0.262056
1012.000000	0.196373
1013.000000	0.166840
1014.000000	0.185680
1015.000000	0.239143
1016.000000	0.303300
1017.000000	0.411754
1018.000000	0.506970
1019.000000	0.573163
1020.000000	0.589457
1021.000000	0.551268
1022.000000	0.484566
1023.000000	0.385786
1024.000000	0.281405
1025.000000	0.207575
1026.000000	0.176515
1027.000000	0.180588
1028.000000	0.212666
1029.000000	0.287006
1030.000000	0.367456
1031.000000	0.461144
1032.000000	0.544140
1033.000000	0.590475
1034.000000	0.591493
1035.000000	0.541085
1036.000000	0.430084
1037.000000	0.313483
1038.000000	0.236598
1039.000000	0.184662
1040.000000	0.192299
1041.000000	0.220304
1042.000000	0.291589
1043.000000	0.389860
1044.000000	0.499332
1045.000000	0.565525
1046.000000	0.547704
1047.000000	0.498823
1048.000000	0.444341
1049.000000	0.349635
1050.000000	0.254419
1051.000000	0.191790
1052.000000	0.175496
1053.000000	0.210120
1054.000000	0.291589
1055.000000	0.391387
1056.000000	0.482530
1057.000000	0.558906
1058.000000	0.589457
1059.000000	0.563489
1060.000000	0.471837
1061.000000	0.369493
1062.000000	0.273258
1063.000000	0.203501
1064.000000	0.172441
1065.000000	0.184152
1066.000000	0.222341
1067.000000	0.290061
1068.000000	0.381204
1069.000000	0.467254
1070.000000	0.542103
1071.000000	0.585383
1072.000000	0.568580
1073.000000	0.510025
1074.000000	0.425502
1075.000000	0.330286
1076.000000	0.246272
1077.000000	0.190263
1078.000000	0.196373
1079.000000	0.242708
1080.000000	0.305336
1081.000000	0.393424
1082.000000	0.488131
1083.000000	0.562470
1084.000000	0.582837
1085.000000	0.559924
1086.000000	0.485585
1087.000000	0.353199
1088.000000	0.246272
1089.000000	0.190772
1090.000000	0.187208
1091.000000	0.231506
1092.000000	0.292607
1093.000000	0.366437
1094.000000	0.447396
1095.000000	0.523773
1096.000000	0.580801
1097.000000	0.605241
1098.000000	0.580291
1099.000000	0.509007
1100.000000	0.421938
1101.000000	0.324685
1102.000000	0.234561
1103.000000	0.179570
1104.000000	0.152074
1105.000000	0.153602
1106.000000	0.213685
1107.000000	0.318575
1108.000000	0.440268
1109.000000	0.526828
1110.000000	0.582837
1111.000000	0.605750
1112.000000	0.586911
1113.000000	0.527337
1114.000000	0.417864
1115.000000	0.295153
1116.000000	0.212157
1117.000000	0.181607
1118.000000	0.182116
1119.000000	0.226923
1120.000000	0.301263
1121.000000	0.382222
1122.000000	0.480493
1123.000000	0.560434
1124.000000	0.584874
1125.000000	0.547704
1126.000000	0.478456
1127.000000	0.380185
1128.000000	0.278350
1129.000000	0.204520
1130.000000	0.177533
1131.000000	0.213685
1132.000000	0.291079
1133.000000	0.388332
1134.000000	0.486603
1135.000000	0.562979
1136.000000	0.596585
1137.000000	0.584365
1138.000000	0.528355
1139.000000	0.451470
1140.000000	0.367965
1141.000000	0.295153
1142.000000	0.225905
1143.000000	0.184152
1144.000000	0.182116
1145.000000	0.199937
1146.000000	0.246781
1147.000000	0.332832
1148.000000	0.427539
1149.000000	0.527337
1150.000000	0.580801
1151.000000	0.584874
1152.000000	0.531411
1153.000000	0.438740
1154.000000	0.332323
1155.000000	0.242199
1156.000000	0.189753
1157.000000	0.201464
1158.000000	0.262566
1159.000000	0.363382
1160.000000	0.467254
1161.000000	0.543631
1162.000000	0.590984
1163.000000	0.611860
1164.000000	0.599131
1165.000000	0.524791
1166.000000	0.412773
1167.000000	0.309410
1168.000000	0.223868
1169.000000	0.189244
1170.000000	0.214703
1171.000000	0.278859
1172.000000	0.378658
1173.000000	0.472346
1174.000000	0.551778
1175.000000	0.581310
1176.000000	0.548723
1177.000000	0.446887
1178.000000	0.323158
1179.000000	0.239143
1180.000000	0.185680
1181.000000	0.159203
1182.000000	0.158185
1183.000000	0.205029
1184.000000	0.297190
1185.000000	0.413791
1186.000000	0.513589
1187.000000	0.576727
1188.000000	0.588947
1189.000000	0.548213
1190.000000	0.497296
1191.000000	0.452997
1192.000000	0.435685
1193.000000	0.389350
1194.000000	0.325703
1195.000000	0.243726
1196.000000	0.187717
1197.000000	0.178042
1198.000000	0.225396
1199.000000	0.321630
1200.000000	0.427029
1201.000000	0.511553
1202.000000	0.569599
1203.000000	0.605241
1204.000000	0.612879
1205.000000	0.563998
1206.000000	0.470819
1207.000000	0.354726
1208.000000	0.248309
1209.000000	0.199428
1210.000000	0.216740
1211.000000	0.287515
1212.000000	0.395970
1213.000000	0.492713
1214.000000	0.560434
1215.000000	0.597094
1216.000000	0.575200
1217.000000	0.505952
1218.000000	0.407172
1219.000000	0.303300
1220.000000	0.225396
1221.000000	0.181097
1222.000000	0.184662
1223.000000	0.228960
1224.000000	0.304318
1225.000000	0.408699
1226.000000	0.507479
1227.000000	0.577236
1228.000000	0.593530
1229.000000	0.550250
1230.000000	0.470309
1231.000000	0.366947
1232.000000	0.279368
1233.000000	0.210120
1234.000000	0.183643
1235.000000	0.191790
1236.000000	0.220304
1237.000000	0.281405
1238.000000	0.365928
1239.000000	0.459108
1240.000000	0.535484
1241.000000	0.589966
1242.000000	0.604732
1243.000000	0.579782
1244.000000	0.515626
1245.000000	0.415828
1246.000000	0.304827
1247.000000	0.225396
1248.000000	0.177533
1249.000000	0.157675
1250.000000	0.168368
1251.000000	0.232015
1252.000000	0.355745
1253.000000	0.484566
1254.000000	0.555851
1255.000000	0.532429
1256.000000	0.439759
1257.000000	0.346580
1258.000000	0.256455
1259.000000	0.198409
1260.000000	0.204010
1261.000000	0.259511
1262.000000	0.350144
1263.000000	0.448924
1264.000000	0.541594
1265.000000	0.586911
1266.000000	0.581819
1267.000000	0.547195
1268.000000	0.501878
1269.000000	0.416846
1270.000000	0.326213
1271.000000	0.253910
1272.000000	0.195864
1273.000000	0.171932
1274.000000	0.196373
1275.000000	0.235579
1276.000000	0.305336
1277.000000	0.407681
1278.000000	0.496277
1279.000000	0.562979
1280.000000	0.596585
1281.000000	0.576218
1282.000000	0.518681
1283.000000	0.430084
1284.000000	0.326213
1285.000000	0.241689
1286.000000	0.189244
1287.000000	0.190772
1288.000000	0.247799
1289.000000	0.345561
1290.000000	0.451979
1291.000000	0.539557
1292.000000	0.589457
1293.000000	0.598113
1294.000000	0.567053
1295.000000	0.506970
1296.000000	0.428048
1297.000000	0.324176
1298.000000	0.233543
1299.000000	0.188735
1300.000000	0.188226
1301.000000	0.227432
1302.000000	0.298208
1303.000000	0.399025
1304.000000	0.496277
1305.000000	0.566544
1306.000000	0.603204
1307.000000	0.600149
1308.000000	0.555342
1309.000000	0.460126
1310.000000	0.327231
1311.000000	0.234052
1312.000000	0.188226
1313.000000	0.179061
1314.000000	0.179570
1315.000000	0.218776
1316.000000	0.290570
1317.000000	0.382731
1318.000000	0.484057
1319.000000	0.562979
1320.000000	0.580291
1321.000000	0.546686
1322.000000	0.473874
1323.000000	0.381713
1324.000000	0.284460
1325.000000	0.211139
1326.000000	0.181607
1327.000000	0.205029
1328.000000	0.282423
1329.000000	0.377130
1330.000000	0.475401
1331.000000	0.552796
1332.000000	0.597094
1333.000000	0.592002
1334.000000	0.530901
1335.000000	0.430084
1336.000000	0.320612
1337.000000	0.235579
1338.000000	0.186189
1339.000000	0.174478
1340.000000	0.211648
1341.000000	0.286497
1342.000000	0.366947
1343.000000	0.458089
1344.000000	0.544140
1345.000000	0.586402
1346.000000	0.584874
1347.000000	0.553814
1348.000000	0.465218
1349.000000	0.357782
1350.000000	0.265111
1351.000000	0.200955
1352.000000	0.176006
1353.000000	0.198919
1354.000000	0.260529
1355.000000	0.355745
1356.000000	0.452488
1357.000000	0.538539
1358.000000	0.590475
1359.000000	0.606769
1360.000000	0.604223
1361.000000	0.556360
1362.000000	0.473874
1363.000000	0.380185
1364.000000	0.283442
1365.000000	0.211648
1366.000000	0.186698
1367.000000	0.217249
1368.000000	0.277332
1369.000000	0.362364
1370.000000	0.457580
1371.000000	0.533447
1372.000000	0.584874
1373.000000	0.613897
1374.000000	0.617461
1375.000000	0.578255
1376.000000	0.494750
1377.000000	0.394442
1378.000000	0.304318
1379.000000	0.226923
1380.000000	0.202483
1381.000000	0.260529
1382.000000	0.326722
1383.000000	0.422447
1384.000000	0.524791
1385.000000	0.582837
1386.000000	0.596585
1387.000000	0.577746
1388.000000	0.515117
1389.000000	0.430084
1390.000000	0.348107
1391.000000	0.283951
1392.000000	0.235579
1393.000000	0.190772
1394.000000	0.169386
1395.000000	0.205538
1396.000000	0.272749
1397.000000	0.365419
1398.000000	0.471328
1399.000000	0.554323
1400.000000	0.578764
1401.000000	0.530392
1402.000000	0.431612
1403.000000	0.310428
1404.000000	0.223868
1405.000000	0.206047
1406.000000	0.273767
1407.000000	0.364910
1408.000000	0.445869
1409.000000	0.526319
1410.000000	0.584365
1411.000000	0.607787
1412.000000	0.584874
1413.000000	0.528865
1414.000000	0.434667
1415.000000	0.338433
1416.000000	0.257983
1417.000000	0.197900
1418.000000	0.182116
1419.000000	0.216740
1420.000000	0.303809
1421.000000	0.402080
1422.000000	0.501369
1423.000000	0.571126
1424.000000	0.602186
1425.000000	0.600149
1426.000000	0.563998
1427.000000	0.488131
1428.000000	0.393933
1429.000000	0.298208
1430.000000	0.220813
1431.000000	0.187208
1432.000000	0.210120
1433.000000	0.268167
1434.000000	0.353708
1435.000000	0.443323
1436.000000	0.526828
1437.000000	0.583856
1438.000000	0.587420
1439.000000	0.541594
1440.000000	0.464199
1441.000000	0.379167
1442.000000	0.287006
1443.000000	0.215721
1444.000000	0.186189
1445.000000	0.212666
1446.000000	0.269694
1447.000000	0.343525
1448.000000	0.434158
1449.000000	0.519190
1450.000000	0.580801
1451.000000	0.608296
1452.000000	0.594548
1453.000000	0.535993
1454.000000	0.440268
1455.000000	0.339451
1456.000000	0.250345
1457.000000	0.193827
1458.000000	0.187208
1459.000000	0.239143
1460.000000	0.316538
1461.000000	0.407681
1462.000000	0.485585
1463.000000	0.563489
1464.000000	0.590984
1465.000000	0.577236
1466.000000	0.538539
1467.000000	0.463181
1468.000000	0.363382
1469.000000	0.266130
1470.000000	0.202483
1471.000000	0.194336
1472.000000	0.252382
1473.000000	0.334869
1474.000000	0.415318
1475.000000	0.504424
1476.000000	0.559924
1477.000000	0.599131
1478.000000	0.619498
1479.000000	0.581819
1480.000000	0.496787
1481.000000	0.418883
1482.000000	0.334359
1483.000000	0.262056
1484.000000	0.200955
1485.000000	0.194845
1486.000000	0.240671
1487.000000	0.339451
1488.000000	0.437213
1489.000000	0.519190
1490.000000	0.577746
1491.000000	0.610842
1492.000000	0.611351
1493.000000	0.537011
1494.000000	0.414809
1495.000000	0.287515
1496.000000	0.212666
1497.000000	0.200955
1498.000000	0.246781
1499.000000	0.320612
1500.000000	0.387823
1501.000000	0.464199
1502.000000	0.536502
1503.000000	0.589966
1504.000000	0.600658
1505.000000	0.548723
1506.000000	0.481002
1507.000000	0.381713
1508.000000	0.276313
1509.000000	0.207575
1510.000000	0.196882
1511.000000	0.242708
1512.000000	0.333850
1513.000000	0.412263
1514.000000	0.492204
1515.000000	0.562470
1516.000000	0.602695
1517.000000	0.608805
1518.000000	0.565525
1519.000000	0.486603
1520.000000	0.407172
1521.000000	0.311446
1522.000000	0.230997
1523.000000	0.185171
1524.000000	0.184152
1525.000000	0.230997
1526.000000	0.310428
1527.000000	0.406153
1528.000000	0.499842
1529.000000	0.569090
1530.000000	0.603204
1531.000000	0.601677
1532.000000	0.568580
1533.000000	0.484566
1534.000000	0.377130
1535.000000	0.284460
1536.000000	0.212157
1537.000000	0.177024
1538.000000	0.182625
1539.000000	0.252891
1540.000000	0.373566
1541.000000	0.488640
1542.000000	0.565525
1543.000000	0.585892
1544.000000	0.568580
1545.000000	0.524791
1546.000000	0.453507
1547.000000	0.371020
1548.000000	0.287515
1549.000000	0.225396
1550.000000	0.181097
1551.000000	0.166840
1552.000000	0.199937
1553.000000	0.286497
1554.000000	0.401061
1555.000000	0.507479
1556.000000	0.571126
1557.000000	0.584874
1558.000000	0.535993
1559.000000	0.459108
1560.000000	0.354726
1561.000000	0.256965
1562.000000	0.195864
1563.000000	0.171423
1564.000000	0.193827
1565.000000	0.246272
1566.000000	0.317047
1567.000000	0.392915
1568.000000	0.478965
1569.000000	0.555342
1570.000000	0.593530
1571.000000	0.575709
1572.000000	0.503915
1573.000000	0.418373
1574.000000	0.323158
1575.000000	0.234052
1576.000000	0.193827
1577.000000	0.229978
1578.000000	0.327740
1579.000000	0.450452
1580.000000	0.543122
1581.000000	0.575200
1582.000000	0.543631
1583.000000	0.460126
1584.000000	0.352181
1585.000000	0.254419
1586.000000	0.193318
1587.000000	0.170914
1588.000000	0.186698
1589.000000	0.248818
1590.000000	0.342506
1591.000000	0.446378
1592.000000	0.530901
1593.000000	0.584365
1594.000000	0.602186
1595.000000	0.569599
1596.000000	0.483039
1597.000000	0.381204
1598.000000	0.287006
1599.000000	0.213176
1600.000000	0.181607
1601.000000	0.200446
1602.000000	0.270203
1603.000000	0.360837
1604.000000	0.461653
1605.000000	0.544140
1606.000000	0.585892
1607.000000	0.566544
1608.000000	0.498823
1609.000000	0.401061
1610.000000	0.303809
1611.000000	0.230487
1612.000000	0.183134
1613.000000	0.169386
1614.000000	0.187208
1615.000000	0.238634
1616.000000	0.332323
1617.000000	0.443323
1618.000000	0.531920
1619.000000	0.584365
1620.000000	0.597094
1621.000000	0.569090
1622.000000	0.498823
1623.000000	0.401061
1624.000000	0.310428
1625.000000	0.236598
1626.000000	0.187208
1627.000000	0.180079
1628.000000	0.234561
1629.000000	0.330286
1630.000000	0.436704
1631.000000	0.517154
1632.000000	0.574181
1633.000000	0.605241
1634.000000	0.592002
1635.000000	0.532938
1636.000000	0.448415
1637.000000	0.353199
1638.000000	0.263075
1639.000000	0.198919
1640.000000	0.166331
1641.000000	0.160221
1642.000000	0.196882
1643.000000	0.272749
1644.000000	0.381204
1645.000000	0.484057
1646.000000	0.559924
1647.000000	0.584365
1648.000000	0.552287
1649.000000	0.489149
1650.000000	0.395970
1651.000000	0.299226
1652.000000	0.225396
1653.000000	0.181607
1654.000000	0.186189
1655.000000	0.240162
1656.000000	0.341997
1657.000000	0.442814
1658.000000	0.530392
1659.000000	0.584365
1660.000000	0.601677
1661.000000	0.573163
1662.000000	0.504424
1663.000000	0.408699
1664.000000	0.324176
1665.000000	0.248818
1666.000000	0.193827
1667.000000	0.169386
1668.000000	0.195354
1669.000000	0.263075
1670.000000	0.351162
1671.000000	0.439759
1672.000000	0.518681
1673.000000	0.576727
1674.000000	0.572145
1675.000000	0.494241
1676.000000	0.398006
1677.000000	0.311446
1678.000000	0.236598
1679.000000	0.186698
1680.000000	0.166331
1681.000000	0.186189
1682.000000	0.253400
1683.000000	0.372038
1684.000000	0.491186
1685.000000	0.561961
1686.000000	0.570108
1687.000000	0.540576
1688.000000	0.481002
1689.000000	0.404626
1690.000000	0.311956
1691.000000	0.229469
1692.000000	0.183134
1693.000000	0.180079
1694.000000	0.217249
1695.000000	0.282933
1696.000000	0.352181
1697.000000	0.419901
1698.000000	0.487621
1699.000000	0.552287
1700.000000	0.592512
1701.000000	0.590475
1702.000000	0.563998
1703.000000	0.489658
1704.000000	0.417864
1705.000000	0.329268
1706.000000	0.240671
1707.000000	0.193827
1708.000000	0.210630
1709.000000	0.278859
1710.000000	0.370511
1711.000000	0.450452
1712.000000	0.531920
1713.000000	0.577746
1714.000000	0.563998
1715.000000	0.526319
1716.000000	0.467254
1717.000000	0.380694
1718.000000	0.288024
1719.000000	0.214194
1720.000000	0.185680
1721.000000	0.235579
1722.000000	0.336905
1723.000000	0.454016
1724.000000	0.543631
1725.000000	0.559924
1726.000000	0.512062
1727.000000	0.420919
1728.000000	0.339451
1729.000000	0.282423
1730.000000	0.239143
1731.000000	0.200446
1732.000000	0.166331
1733.000000	0.150547
1734.000000	0.155129
1735.000000	0.178042
1736.000000	0.245254
1737.000000	0.340979
1738.000000	0.437722
1739.000000	0.529883
1740.000000	0.575200
1741.000000	0.570108
1742.000000	0.524791
1743.000000	0.469291
1744.000000	0.406153
1745.000000	0.332323
1746.000000	0.241689
1747.000000	0.198919
1748.000000	0.204010
1749.000000	0.248818
1750.000000	0.312465
1751.000000	0.430594
1752.000000	0.528865
1753.000000	0.584365
1754.000000	0.598622
1755.000000	0.570108
1756.000000	0.485585
1757.000000	0.359309
1758.000000	0.252382
1759.000000	0.200446
1760.000000	0.204520
1761.000000	0.239143
1762.000000	0.295153
1763.000000	0.385786
1764.000000	0.471328
1765.000000	0.537521
1766.000000	0.586402
1767.000000	0.606259
1768.000000	0.607278
1769.000000	0.578764
1770.000000	0.507988
1771.000000	0.388332
1772.000000	0.275295
1773.000000	0.206047
1774.000000	0.210630
1775.000000	0.265111
1776.000000	0.339451
1777.000000	0.410227
1778.000000	0.491186
1779.000000	0.561452
1780.000000	0.594548
1781.000000	0.590984
1782.000000	0.555342
1783.000000	0.488131
1784.000000	0.423974
1785.000000	0.342506
1786.000000	0.247799
1787.000000	0.198919
1788.000000	0.194845
1789.000000	0.210120
1790.000000	0.252382
1791.000000	0.321121
1792.000000	0.392915
1793.000000	0.468782
1794.000000	0.549741
1795.000000	0.585383
1796.000000	0.568580
1797.000000	0.522245
1798.000000	0.456562
1799.000000	0.384768
1800.000000	0.307882
1801.000000	0.229978
1802.000000	0.185680
1803.000000	0.192808
1804.000000	0.236088
1805.000000	0.300754
1806.000000	0.374584
1807.000000	0.464199
1808.000000	0.546177
1809.000000	0.568071
1810.000000	0.521227
1811.000000	0.427029
1812.000000	0.310937
1813.000000	0.223868
1814.000000	0.184152
1815.000000	0.188735
1816.000000	0.229469
1817.000000	0.293116
1818.000000	0.383240
1819.000000	0.467254
1820.000000	0.544649
1821.000000	0.585383
1822.000000	0.581819
1823.000000	0.533447
1824.000000	0.473874
1825.000000	0.407681
1826.000000	0.356763
1827.000000	0.294644
1828.000000	0.231506
1829.000000	0.185680
1830.000000	0.159712
1831.000000	0.145964
1832.000000	0.154111
1833.000000	0.177533
1834.000000	0.204520
1835.000000	0.239653
1836.000000	0.291589
1837.000000	0.359818
1838.000000	0.436195
1839.000000	0.515626
1840.000000	0.574690
1841.000000	0.603204
1842.000000	0.599131
1843.000000	0.553305
1844.000000	0.492204
1845.000000	0.407172
1846.000000	0.308901
1847.000000	0.224887
1848.000000	0.185171
1849.000000	0.184662
1850.000000	0.213685
1851.000000	0.260020
1852.000000	0.331304
1853.000000	0.415318
1854.000000	0.497296
1855.000000	0.563998
1856.000000	0.596076
1857.000000	0.587420
1858.000000	0.524282
1859.000000	0.415318
1860.000000	0.327231
1861.000000	0.249327
1862.000000	0.193827
1863.000000	0.172951
1864.000000	0.198919
1865.000000	0.265621
1866.000000	0.354726
1867.000000	0.456562
1868.000000	0.542103
1869.000000	0.586911
1870.000000	0.601677
1871.000000	0.568580
1872.000000	0.490167
1873.000000	0.391387
1874.000000	0.291079
1875.000000	0.215212
1876.000000	0.181607
1877.000000	0.203501
1878.000000	0.283951
1879.000000	0.373057
1880.000000	0.456562
1881.000000	0.525810
1882.000000	0.579273
1883.000000	0.606769
1884.000000	0.609824
1885.000000	0.580801
1886.000000	0.498823
1887.000000	0.393933
1888.000000	0.297190
1889.000000	0.222341
1890.000000	0.183134
1891.000000	0.191281
1892.000000	0.238634
1893.000000	0.308391
1894.000000	0.390878
1895.000000	0.451470
1896.000000	0.502387
1897.000000	0.556869
1898.000000	0.596076
1899.000000	0.607278
1900.000000	0.583346
1901.000000	0.528355
1902.000000	0.449433
1903.000000	0.351671
1904.000000	0.256455
1905.000000	0.198409
1906.000000	0.168877
1907.000000	0.184152
1908.000000	0.229978
1909.000000	0.307882
1910.000000	0.382222
1911.000000	0.467254
1912.000000	0.543122
1913.000000	0.585892
1914.000000	0.594548
1915.000000	0.575709
1916.000000	0.513589
1917.000000	0.416337
1918.000000	0.326722
1919.000000	0.247799
1920.000000	0.193318
1921.000000	0.168368
1922.000000	0.165822
1923.000000	0.195354
1924.000000	0.271222
1925.000000	0.370511
1926.000000	0.468273
1927.000000	0.544140
1928.000000	0.584874
1929.000000	0.584874
1930.000000	0.544140
1931.000000	0.475401
1932.000000	0.395970
1933.000000	0.305846
1934.000000	0.227942
1935.000000	0.182625
1936.000000	0.170914
1937.000000	0.166840
1938.000000	0.180588
1939.000000	0.221832
1940.000000	0.278350
1941.000000	0.363892
1942.000000	0.461653
1943.000000	0.540576
1944.000000	0.585383
1945.000000	0.606259
1946.000000	0.606259
1947.000000	0.570108
1948.000000	0.499332
1949.000000	0.395461
1950.000000	0.298717
1951.000000	0.220304
1952.000000	0.179570
1953.000000	0.177533
1954.000000	0.216231
1955.000000	0.284969
1956.000000	0.368983
1957.000000	0.453507
1958.000000	0.524791
1959.000000	0.576727
1960.000000	0.593530
1961.000000	0.580291
1962.000000	0.515626
1963.000000	0.433649
1964.000000	0.356763
1965.000000	0.281405
1966.000000	0.214194
1967.000000	0.176515
1968.000000	0.169386
1969.000000	0.198409
1970.000000	0.260020
1971.000000	0.328249
1972.000000	0.383240
1973.000000	0.462163
1974.000000	0.533956
1975.000000	0.580801
1976.000000	0.605750
1977.000000	0.617970
1978.000000	0.616443
1979.000000	0.576218
1980.000000	0.544649
1981.000000	0.490167
1982.000000	0.411245
1983.000000	0.335378
1984.000000	0.271222
1985.000000	0.218267
1986.000000	0.180588
1987.000000	0.157166
1988.000000	0.152584
1989.000000	0.187208
1990.000000	0.250345
1991.000000	0.323667
1992.000000	0.393933
1993.000000	0.480493
1994.000000	0.550759
1995.000000	0.555342
1996.000000	0.472346
1997.000000	0.349635
1998.000000	0.244744
1999.000000	0.208084
2000.000000	0.214703
2001.000000	0.251364
2002.000000	0.289552
2003.000000	0.355745
2004.000000	0.439250
2005.000000	0.523264
2006.000000	0.573163
2007.000000	0.592002
2008.000000	0.589966
2009.000000	0.592512
2010.000000	0.581819
2011.000000	0.542612
2012.000000	0.492204
2013.000000	0.428048
2014.000000	0.342506
2015.000000	0.251873
2016.000000	0.200955
2017.000000	0.202483
2018.000000	0.260529
2019.000000	0.333850
2020.000000	0.413791
2021.000000	0.494750
2022.000000	0.549232
2023.000000	0.562470
2024.000000	0.587420
2025.000000	0.608805
2026.000000	0.607787
2027.000000	0.545158
2028.000000	0.454525
2029.000000	0.376112
2030.000000	0.320102
2031.000000	0.275295
2032.000000	0.222341
2033.000000	0.181607
2034.000000	0.185171
2035.000000	0.237616
2036.000000	0.326722
2037.000000	0.448415
2038.000000	0.534975
2039.000000	0.546177
2040.000000	0.493222
2041.000000	0.422447
2042.000000	0.333341
2043.000000	0.246781
2044.000000	0.190772
2045.000000	0.171932
2046.000000	0.192808
2047.000000	0.243726
2048.000000	0.301263
2049.000000	0.357782
2050.000000	0.413282
2051.000000	0.483039
2052.000000	0.544140
2053.000000	0.583346
2054.000000	0.605241
2055.000000	0.611351
2056.000000	0.582837
2057.000000	0.530392
2058.000000	0.438740
2059.000000	0.340470
2060.000000	0.260020
2061.000000	0.201464
2062.000000	0.171423
2063.000000	0.168877
2064.000000	0.197900
2065.000000	0.270712
2066.000000	0.361855
2067.000000	0.446887
2068.000000	0.521227
2069.000000	0.574690
2070.000000	0.598622
2071.000000	0.598113
2072.000000	0.575200
2073.000000	0.521736
2074.000000	0.465218
2075.000000	0.391387
2076.000000	0.315520
2077.000000	0.243217
2078.000000	0.191281
2079.000000	0.170914
2080.000000	0.180079
2081.000000	0.236598
2082.000000	0.305846
2083.000000	0.375093
2084.000000	0.452997
2085.000000	0.492204
2086.000000	0.539048
2087.000000	0.581310
2088.000000	0.590475
2089.000000	0.561452
2090.000000	0.521736
2091.000000	0.477438
2092.000000	0.413791
2093.000000	0.327740
2094.000000	0.247290
2095.000000	0.193827
2096.000000	0.174478
2097.000000	0.181097
2098.000000	0.208084
2099.000000	0.250855
2100.000000	0.297699
2101.000000	0.375093
2102.000000	0.457071
2103.000000	0.527337
2104.000000	0.576727
2105.000000	0.589966
2106.000000	0.566544
2107.000000	0.504424
2108.000000	0.426520
2109.000000	0.359818
2110.000000	0.286497
2111.000000	0.221322
2112.000000	0.180079
2113.000000	0.168877
2114.000000	0.200955
2115.000000	0.266639
2116.000000	0.338433
2117.000000	0.430084
2118.000000	0.511553
2119.000000	0.562979
2120.000000	0.592002
2121.000000	0.607278
2122.000000	0.609314
2123.000000	0.591493
2124.000000	0.554323
2125.000000	0.515117
2126.000000	0.441286
2127.000000	0.330286
2128.000000	0.240671
2129.000000	0.189753
2130.000000	0.166840
2131.000000	0.173969
2132.000000	0.238634
2133.000000	0.312974
2134.000000	0.390878
2135.000000	0.475910
2136.000000	0.549741
2137.000000	0.572145
2138.000000	0.546686
2139.000000	0.503915
2140.000000	0.456052
2141.000000	0.399025
2142.000000	0.323667
2143.000000	0.251873
2144.000000	0.197900
2145.000000	0.177024
2146.000000	0.190772
2147.000000	0.207575
2148.000000	0.250345
2149.000000	0.330795
2150.000000	0.421938
2151.000000	0.488131
2152.000000	0.543122
2153.000000	0.581819
2154.000000	0.600149
2155.000000	0.587420
2156.000000	0.556360
2157.000000	0.502897
2158.000000	0.422447
2159.000000	0.331304
2160.000000	0.247290
2161.000000	0.191790
2162.000000	0.168368
2163.000000	0.164295
2164.000000	0.184152
2165.000000	0.233543
2166.000000	0.284460
2167.000000	0.380694
2168.000000	0.489658
2169.000000	0.557888
2170.000000	0.589457
2171.000000	0.585383
2172.000000	0.541594
2173.000000	0.458598
2174.000000	0.356763
2175.000000	0.270203
2176.000000	0.210630
2177.000000	0.176006
2178.000000	0.169896
2179.000000	0.198409
2180.000000	0.255946
2181.000000	0.343015
2182.000000	0.434158
2183.000000	0.511553
2184.000000	0.566544
2185.000000	0.594039
2186.000000	0.592512
2187.000000	0.567562
2188.000000	0.503915
2189.000000	0.412263
2190.000000	0.326722
2191.000000	0.273258
2192.000000	0.225396
2193.000000	0.185680
2194.000000	0.163785
2195.000000	0.177024
2196.000000	0.229978
2197.000000	0.291079
2198.000000	0.338433
2199.000000	0.404626
2200.000000	0.475401
2201.000000	0.537011
2202.000000	0.579782
2203.000000	0.594548
2204.000000	0.570108
2205.000000	0.511043
2206.000000	0.429066
2207.000000	0.339451
2208.000000	0.257474
2209.000000	0.203501
2210.000000	0.170914
2211.000000	0.157675
2212.000000	0.160221
2213.000000	0.184152
2214.000000	0.232015
2215.000000	0.314502
2216.000000	0.419901
2217.000000	0.509516
2218.000000	0.566034
2219.000000	0.581819
2220.000000	0.542103
2221.000000	0.457580
2222.000000	0.366437
2223.000000	0.290061
2224.000000	0.232524
2225.000000	0.195354
2226.000000	0.169386
2227.000000	0.154111
2228.000000	0.159203
2229.000000	0.210120
2230.000000	0.289552
2231.000000	0.384768
2232.000000	0.470309
2233.000000	0.535993
2234.000000	0.579273
2235.000000	0.596076
2236.000000	0.600658
2237.000000	0.589457
2238.000000	0.571126
2239.000000	0.529883
2240.000000	0.461653
2241.000000	0.377130
2242.000000	0.297699
2243.000000	0.236598
2244.000000	0.191790
2245.000000	0.196882
2246.000000	0.248309
2247.000000	0.317557
2248.000000	0.410736
2249.000000	0.509007
2250.000000	0.563998
2251.000000	0.567053
2252.000000	0.515117
2253.000000	0.416337
2254.000000	0.324685
2255.000000	0.246781
2256.000000	0.196373
2257.000000	0.171423
2258.000000	0.185680
2259.000000	0.224377
2260.000000	0.276313
2261.000000	0.338433
2262.000000	0.419901
2263.000000	0.497805
2264.000000	0.554323
2265.000000	0.582328
2266.000000	0.572654
2267.000000	0.526319
2268.000000	0.466745
2269.000000	0.403098
2270.000000	0.347089
2271.000000	0.285988
2272.000000	0.229978
2273.000000	0.191790
2274.000000	0.164804
2275.000000	0.154111
2276.000000	0.165313
2277.000000	0.197900
2278.000000	0.292098
2279.000000	0.393933
2280.000000	0.470819
2281.000000	0.537011
2282.000000	0.580291
2283.000000	0.602186
2284.000000	0.606769
2285.000000	0.588438
2286.000000	0.539557
2287.000000	0.483548
2288.000000	0.400552
2289.000000	0.299735
2290.000000	0.237616
2291.000000	0.194845
2292.000000	0.188226
2293.000000	0.232524
2294.000000	0.311446
2295.000000	0.385277
2296.000000	0.461653
2297.000000	0.521227
2298.000000	0.566034
2299.000000	0.593530
2300.000000	0.586402
2301.000000	0.554323
2302.000000	0.511043
2303.000000	0.434667
2304.000000	0.349635
2305.000000	0.272240
2306.000000	0.209611
2307.000000	0.184662
2308.000000	0.172951
2309.000000	0.195354
2310.000000	0.272240
2311.000000	0.377639
2312.000000	0.476929
2313.000000	0.547195
2314.000000	0.580291
2315.000000	0.584874
2316.000000	0.586402
2317.000000	0.562470
2318.000000	0.518172
2319.000000	0.440777
2320.000000	0.343525
2321.000000	0.265111
2322.000000	0.211648
2323.000000	0.183643
2324.000000	0.203501
2325.000000	0.251364
2326.000000	0.321630
2327.000000	0.407172
2328.000000	0.481511
2329.000000	0.544140
2330.000000	0.584365
2331.000000	0.597094
2332.000000	0.573672
2333.000000	0.517154
2334.000000	0.459617
2335.000000	0.400552
2336.000000	0.327231
2337.000000	0.255437
2338.000000	0.206556
2339.000000	0.175496
2340.000000	0.170405
2341.000000	0.189753
2342.000000	0.237616
2343.000000	0.307882
2344.000000	0.377639
2345.000000	0.435685
2346.000000	0.478456
2347.000000	0.530901
2348.000000	0.576727
2349.000000	0.593021
2350.000000	0.577746
2351.000000	0.543631
2352.000000	0.492713
2353.000000	0.428048
2354.000000	0.348107
2355.000000	0.271222
2356.000000	0.214194
2357.000000	0.178042
2358.000000	0.161240
2359.000000	0.173969
2360.000000	0.226414
2361.000000	0.300245
2362.000000	0.385277
2363.000000	0.468782
2364.000000	0.534466
2365.000000	0.579273
2366.000000	0.588947
2367.000000	0.559924
2368.000000	0.501878
2369.000000	0.418373
2370.000000	0.341997
2371.000000	0.273258
2372.000000	0.218776
2373.000000	0.181097
2374.000000	0.168877
2375.000000	0.184662
2376.000000	0.226414
2377.000000	0.287515
2378.000000	0.344543
2379.000000	0.423465
2380.000000	0.500351
2381.000000	0.555342
2382.000000	0.589966
2383.000000	0.595058
2384.000000	0.570617
2385.000000	0.531920
2386.000000	0.487112
2387.000000	0.423465
2388.000000	0.349635
2389.000000	0.281405
2390.000000	0.217758
2391.000000	0.184152
2392.000000	0.194336
2393.000000	0.228451
2394.000000	0.287515
2395.000000	0.373057
2396.000000	0.464199
2397.000000	0.528865
2398.000000	0.574690
2399.000000	0.593021
2400.000000	0.572145
2401.000000	0.506461
2402.000000	0.434158
2403.000000	0.379167
2404.000000	0.319084
2405.000000	0.259001
2406.000000	0.207065
2407.000000	0.175496
2408.000000	0.175496
2409.000000	0.212157
2410.000000	0.268167
2411.000000	0.339451
2412.000000	0.403098
2413.000000	0.472855
2414.000000	0.537011
2415.000000	0.579273
2416.000000	0.599640
2417.000000	0.595058
2418.000000	0.581819
2419.000000	0.555342
2420.000000	0.491695
2421.000000	0.401571
2422.000000	0.311446
2423.000000	0.233543
2424.000000	0.187717
2425.000000	0.167350
2426.000000	0.173460
2427.000000	0.210120
2428.000000	0.266130
2429.000000	0.323158
2430.000000	0.394442
2431.000000	0.466745
2432.000000	0.526319
2433.000000	0.569599
2434.000000	0.595058
2435.000000	0.596585
2436.000000	0.568580
2437.000000	0.522755
2438.000000	0.468782
2439.000000	0.393424
2440.000000	0.308391
2441.000000	0.229469
2442.000000	0.190772
2443.000000	0.182116
2444.000000	0.212157
2445.000000	0.271222
2446.000000	0.367456
2447.000000	0.461144
2448.000000	0.539048
2449.000000	0.569599
2450.000000	0.537011
2451.000000	0.481511
2452.000000	0.417355
2453.000000	0.367456
2454.000000	0.299735
2455.000000	0.223868
2456.000000	0.188735
2457.000000	0.184662
2458.000000	0.209102
2459.000000	0.282423
2460.000000	0.353708
2461.000000	0.408190
2462.000000	0.455034
2463.000000	0.518172
2464.000000	0.567053
2465.000000	0.595058
2466.000000	0.606769
2467.000000	0.604732
2468.000000	0.587929
2469.000000	0.544140
2470.000000	0.477947
2471.000000	0.399025
2472.000000	0.336396
2473.000000	0.278350
2474.000000	0.218267
2475.000000	0.180588
2476.000000	0.168877
2477.000000	0.197900
2478.000000	0.259001
2479.000000	0.338433
2480.000000	0.415318
2481.000000	0.479984
2482.000000	0.543631
2483.000000	0.577236
2484.000000	0.553305
2485.000000	0.491695
2486.000000	0.397497
2487.000000	0.301263
2488.000000	0.232524
2489.000000	0.195864
2490.000000	0.218776
2491.000000	0.270203
2492.000000	0.316538
2493.000000	0.386295
2494.000000	0.485076
2495.000000	0.552796
2496.000000	0.589457
2497.000000	0.598622
2498.000000	0.562470
2499.000000	0.499332
2500.000000	0.426520
2501.000000	0.356763
2502.000000	0.300754
2503.000000	0.257983
2504.000000	0.223868
2505.000000	0.190772
2506.000000	0.170405
2507.000000	0.173460
2508.000000	0.194845
2509.000000	0.240671
2510.000000	0.315011
2511.000000	0.393933
2512.000000	0.459617
2513.000000	0.531411
2514.000000	0.575200
2515.000000	0.563489
2516.000000	0.518681
2517.000000	0.456052
2518.000000	0.372548
2519.000000	0.291589
2520.000000	0.226923
2521.000000	0.189244
2522.000000	0.186189
2523.000000	0.207575
2524.000000	0.244744
2525.000000	0.309919
2526.000000	0.388841
2527.000000	0.469800
2528.000000	0.539557
2529.000000	0.581310
2530.000000	0.581310
2531.000000	0.549741
2532.000000	0.494750
2533.000000	0.425502
2534.000000	0.341488
2535.000000	0.283442
2536.000000	0.243726
2537.000000	0.203501
2538.000000	0.178552
2539.000000	0.180079
2540.000000	0.208084
2541.000000	0.271731
2542.000000	0.365419
2543.000000	0.476929
2544.000000	0.549232
2545.000000	0.587420
2546.000000	0.593021
2547.000000	0.549741
2548.000000	0.488640
2549.000000	0.403607
2550.000000	0.323667
2551.000000	0.267148
2552.000000	0.224887
2553.000000	0.196373
2554.000000	0.171932
2555.000000	0.160730
2556.000000	0.162258
2557.000000	0.190263
2558.000000	0.264602
2559.000000	0.367965
2560.000000	0.465727
2561.000000	0.540576
2562.000000	0.582328
2563.000000	0.599640
2564.000000	0.592002
2565.000000	0.557888
2566.000000	0.521227
2567.000000	0.462672
2568.000000	0.386805
2569.000000	0.313483
2570.000000	0.252891
2571.000000	0.209102
2572.000000	0.179061
2573.000000	0.166840
2574.000000	0.169896
2575.000000	0.183643
2576.000000	0.214703
2577.000000	0.277841
2578.000000	0.354726
2579.000000	0.429575
2580.000000	0.494241
2581.000000	0.544140
2582.000000	0.583856
2583.000000	0.596076
2584.000000	0.584365
2585.000000	0.543122
2586.000000	0.475401
2587.000000	0.387823
2588.000000	0.298717
2589.000000	0.228960
2590.000000	0.194336
2591.000000	0.194336
2592.000000	0.216231
2593.000000	0.262566
