34.000000	0.347089
35.000000	0.330286
36.000000	0.302790
37.000000	0.281405
38.000000	0.281405
39.000000	0.296680
40.000000	0.316029
41.000000	0.332323
42.000000	0.346580
43.000000	0.347598
44.000000	0.332832
45.000000	0.311956
46.000000	0.289043
47.000000	0.277332
48.000000	0.281405
49.000000	0.308391
50.000000	0.332323
51.000000	0.345561
52.000000	0.345052
53.000000	0.324685
54.000000	0.297699
55.000000	0.283442
56.000000	0.285479
57.000000	0.304318
58.000000	0.327231
59.000000	0.344034
60.000000	0.344543
61.000000	0.324176
62.000000	0.299735
63.000000	0.288024
64.000000	0.292098
65.000000	0.307373
66.000000	0.330795
67.000000	0.346580
68.000000	0.344543
69.000000	0.330795
70.000000	0.309919
71.000000	0.294135
72.000000	0.285479
73.000000	0.295662
74.000000	0.318066
75.000000	0.339451
76.000000	0.336396
77.000000	0.315520
78.000000	0.296171
79.000000	0.290570
80.000000	0.300754
81.000000	0.324176
82.000000	0.343525
83.000000	0.348107
84.000000	0.334359
85.000000	0.311956
86.000000	0.294644
87.000000	0.291589
88.000000	0.307882
89.000000	0.333341
90.000000	0.348616
91.000000	0.347089
92.000000	0.331304
93.000000	0.308391
94.000000	0.296171
95.000000	0.303300
96.000000	0.322139
97.000000	0.339451
98.000000	0.349635
99.000000	0.347598
100.000000	0.336396
101.000000	0.317557
102.000000	0.298717
103.000000	0.301772
104.000000	0.322139
105.000000	0.342506
106.000000	0.345561
107.000000	0.329777
108.000000	0.306864
109.000000	0.297190
110.000000	0.307882
111.000000	0.325703
112.000000	0.342506
113.000000	0.345561
114.000000	0.339960
115.000000	0.323158
116.000000	0.301772
117.000000	0.294135
118.000000	0.307373
119.000000	0.328249
120.000000	0.343525
121.000000	0.339960
122.000000	0.319593
123.000000	0.300245
124.000000	0.292098
125.000000	0.298208
126.000000	0.318066
127.000000	0.335887
128.000000	0.329268
129.000000	0.315011
130.000000	0.297699
131.000000	0.295662
132.000000	0.309919
133.000000	0.330286
134.000000	0.337924
135.000000	0.328758
136.000000	0.313992
137.000000	0.300245
138.000000	0.290061
139.000000	0.289043
140.000000	0.299735
141.000000	0.315011
142.000000	0.332323
143.000000	0.336905
144.000000	0.323158
145.000000	0.304827
146.000000	0.291079
147.000000	0.292607
148.000000	0.304318
149.000000	0.324176
150.000000	0.335378
151.000000	0.331814
152.000000	0.319084
153.000000	0.300245
154.000000	0.290061
155.000000	0.294644
156.000000	0.310937
157.000000	0.328249
158.000000	0.338942
159.000000	0.343525
160.000000	0.334359
161.000000	0.317047
162.000000	0.297699
163.000000	0.290061
164.000000	0.293625
165.000000	0.310937
166.000000	0.330286
167.000000	0.331814
168.000000	0.318066
169.000000	0.299735
170.000000	0.305336
171.000000	0.324685
172.000000	0.334869
173.000000	0.328249
174.000000	0.309410
175.000000	0.293625
176.000000	0.289552
177.000000	0.299226
178.000000	0.311446
179.000000	0.325703
180.000000	0.337924
181.000000	0.334869
182.000000	0.325194
183.000000	0.310428
184.000000	0.298717
185.000000	0.290570
186.000000	0.301263
187.000000	0.321630
188.000000	0.333341
189.000000	0.331814
190.000000	0.323158
191.000000	0.307373
192.000000	0.294644
193.000000	0.299735
194.000000	0.313992
195.000000	0.330795
196.000000	0.335887
197.000000	0.325703
198.000000	0.306864
199.000000	0.297190
200.000000	0.301772
201.000000	0.318575
202.000000	0.334359
203.000000	0.338433
204.000000	0.327740
205.000000	0.308901
206.000000	0.301772
207.000000	0.315011
208.000000	0.331814
209.000000	0.339960
210.000000	0.330286
211.000000	0.311956
212.000000	0.301772
213.000000	0.313992
214.000000	0.329777
215.000000	0.341488
216.000000	0.336905
217.000000	0.317557
218.000000	0.302281
219.000000	0.297699
220.000000	0.304318
221.000000	0.325703
222.000000	0.333341
223.000000	0.320612
224.000000	0.304827
225.000000	0.295662
226.000000	0.291079
227.000000	0.297699
228.000000	0.315011
229.000000	0.331814
230.000000	0.340470
231.000000	0.335378
232.000000	0.321630
233.000000	0.304318
234.000000	0.299226
235.000000	0.303809
236.000000	0.322648
237.000000	0.336396
238.000000	0.322648
239.000000	0.307373
240.000000	0.307882
241.000000	0.321121
242.000000	0.336396
243.000000	0.337414
244.000000	0.323158
245.000000	0.308391
246.000000	0.299226
247.000000	0.299735
248.000000	0.313483
249.000000	0.329777
250.000000	0.339451
251.000000	0.331304
252.000000	0.315011
253.000000	0.300754
254.000000	0.296171
255.000000	0.303809
256.000000	0.321630
257.000000	0.335378
258.000000	0.337414
259.000000	0.323158
260.000000	0.307882
261.000000	0.297699
262.000000	0.304318
263.000000	0.322648
264.000000	0.337924
265.000000	0.337414
266.000000	0.324685
267.000000	0.305846
268.000000	0.300754
269.000000	0.308901
270.000000	0.323667
271.000000	0.337924
272.000000	0.336905
273.000000	0.325703
274.000000	0.309410
275.000000	0.298717
276.000000	0.304318
277.000000	0.321121
278.000000	0.332323
279.000000	0.329268
280.000000	0.313483
281.000000	0.299226
282.000000	0.293625
283.000000	0.301772
284.000000	0.320102
285.000000	0.333341
286.000000	0.333341
287.000000	0.317557
288.000000	0.301772
289.000000	0.297699
290.000000	0.307882
291.000000	0.321121
292.000000	0.334359
293.000000	0.334869
294.000000	0.323158
295.000000	0.307373
296.000000	0.296171
297.000000	0.294644
298.000000	0.304827
299.000000	0.321630
300.000000	0.332832
301.000000	0.330286
302.000000	0.316538
303.000000	0.301772
304.000000	0.293625
305.000000	0.297190
306.000000	0.310937
307.000000	0.325703
308.000000	0.335378
309.000000	0.333850
310.000000	0.325194
311.000000	0.312465
312.000000	0.298717
313.000000	0.292098
314.000000	0.297190
315.000000	0.310428
316.000000	0.324685
317.000000	0.333850
318.000000	0.331814
319.000000	0.320102
320.000000	0.308391
321.000000	0.297699
322.000000	0.291589
323.000000	0.292098
324.000000	0.302281
325.000000	0.319593
326.000000	0.331304
327.000000	0.331304
328.000000	0.322139
329.000000	0.308391
330.000000	0.298717
331.000000	0.291589
332.000000	0.295153
333.000000	0.307373
334.000000	0.322139
335.000000	0.332323
336.000000	0.336905
337.000000	0.330286
338.000000	0.318066
339.000000	0.305846
340.000000	0.298208
341.000000	0.292098
342.000000	0.294135
343.000000	0.303809
344.000000	0.312465
345.000000	0.316538
346.000000	0.320612
347.000000	0.328249
348.000000	0.334359
349.000000	0.340470
350.000000	0.338433
351.000000	0.328249
352.000000	0.311446
353.000000	0.299735
354.000000	0.294644
355.000000	0.297699
356.000000	0.308391
357.000000	0.322139
358.000000	0.331304
359.000000	0.333341
360.000000	0.324685
361.000000	0.315520
362.000000	0.303809
363.000000	0.293625
364.000000	0.291079
365.000000	0.295153
366.000000	0.311446
367.000000	0.327231
368.000000	0.330795
369.000000	0.325703
370.000000	0.312974
371.000000	0.298208
372.000000	0.292098
373.000000	0.293625
374.000000	0.304318
375.000000	0.318066
376.000000	0.328758
377.000000	0.334869
378.000000	0.331814
379.000000	0.322139
380.000000	0.308901
381.000000	0.298717
382.000000	0.293116
383.000000	0.293116
384.000000	0.302790
385.000000	0.315011
386.000000	0.328249
387.000000	0.333341
388.000000	0.330795
389.000000	0.318066
390.000000	0.303300
391.000000	0.295662
392.000000	0.295662
393.000000	0.303809
394.000000	0.316029
395.000000	0.328758
396.000000	0.336396
397.000000	0.333341
398.000000	0.323667
399.000000	0.311446
400.000000	0.299226
401.000000	0.295662
402.000000	0.298208
403.000000	0.310937
404.000000	0.326722
405.000000	0.333850
406.000000	0.330286
407.000000	0.323158
408.000000	0.311446
409.000000	0.303300
410.000000	0.294135
411.000000	0.292607
412.000000	0.298717
413.000000	0.307882
414.000000	0.318066
415.000000	0.330286
416.000000	0.333850
417.000000	0.328249
418.000000	0.315520
419.000000	0.303809
420.000000	0.301772
421.000000	0.301263
422.000000	0.304318
423.000000	0.315011
424.000000	0.327740
425.000000	0.334869
426.000000	0.333341
427.000000	0.325703
428.000000	0.312465
429.000000	0.301263
430.000000	0.297699
431.000000	0.303300
432.000000	0.315011
433.000000	0.327231
434.000000	0.334869
435.000000	0.334359
436.000000	0.323158
437.000000	0.311956
438.000000	0.302790
439.000000	0.296171
440.000000	0.292098
441.000000	0.293116
442.000000	0.304318
443.000000	0.320612
444.000000	0.331814
445.000000	0.331814
446.000000	0.323667
447.000000	0.316029
448.000000	0.306355
449.000000	0.301263
450.000000	0.302281
451.000000	0.305846
452.000000	0.318575
453.000000	0.329268
454.000000	0.334359
455.000000	0.335887
456.000000	0.327740
457.000000	0.318066
458.000000	0.306864
459.000000	0.299226
460.000000	0.299735
461.000000	0.305846
462.000000	0.315520
463.000000	0.328758
464.000000	0.335887
465.000000	0.331814
466.000000	0.322139
467.000000	0.310428
468.000000	0.302790
469.000000	0.301772
470.000000	0.307373
471.000000	0.318575
472.000000	0.327740
473.000000	0.336396
474.000000	0.338433
475.000000	0.331814
476.000000	0.321121
477.000000	0.307882
478.000000	0.301772
479.000000	0.301772
480.000000	0.309919
481.000000	0.321121
482.000000	0.330286
483.000000	0.337414
484.000000	0.336396
485.000000	0.328758
486.000000	0.316029
487.000000	0.304318
488.000000	0.300754
489.000000	0.304318
490.000000	0.315011
491.000000	0.326722
492.000000	0.335378
493.000000	0.336396
494.000000	0.331304
495.000000	0.321121
496.000000	0.309410
497.000000	0.302790
498.000000	0.304318
499.000000	0.311446
500.000000	0.324176
501.000000	0.333341
502.000000	0.338433
503.000000	0.333850
504.000000	0.322648
505.000000	0.312465
506.000000	0.303809
507.000000	0.303300
508.000000	0.308391
509.000000	0.319084
510.000000	0.328249
511.000000	0.336396
512.000000	0.338942
513.000000	0.335887
514.000000	0.328249
515.000000	0.318575
516.000000	0.307882
517.000000	0.303300
518.000000	0.303809
519.000000	0.315520
520.000000	0.328249
521.000000	0.336905
522.000000	0.339960
523.000000	0.340979
524.000000	0.334359
525.000000	0.324176
526.000000	0.311446
527.000000	0.304318
528.000000	0.305336
529.000000	0.316029
530.000000	0.325194
531.000000	0.334869
532.000000	0.338433
533.000000	0.338433
534.000000	0.333850
535.000000	0.323158
536.000000	0.311956
537.000000	0.305846
538.000000	0.308901
539.000000	0.319084
540.000000	0.331304
541.000000	0.337924
542.000000	0.340470
543.000000	0.339960
544.000000	0.336396
545.000000	0.326213
546.000000	0.316029
547.000000	0.307373
548.000000	0.303300
549.000000	0.305846
550.000000	0.308391
551.000000	0.313992
552.000000	0.323158
553.000000	0.331304
554.000000	0.338433
555.000000	0.335378
556.000000	0.321630
557.000000	0.309919
558.000000	0.303809
559.000000	0.304827
560.000000	0.312974
561.000000	0.326213
562.000000	0.335378
563.000000	0.334869
564.000000	0.326213
565.000000	0.316029
566.000000	0.306355
567.000000	0.303300
568.000000	0.305846
569.000000	0.312974
570.000000	0.324176
571.000000	0.334359
572.000000	0.335378
573.000000	0.328758
574.000000	0.319084
575.000000	0.308391
576.000000	0.304827
577.000000	0.310937
578.000000	0.322139
579.000000	0.332323
580.000000	0.338433
581.000000	0.337924
582.000000	0.331304
583.000000	0.321630
584.000000	0.311446
585.000000	0.304827
586.000000	0.303809
587.000000	0.311446
588.000000	0.321630
589.000000	0.331814
590.000000	0.336905
591.000000	0.338433
592.000000	0.333341
593.000000	0.323667
594.000000	0.313483
595.000000	0.306355
596.000000	0.302790
597.000000	0.307882
598.000000	0.319593
599.000000	0.330286
600.000000	0.337414
601.000000	0.338433
602.000000	0.334869
603.000000	0.325194
604.000000	0.314502
605.000000	0.305846
606.000000	0.305336
607.000000	0.311956
608.000000	0.320612
609.000000	0.329777
610.000000	0.336905
611.000000	0.334359
612.000000	0.328249
613.000000	0.318066
614.000000	0.307882
615.000000	0.303809
616.000000	0.304827
617.000000	0.309919
618.000000	0.319593
619.000000	0.330286
620.000000	0.335378
621.000000	0.332323
622.000000	0.327231
623.000000	0.318575
624.000000	0.309410
625.000000	0.302790
626.000000	0.303809
627.000000	0.313992
628.000000	0.325194
629.000000	0.334359
630.000000	0.335887
631.000000	0.331814
632.000000	0.324685
633.000000	0.313483
634.000000	0.304318
635.000000	0.302281
636.000000	0.303809
637.000000	0.310937
638.000000	0.321121
639.000000	0.331814
640.000000	0.336396
641.000000	0.335378
642.000000	0.328758
643.000000	0.320102
644.000000	0.312974
645.000000	0.304827
646.000000	0.302281
647.000000	0.305846
648.000000	0.315520
649.000000	0.327231
650.000000	0.334869
651.000000	0.333850
652.000000	0.328249
653.000000	0.317557
654.000000	0.308901
655.000000	0.303809
656.000000	0.303300
657.000000	0.310937
658.000000	0.323667
659.000000	0.332323
660.000000	0.335887
661.000000	0.330286
662.000000	0.321121
663.000000	0.311956
664.000000	0.306355
665.000000	0.303300
666.000000	0.306864
667.000000	0.317047
668.000000	0.323667
669.000000	0.330795
670.000000	0.334359
671.000000	0.334359
672.000000	0.328249
673.000000	0.317047
674.000000	0.307373
675.000000	0.303300
676.000000	0.305336
677.000000	0.315011
678.000000	0.323158
679.000000	0.331814
680.000000	0.336396
681.000000	0.335378
682.000000	0.325194
683.000000	0.313483
684.000000	0.305846
685.000000	0.304827
686.000000	0.312465
687.000000	0.324685
688.000000	0.331814
689.000000	0.333850
690.000000	0.329268
691.000000	0.319084
692.000000	0.309410
693.000000	0.304318
694.000000	0.303809
695.000000	0.312465
696.000000	0.323667
697.000000	0.331814
698.000000	0.333850
699.000000	0.329777
700.000000	0.322139
701.000000	0.310937
702.000000	0.304318
703.000000	0.301263
704.000000	0.304827
705.000000	0.313992
706.000000	0.326213
707.000000	0.332832
708.000000	0.334359
709.000000	0.326722
710.000000	0.316538
711.000000	0.306864
712.000000	0.303300
713.000000	0.306864
714.000000	0.316029
715.000000	0.324176
716.000000	0.331814
717.000000	0.333850
718.000000	0.329268
719.000000	0.319593
720.000000	0.308901
721.000000	0.302281
722.000000	0.300245
723.000000	0.305846
724.000000	0.313992
725.000000	0.324176
726.000000	0.332832
727.000000	0.333850
728.000000	0.330286
729.000000	0.325703
730.000000	0.317557
731.000000	0.310937
732.000000	0.303809
733.000000	0.300754
734.000000	0.302790
735.000000	0.311446
736.000000	0.324176
737.000000	0.332323
738.000000	0.334359
739.000000	0.330286
740.000000	0.324685
741.000000	0.315520
742.000000	0.308901
743.000000	0.302281
744.000000	0.301263
745.000000	0.305846
746.000000	0.315520
747.000000	0.324685
748.000000	0.332832
749.000000	0.334869
750.000000	0.331814
751.000000	0.323158
752.000000	0.311446
753.000000	0.303809
754.000000	0.304827
755.000000	0.309919
756.000000	0.317047
757.000000	0.326213
758.000000	0.331814
759.000000	0.327231
760.000000	0.320102
761.000000	0.312974
762.000000	0.303809
763.000000	0.302281
764.000000	0.306355
765.000000	0.315520
766.000000	0.324176
767.000000	0.331814
768.000000	0.331814
769.000000	0.324685
770.000000	0.315520
771.000000	0.305846
772.000000	0.302790
773.000000	0.306864
774.000000	0.315520
775.000000	0.324685
776.000000	0.330286
777.000000	0.329777
778.000000	0.323158
779.000000	0.315011
780.000000	0.306864
781.000000	0.302281
782.000000	0.300754
783.000000	0.304318
784.000000	0.312974
785.000000	0.324176
786.000000	0.331304
787.000000	0.328758
788.000000	0.323158
789.000000	0.312974
790.000000	0.304827
791.000000	0.301263
792.000000	0.305846
793.000000	0.313992
794.000000	0.323158
795.000000	0.329777
796.000000	0.334869
797.000000	0.332832
798.000000	0.329268
799.000000	0.323158
800.000000	0.316538
801.000000	0.308391
802.000000	0.301772
803.000000	0.299226
804.000000	0.304318
805.000000	0.313992
806.000000	0.323667
807.000000	0.328758
808.000000	0.325703
809.000000	0.317047
810.000000	0.309919
811.000000	0.305336
812.000000	0.300754
813.000000	0.298208
814.000000	0.299735
815.000000	0.306864
816.000000	0.318575
817.000000	0.326722
818.000000	0.328758
819.000000	0.322139
820.000000	0.311956
821.000000	0.303809
822.000000	0.301263
823.000000	0.304827
824.000000	0.313483
825.000000	0.323158
826.000000	0.330286
827.000000	0.330286
828.000000	0.332323
829.000000	0.330795
830.000000	0.324685
831.000000	0.313483
832.000000	0.303809
833.000000	0.301263
834.000000	0.305336
835.000000	0.313992
836.000000	0.323158
837.000000	0.330286
838.000000	0.333341
839.000000	0.329268
840.000000	0.317557
841.000000	0.310428
842.000000	0.304827
843.000000	0.300245
844.000000	0.297190
845.000000	0.299735
846.000000	0.309919
847.000000	0.322139
848.000000	0.328249
849.000000	0.330286
850.000000	0.324176
851.000000	0.311446
852.000000	0.304827
853.000000	0.304318
854.000000	0.304318
855.000000	0.308901
856.000000	0.318066
857.000000	0.326213
858.000000	0.326722
859.000000	0.318066
860.000000	0.309410
861.000000	0.302281
862.000000	0.304318
863.000000	0.311956
864.000000	0.322648
865.000000	0.328249
866.000000	0.329777
867.000000	0.330795
868.000000	0.330286
869.000000	0.327740
870.000000	0.321121
871.000000	0.310428
872.000000	0.302790
873.000000	0.303300
874.000000	0.307373
875.000000	0.318066
876.000000	0.324685
877.000000	0.328249
878.000000	0.324685
879.000000	0.315520
880.000000	0.306864
881.000000	0.301263
882.000000	0.299226
883.000000	0.303809
884.000000	0.311956
885.000000	0.317047
886.000000	0.322139
887.000000	0.327231
888.000000	0.326213
889.000000	0.318066
890.000000	0.309410
891.000000	0.301772
892.000000	0.297699
893.000000	0.300245
894.000000	0.307882
895.000000	0.317557
896.000000	0.325703
897.000000	0.328758
898.000000	0.327231
899.000000	0.322648
900.000000	0.314502
901.000000	0.304827
902.000000	0.299735
903.000000	0.300754
904.000000	0.306355
905.000000	0.315011
906.000000	0.323158
907.000000	0.328758
908.000000	0.330286
909.000000	0.326722
910.000000	0.322139
911.000000	0.312465
912.000000	0.304318
913.000000	0.300245
914.000000	0.303300
915.000000	0.310428
916.000000	0.317047
917.000000	0.323158
918.000000	0.328758
919.000000	0.329777
920.000000	0.324176
921.000000	0.315520
922.000000	0.307373
923.000000	0.300245
924.000000	0.299226
925.000000	0.302790
926.000000	0.308901
927.000000	0.317557
928.000000	0.324685
929.000000	0.327740
930.000000	0.326722
931.000000	0.321630
932.000000	0.313483
933.000000	0.303300
934.000000	0.298717
935.000000	0.296680
936.000000	0.296171
937.000000	0.297699
938.000000	0.305336
939.000000	0.312974
940.000000	0.321630
941.000000	0.327231
942.000000	0.328758
943.000000	0.325703
944.000000	0.322648
945.000000	0.313992
946.000000	0.305846
947.000000	0.300245
948.000000	0.300245
949.000000	0.308901
950.000000	0.317557
951.000000	0.324176
952.000000	0.328249
953.000000	0.327740
954.000000	0.317557
955.000000	0.305846
956.000000	0.301263
957.000000	0.298208
958.000000	0.303300
959.000000	0.314502
960.000000	0.323667
961.000000	0.327740
962.000000	0.328758
963.000000	0.323158
964.000000	0.312974
965.000000	0.303809
966.000000	0.298717
967.000000	0.298717
968.000000	0.302281
969.000000	0.309919
970.000000	0.316029
971.000000	0.323158
972.000000	0.326722
973.000000	0.330286
974.000000	0.330795
975.000000	0.326722
976.000000	0.320612
977.000000	0.308901
978.000000	0.301263
979.000000	0.299735
980.000000	0.305336
981.000000	0.312974
982.000000	0.321121
983.000000	0.326722
984.000000	0.328249
985.000000	0.326722
986.000000	0.320612
987.000000	0.311446
988.000000	0.303300
989.000000	0.299226
990.000000	0.299735
991.000000	0.308901
992.000000	0.318066
993.000000	0.325194
994.000000	0.329777
995.000000	0.331304
996.000000	0.330286
997.000000	0.327231
998.000000	0.324176
999.000000	0.318575
1000.000000	0.310937
1001.000000	0.302281
1002.000000	0.298208
1003.000000	0.296171
1004.000000	0.299226
1005.000000	0.302790
1006.000000	0.309919
1007.000000	0.318066
1008.000000	0.324685
1009.000000	0.328249
1010.000000	0.329777
1011.000000	0.331304
1012.000000	0.328758
1013.000000	0.322648
1014.000000	0.313992
1015.000000	0.305846
1016.000000	0.299735
1017.000000	0.298717
1018.000000	0.304318
1019.000000	0.313992
1020.000000	0.322648
1021.000000	0.327740
1022.000000	0.326213
1023.000000	0.320612
1024.000000	0.312974
1025.000000	0.307373
1026.000000	0.301772
1027.000000	0.299226
1028.000000	0.303809
1029.000000	0.313992
1030.000000	0.320612
1031.000000	0.327231
1032.000000	0.328249
1033.000000	0.326213
1034.000000	0.320102
1035.000000	0.313992
1036.000000	0.309919
1037.000000	0.305846
1038.000000	0.300245
1039.000000	0.298208
1040.000000	0.297190
1041.000000	0.301263
1042.000000	0.306355
1043.000000	0.313992
1044.000000	0.321630
1045.000000	0.326722
1046.000000	0.330286
1047.000000	0.330795
1048.000000	0.329777
1049.000000	0.323158
1050.000000	0.313992
1051.000000	0.305846
1052.000000	0.300754
1053.000000	0.299226
1054.000000	0.303300
1055.000000	0.309410
1056.000000	0.316538
1057.000000	0.324685
1058.000000	0.325703
1059.000000	0.320102
1060.000000	0.318575
1061.000000	0.316029
1062.000000	0.311446
1063.000000	0.305336
1064.000000	0.300245
1065.000000	0.299735
1066.000000	0.302281
1067.000000	0.308391
1068.000000	0.316029
1069.000000	0.323667
1070.000000	0.325703
1071.000000	0.325703
1072.000000	0.321630
1073.000000	0.315011
1074.000000	0.308391
1075.000000	0.301263
1076.000000	0.297190
1077.000000	0.296171
1078.000000	0.296171
1079.000000	0.299226
1080.000000	0.308901
1081.000000	0.318575
1082.000000	0.325194
1083.000000	0.327231
1084.000000	0.326213
1085.000000	0.320102
1086.000000	0.313992
1087.000000	0.310937
1088.000000	0.308901
1089.000000	0.304827
1090.000000	0.301263
1091.000000	0.298208
1092.000000	0.299735
1093.000000	0.306355
1094.000000	0.311956
1095.000000	0.319593
1096.000000	0.324685
1097.000000	0.329268
1098.000000	0.330286
1099.000000	0.329777
1100.000000	0.323158
1101.000000	0.310937
1102.000000	0.301263
1103.000000	0.297190
1104.000000	0.296171
1105.000000	0.301772
1106.000000	0.310937
1107.000000	0.319084
1108.000000	0.325194
1109.000000	0.327231
1110.000000	0.324685
1111.000000	0.316538
1112.000000	0.307373
1113.000000	0.300245
1114.000000	0.296680
1115.000000	0.298717
1116.000000	0.300754
1117.000000	0.303300
1118.000000	0.308901
1119.000000	0.313992
1120.000000	0.316538
1121.000000	0.321630
1122.000000	0.326213
1123.000000	0.328758
1124.000000	0.329268
1125.000000	0.327740
1126.000000	0.322139
1127.000000	0.312974
1128.000000	0.304318
1129.000000	0.300245
1130.000000	0.301772
1131.000000	0.303809
1132.000000	0.300754
1133.000000	0.302281
1134.000000	0.308391
1135.000000	0.316029
1136.000000	0.323158
1137.000000	0.327231
1138.000000	0.328249
1139.000000	0.326722
1140.000000	0.322139
1141.000000	0.313992
1142.000000	0.306355
1143.000000	0.300245
1144.000000	0.297699
1145.000000	0.298208
1146.000000	0.303809
1147.000000	0.309410
1148.000000	0.313992
1149.000000	0.321121
1150.000000	0.326213
1151.000000	0.326722
1152.000000	0.323158
1153.000000	0.317047
1154.000000	0.310428
1155.000000	0.304827
1156.000000	0.299226
1157.000000	0.297190
1158.000000	0.298208
1159.000000	0.301263
1160.000000	0.306355
1161.000000	0.312974
1162.000000	0.320612
1163.000000	0.326213
1164.000000	0.328758
1165.000000	0.328758
1166.000000	0.326213
1167.000000	0.321121
1168.000000	0.315520
1169.000000	0.309410
1170.000000	0.303809
1171.000000	0.299735
1172.000000	0.297699
1173.000000	0.302281
1174.000000	0.308391
1175.000000	0.317557
1176.000000	0.325194
1177.000000	0.326722
1178.000000	0.324685
1179.000000	0.319593
1180.000000	0.313483
1181.000000	0.307373
1182.000000	0.301772
1183.000000	0.297699
1184.000000	0.300245
1185.000000	0.306864
1186.000000	0.313483
1187.000000	0.322139
1188.000000	0.327231
1189.000000	0.326722
1190.000000	0.322139
1191.000000	0.312465
1192.000000	0.303809
1193.000000	0.301772
1194.000000	0.300754
1195.000000	0.302281
1196.000000	0.306864
1197.000000	0.311446
1198.000000	0.316029
1199.000000	0.321630
1200.000000	0.325703
1201.000000	0.328249
1202.000000	0.329268
1203.000000	0.326213
1204.000000	0.322139
1205.000000	0.316029
1206.000000	0.309410
1207.000000	0.303300
1208.000000	0.299735
1209.000000	0.298208
1210.000000	0.296680
1211.000000	0.298208
1212.000000	0.302790
1213.000000	0.311446
1214.000000	0.321121
1215.000000	0.325703
1216.000000	0.327740
1217.000000	0.328758
1218.000000	0.326213
1219.000000	0.323158
1220.000000	0.316538
1221.000000	0.309410
1222.000000	0.306355
1223.000000	0.302281
1224.000000	0.299226
1225.000000	0.298208
1226.000000	0.301263
1227.000000	0.308391
1228.000000	0.319593
1229.000000	0.325194
1230.000000	0.328758
1231.000000	0.327740
1232.000000	0.322648
1233.000000	0.313992
1234.000000	0.305846
1235.000000	0.301772
1236.000000	0.300245
1237.000000	0.301772
1238.000000	0.305336
1239.000000	0.310937
1240.000000	0.318066
1241.000000	0.324685
1242.000000	0.329268
1243.000000	0.328758
1244.000000	0.324176
1245.000000	0.317047
1246.000000	0.308901
1247.000000	0.304318
1248.000000	0.299226
1249.000000	0.296680
1250.000000	0.298208
1251.000000	0.301263
1252.000000	0.305846
1253.000000	0.311446
1254.000000	0.318066
1255.000000	0.323667
1256.000000	0.329268
1257.000000	0.327740
1258.000000	0.323158
1259.000000	0.313992
1260.000000	0.305846
1261.000000	0.301772
1262.000000	0.300245
1263.000000	0.299735
1264.000000	0.301772
1265.000000	0.305846
1266.000000	0.309919
1267.000000	0.311446
1268.000000	0.315520
1269.000000	0.322139
1270.000000	0.328249
1271.000000	0.327740
1272.000000	0.319593
1273.000000	0.313992
1274.000000	0.306864
1275.000000	0.303809
1276.000000	0.301772
1277.000000	0.304318
1278.000000	0.307882
1279.000000	0.310428
1280.000000	0.318575
1281.000000	0.325194
1282.000000	0.329268
1283.000000	0.327740
1284.000000	0.321121
1285.000000	0.313483
1286.000000	0.307882
1287.000000	0.303300
1288.000000	0.299735
1289.000000	0.300245
1290.000000	0.303300
1291.000000	0.309410
1292.000000	0.316538
1293.000000	0.323158
1294.000000	0.327231
1295.000000	0.330286
1296.000000	0.329777
1297.000000	0.327740
1298.000000	0.323667
1299.000000	0.321121
1300.000000	0.316029
1301.000000	0.309410
1302.000000	0.303809
1303.000000	0.303300
1304.000000	0.308391
1305.000000	0.315520
1306.000000	0.321630
1307.000000	0.326722
1308.000000	0.330286
1309.000000	0.331814
1310.000000	0.329268
1311.000000	0.322648
1312.000000	0.313992
1313.000000	0.307373
1314.000000	0.301772
1315.000000	0.300245
1316.000000	0.305336
1317.000000	0.311446
1318.000000	0.317557
1319.000000	0.324176
1320.000000	0.327231
1321.000000	0.329268
1322.000000	0.331304
1323.000000	0.330286
1324.000000	0.327231
1325.000000	0.324685
1326.000000	0.320102
1327.000000	0.315011
1328.000000	0.307882
1329.000000	0.303300
1330.000000	0.299735
1331.000000	0.298717
1332.000000	0.300245
1333.000000	0.305336
1334.000000	0.310937
1335.000000	0.320102
1336.000000	0.326722
1337.000000	0.328249
1338.000000	0.328249
1339.000000	0.320612
1340.000000	0.310937
1341.000000	0.305336
1342.000000	0.304318
1343.000000	0.310428
1344.000000	0.319593
1345.000000	0.325703
1346.000000	0.330795
1347.000000	0.331814
1348.000000	0.330795
1349.000000	0.325703
1350.000000	0.324176
1351.000000	0.322139
1352.000000	0.319084
1353.000000	0.313992
1354.000000	0.309919
1355.000000	0.306864
1356.000000	0.301263
1357.000000	0.299735
1358.000000	0.301772
1359.000000	0.309410
1360.000000	0.319084
1361.000000	0.325703
1362.000000	0.329777
1363.000000	0.329268
1364.000000	0.328249
1365.000000	0.318575
1366.000000	0.308901
1367.000000	0.303300
1368.000000	0.302790
1369.000000	0.305846
1370.000000	0.311956
1371.000000	0.318575
1372.000000	0.325194
1373.000000	0.330286
1374.000000	0.330286
1375.000000	0.328249
1376.000000	0.324176
1377.000000	0.317047
1378.000000	0.308391
1379.000000	0.302790
1380.000000	0.299735
1381.000000	0.300245
1382.000000	0.307882
1383.000000	0.313992
1384.000000	0.320102
1385.000000	0.327231
1386.000000	0.330286
1387.000000	0.333341
1388.000000	0.329777
1389.000000	0.322648
1390.000000	0.316029
1391.000000	0.309410
1392.000000	0.303809
1393.000000	0.300245
1394.000000	0.298717
1395.000000	0.300245
1396.000000	0.302790
1397.000000	0.307373
1398.000000	0.309919
1399.000000	0.314502
1400.000000	0.322139
1401.000000	0.327231
1402.000000	0.330795
1403.000000	0.326213
1404.000000	0.319593
1405.000000	0.313483
1406.000000	0.306864
1407.000000	0.302281
1408.000000	0.299226
1409.000000	0.299226
1410.000000	0.302790
1411.000000	0.308901
1412.000000	0.317047
1413.000000	0.325194
1414.000000	0.328758
1415.000000	0.331304
1416.000000	0.330286
1417.000000	0.327231
1418.000000	0.323158
1419.000000	0.315011
1420.000000	0.306355
1421.000000	0.305336
1422.000000	0.305336
1423.000000	0.307882
1424.000000	0.311956
1425.000000	0.319593
1426.000000	0.325703
1427.000000	0.329777
1428.000000	0.333341
1429.000000	0.331814
1430.000000	0.329777
1431.000000	0.327231
1432.000000	0.323158
1433.000000	0.316029
1434.000000	0.310428
1435.000000	0.305336
1436.000000	0.302790
1437.000000	0.304318
1438.000000	0.309919
1439.000000	0.321630
1440.000000	0.327740
1441.000000	0.331304
1442.000000	0.332323
1443.000000	0.330286
1444.000000	0.323667
1445.000000	0.317557
1446.000000	0.309919
1447.000000	0.305336
1448.000000	0.302790
1449.000000	0.301772
1450.000000	0.301772
1451.000000	0.305846
1452.000000	0.312465
1453.000000	0.319593
1454.000000	0.326722
1455.000000	0.331304
1456.000000	0.333341
1457.000000	0.329777
1458.000000	0.324176
1459.000000	0.315011
1460.000000	0.307373
1461.000000	0.305336
1462.000000	0.309410
1463.000000	0.316538
1464.000000	0.325703
1465.000000	0.331304
1466.000000	0.333341
1467.000000	0.329268
1468.000000	0.320612
1469.000000	0.315011
1470.000000	0.308391
1471.000000	0.304318
1472.000000	0.304318
1473.000000	0.306864
1474.000000	0.310428
1475.000000	0.314502
1476.000000	0.318575
1477.000000	0.324176
1478.000000	0.330286
1479.000000	0.332832
1480.000000	0.333341
1481.000000	0.329268
1482.000000	0.322648
1483.000000	0.315520
1484.000000	0.307882
1485.000000	0.305336
1486.000000	0.305336
1487.000000	0.310428
1488.000000	0.317047
1489.000000	0.320612
1490.000000	0.325194
1491.000000	0.329777
1492.000000	0.332323
1493.000000	0.334359
1494.000000	0.330286
1495.000000	0.325703
1496.000000	0.319084
1497.000000	0.315011
1498.000000	0.309410
1499.000000	0.305336
1500.000000	0.304827
1501.000000	0.307882
1502.000000	0.313483
1503.000000	0.320612
1504.000000	0.326722
1505.000000	0.332832
1506.000000	0.332832
1507.000000	0.331814
1508.000000	0.325703
1509.000000	0.315520
1510.000000	0.308391
1511.000000	0.305336
1512.000000	0.307882
1513.000000	0.312974
1514.000000	0.313483
1515.000000	0.317047
1516.000000	0.324685
1517.000000	0.331304
1518.000000	0.333850
1519.000000	0.335378
1520.000000	0.332832
1521.000000	0.324176
1522.000000	0.321630
1523.000000	0.317557
1524.000000	0.309410
1525.000000	0.305846
1526.000000	0.307882
1527.000000	0.309919
1528.000000	0.312465
1529.000000	0.316538
1530.000000	0.322648
1531.000000	0.326213
1532.000000	0.329777
1533.000000	0.333341
1534.000000	0.334869
1535.000000	0.333341
1536.000000	0.329777
1537.000000	0.325703
1538.000000	0.322139
1539.000000	0.316538
1540.000000	0.308901
1541.000000	0.304827
1542.000000	0.308391
1543.000000	0.313483
1544.000000	0.322139
1545.000000	0.330286
1546.000000	0.330286
1547.000000	0.323667
1548.000000	0.316029
1549.000000	0.308391
1550.000000	0.305846
1551.000000	0.305336
1552.000000	0.307882
1553.000000	0.313483
1554.000000	0.320102
1555.000000	0.328249
1556.000000	0.332323
1557.000000	0.334359
1558.000000	0.333850
1559.000000	0.330286
1560.000000	0.323667
1561.000000	0.313992
1562.000000	0.307882
1563.000000	0.305336
1564.000000	0.304827
1565.000000	0.306355
1566.000000	0.309919
1567.000000	0.315011
1568.000000	0.320102
1569.000000	0.325703
1570.000000	0.331304
1571.000000	0.333850
1572.000000	0.335887
1573.000000	0.336905
1574.000000	0.331304
1575.000000	0.325194
1576.000000	0.317047
1577.000000	0.312465
1578.000000	0.308901
1579.000000	0.306864
1580.000000	0.313483
1581.000000	0.322139
1582.000000	0.329268
1583.000000	0.333850
1584.000000	0.335378
1585.000000	0.334869
1586.000000	0.331304
1587.000000	0.323667
1588.000000	0.315011
1589.000000	0.308901
1590.000000	0.306864
1591.000000	0.310428
1592.000000	0.317047
1593.000000	0.325703
1594.000000	0.330286
1595.000000	0.332832
1596.000000	0.335887
1597.000000	0.336905
1598.000000	0.335378
1599.000000	0.332323
1600.000000	0.327231
1601.000000	0.320612
1602.000000	0.312974
1603.000000	0.308391
1604.000000	0.306355
1605.000000	0.308391
1606.000000	0.315011
1607.000000	0.321630
1608.000000	0.329777
1609.000000	0.333850
1610.000000	0.335887
1611.000000	0.336396
1612.000000	0.333850
1613.000000	0.329268
1614.000000	0.324685
1615.000000	0.317557
1616.000000	0.310428
1617.000000	0.307373
1618.000000	0.306355
1619.000000	0.308901
1620.000000	0.312465
1621.000000	0.315011
1622.000000	0.321630
1623.000000	0.324176
1624.000000	0.327740
1625.000000	0.333341
1626.000000	0.333850
1627.000000	0.328249
1628.000000	0.320612
1629.000000	0.311446
1630.000000	0.308391
1631.000000	0.309410
1632.000000	0.313992
1633.000000	0.316029
1634.000000	0.322648
1635.000000	0.330286
1636.000000	0.332832
1637.000000	0.331814
1638.000000	0.327740
1639.000000	0.324176
1640.000000	0.318066
1641.000000	0.312974
1642.000000	0.309410
1643.000000	0.307373
1644.000000	0.304827
1645.000000	0.305846
1646.000000	0.310937
1647.000000	0.317557
1648.000000	0.323158
1649.000000	0.328758
1650.000000	0.332832
1651.000000	0.335378
1652.000000	0.333850
1653.000000	0.329268
1654.000000	0.326213
1655.000000	0.320102
1656.000000	0.315011
1657.000000	0.307882
1658.000000	0.306864
1659.000000	0.308391
1660.000000	0.312465
1661.000000	0.322139
1662.000000	0.329268
1663.000000	0.333341
1664.000000	0.334359
1665.000000	0.331304
1666.000000	0.329268
1667.000000	0.329777
1668.000000	0.324685
1669.000000	0.317557
1670.000000	0.310937
1671.000000	0.307373
1672.000000	0.307882
1673.000000	0.316029
1674.000000	0.324176
1675.000000	0.331814
1676.000000	0.334869
1677.000000	0.335887
1678.000000	0.332323
1679.000000	0.326213
1680.000000	0.320102
1681.000000	0.312465
1682.000000	0.307882
1683.000000	0.305336
1684.000000	0.306864
1685.000000	0.311956
1686.000000	0.319593
1687.000000	0.326213
1688.000000	0.332323
1689.000000	0.334869
1690.000000	0.333850
1691.000000	0.326722
1692.000000	0.321630
1693.000000	0.314502
1694.000000	0.310428
1695.000000	0.307882
1696.000000	0.305846
1697.000000	0.303809
1698.000000	0.305846
1699.000000	0.310937
1700.000000	0.319084
1701.000000	0.322139
1702.000000	0.327231
1703.000000	0.333850
1704.000000	0.335887
1705.000000	0.336396
1706.000000	0.335378
1707.000000	0.333341
1708.000000	0.329777
1709.000000	0.322139
1710.000000	0.315011
1711.000000	0.308391
1712.000000	0.305336
1713.000000	0.305846
1714.000000	0.310937
1715.000000	0.318066
1716.000000	0.326722
1717.000000	0.331814
1718.000000	0.334359
1719.000000	0.328249
1720.000000	0.320102
1721.000000	0.312465
1722.000000	0.307373
1723.000000	0.305336
1724.000000	0.307882
1725.000000	0.310937
1726.000000	0.319084
1727.000000	0.326213
1728.000000	0.332323
1729.000000	0.335378
1730.000000	0.335378
1731.000000	0.332323
1732.000000	0.325194
1733.000000	0.318066
1734.000000	0.310937
1735.000000	0.306864
1736.000000	0.304827
1737.000000	0.308391
1738.000000	0.312974
1739.000000	0.319084
1740.000000	0.325194
1741.000000	0.330286
1742.000000	0.335887
1743.000000	0.336905
1744.000000	0.336396
1745.000000	0.333850
1746.000000	0.326722
1747.000000	0.320612
1748.000000	0.318575
1749.000000	0.315011
1750.000000	0.309410
1751.000000	0.306355
1752.000000	0.305336
1753.000000	0.306864
1754.000000	0.314502
1755.000000	0.322139
1756.000000	0.328758
1757.000000	0.333850
1758.000000	0.336396
1759.000000	0.336396
1760.000000	0.334359
1761.000000	0.328249
1762.000000	0.322648
1763.000000	0.315011
1764.000000	0.307882
1765.000000	0.309919
1766.000000	0.316029
1767.000000	0.324176
1768.000000	0.331814
1769.000000	0.335887
1770.000000	0.334869
1771.000000	0.332323
1772.000000	0.326722
1773.000000	0.320612
1774.000000	0.315011
1775.000000	0.309410
1776.000000	0.306355
1777.000000	0.308901
1778.000000	0.316538
1779.000000	0.324176
1780.000000	0.327740
1781.000000	0.331814
1782.000000	0.334359
1783.000000	0.336396
1784.000000	0.336905
1785.000000	0.333850
1786.000000	0.326213
1787.000000	0.318575
1788.000000	0.311446
1789.000000	0.306864
1790.000000	0.305336
1791.000000	0.307373
1792.000000	0.310937
1793.000000	0.317557
1794.000000	0.326213
1795.000000	0.331814
1796.000000	0.335378
1797.000000	0.334869
1798.000000	0.330286
1799.000000	0.324176
1800.000000	0.316538
1801.000000	0.311446
1802.000000	0.306864
1803.000000	0.303300
1804.000000	0.302281
1805.000000	0.307882
1806.000000	0.313483
1807.000000	0.320612
1808.000000	0.326213
1809.000000	0.329777
1810.000000	0.331304
1811.000000	0.334359
1812.000000	0.335887
1813.000000	0.334359
1814.000000	0.327231
1815.000000	0.318575
1816.000000	0.312974
1817.000000	0.308901
1818.000000	0.304827
1819.000000	0.302790
1820.000000	0.302790
1821.000000	0.307373
1822.000000	0.313992
1823.000000	0.323667
1824.000000	0.329777
1825.000000	0.334359
1826.000000	0.334869
1827.000000	0.331304
1828.000000	0.325703
1829.000000	0.319593
1830.000000	0.312974
1831.000000	0.306864
1832.000000	0.304827
1833.000000	0.304318
1834.000000	0.309410
1835.000000	0.310937
1836.000000	0.315011
1837.000000	0.320102
1838.000000	0.325194
1839.000000	0.330286
1840.000000	0.334359
1841.000000	0.333850
1842.000000	0.330286
1843.000000	0.326213
1844.000000	0.319593
1845.000000	0.313992
1846.000000	0.307882
1847.000000	0.304318
1848.000000	0.302790
1849.000000	0.302790
1850.000000	0.304318
1851.000000	0.309919
1852.000000	0.317557
1853.000000	0.324176
1854.000000	0.329777
1855.000000	0.333850
1856.000000	0.333341
1857.000000	0.331304
1858.000000	0.326213
1859.000000	0.316029
1860.000000	0.308391
1861.000000	0.304318
1862.000000	0.303300
1863.000000	0.303809
1864.000000	0.306864
1865.000000	0.313992
1866.000000	0.319593
1867.000000	0.324685
1868.000000	0.331304
1869.000000	0.334359
1870.000000	0.335378
1871.000000	0.333850
1872.000000	0.324685
1873.000000	0.318066
1874.000000	0.309410
1875.000000	0.305336
1876.000000	0.302790
1877.000000	0.301772
1878.000000	0.303809
1879.000000	0.309410
1880.000000	0.316029
1881.000000	0.324176
1882.000000	0.330795
1883.000000	0.334359
1884.000000	0.335887
1885.000000	0.334869
1886.000000	0.331304
1887.000000	0.324176
1888.000000	0.317557
1889.000000	0.310428
1890.000000	0.304827
1891.000000	0.303809
1892.000000	0.302281
1893.000000	0.303300
1894.000000	0.306355
1895.000000	0.309919
1896.000000	0.316538
1897.000000	0.316538
1898.000000	0.319084
1899.000000	0.324176
1900.000000	0.329268
1901.000000	0.333341
1902.000000	0.334869
1903.000000	0.335378
1904.000000	0.331304
1905.000000	0.325703
1906.000000	0.317047
1907.000000	0.309919
1908.000000	0.305336
1909.000000	0.302281
1910.000000	0.301772
1911.000000	0.306864
1912.000000	0.315011
1913.000000	0.324176
1914.000000	0.330286
1915.000000	0.332323
1916.000000	0.329268
1917.000000	0.324685
1918.000000	0.317557
1919.000000	0.311956
1920.000000	0.307882
1921.000000	0.303300
1922.000000	0.301263
1923.000000	0.306355
1924.000000	0.312974
1925.000000	0.320612
1926.000000	0.327231
1927.000000	0.331304
1928.000000	0.333341
1929.000000	0.330286
1930.000000	0.328758
1931.000000	0.324685
1932.000000	0.319593
1933.000000	0.315520
1934.000000	0.308901
1935.000000	0.302790
1936.000000	0.300754
1937.000000	0.301263
1938.000000	0.304827
1939.000000	0.311956
1940.000000	0.321121
1941.000000	0.328249
1942.000000	0.330795
1943.000000	0.329777
1944.000000	0.324176
1945.000000	0.317557
1946.000000	0.309919
1947.000000	0.305846
1948.000000	0.301772
1949.000000	0.300754
1950.000000	0.299735
1951.000000	0.300245
1952.000000	0.302790
1953.000000	0.307373
1954.000000	0.309919
1955.000000	0.316029
1956.000000	0.324176
1957.000000	0.330286
1958.000000	0.332323
1959.000000	0.328249
1960.000000	0.326213
1961.000000	0.321121
1962.000000	0.316538
1963.000000	0.309919
1964.000000	0.304318
1965.000000	0.301772
1966.000000	0.301263
1967.000000	0.303300
1968.000000	0.304827
1969.000000	0.308391
1970.000000	0.316029
1971.000000	0.324176
1972.000000	0.330286
1973.000000	0.331814
1974.000000	0.333850
1975.000000	0.332323
1976.000000	0.329777
1977.000000	0.325194
1978.000000	0.320612
1979.000000	0.311956
1980.000000	0.305336
1981.000000	0.301263
1982.000000	0.304827
1983.000000	0.310428
1984.000000	0.317557
1985.000000	0.326213
1986.000000	0.331304
1987.000000	0.332832
1988.000000	0.333341
1989.000000	0.333850
1990.000000	0.331304
1991.000000	0.325703
1992.000000	0.318575
1993.000000	0.311446
1994.000000	0.305846
1995.000000	0.301772
1996.000000	0.300245
1997.000000	0.298717
1998.000000	0.301263
1999.000000	0.306355
2000.000000	0.313992
2001.000000	0.320612
2002.000000	0.325703
2003.000000	0.331304
2004.000000	0.333850
2005.000000	0.335378
2006.000000	0.335378
2007.000000	0.334869
2008.000000	0.333850
2009.000000	0.333850
2010.000000	0.331304
2011.000000	0.327740
2012.000000	0.321630
2013.000000	0.315011
2014.000000	0.305846
2015.000000	0.301263
2016.000000	0.299226
2017.000000	0.303300
2018.000000	0.310428
2019.000000	0.319593
2020.000000	0.325703
2021.000000	0.330286
2022.000000	0.334359
2023.000000	0.333850
2024.000000	0.331304
2025.000000	0.325703
2026.000000	0.321121
2027.000000	0.316538
2028.000000	0.310428
2029.000000	0.304318
2030.000000	0.301263
2031.000000	0.298717
2032.000000	0.298717
2033.000000	0.300245
2034.000000	0.302790
2035.000000	0.310937
2036.000000	0.320612
2037.000000	0.327231
2038.000000	0.331814
2039.000000	0.333341
2040.000000	0.331304
2041.000000	0.327231
2042.000000	0.320612
2043.000000	0.312974
2044.000000	0.306355
2045.000000	0.301772
2046.000000	0.299735
2047.000000	0.300245
2048.000000	0.303809
2049.000000	0.310937
2050.000000	0.318575
2051.000000	0.324176
2052.000000	0.327231
2053.000000	0.329268
2054.000000	0.332323
2055.000000	0.332832
2056.000000	0.328758
2057.000000	0.320612
2058.000000	0.310428
2059.000000	0.303300
2060.000000	0.300245
2061.000000	0.300245
2062.000000	0.300245
2063.000000	0.303300
2064.000000	0.308391
2065.000000	0.313483
2066.000000	0.320102
2067.000000	0.324685
2068.000000	0.329268
2069.000000	0.331814
2070.000000	0.331304
2071.000000	0.327740
2072.000000	0.318575
2073.000000	0.311956
2074.000000	0.307373
2075.000000	0.303809
2076.000000	0.300245
2077.000000	0.297699
2078.000000	0.299226
2079.000000	0.303300
2080.000000	0.312465
2081.000000	0.319084
2082.000000	0.323667
2083.000000	0.327231
2084.000000	0.331304
2085.000000	0.333341
2086.000000	0.332832
2087.000000	0.329777
2088.000000	0.327231
2089.000000	0.323667
2090.000000	0.319084
2091.000000	0.311446
2092.000000	0.308901
2093.000000	0.305846
2094.000000	0.299735
2095.000000	0.300754
2096.000000	0.305846
2097.000000	0.313992
2098.000000	0.322139
2099.000000	0.326213
2100.000000	0.329268
2101.000000	0.331304
2102.000000	0.331304
2103.000000	0.331814
2104.000000	0.329777
2105.000000	0.324176
2106.000000	0.318575
2107.000000	0.310937
2108.000000	0.302790
2109.000000	0.298717
2110.000000	0.297699
2111.000000	0.300245
2112.000000	0.301263
2113.000000	0.305336
2114.000000	0.309410
2115.000000	0.314502
2116.000000	0.319593
2117.000000	0.326213
2118.000000	0.330286
2119.000000	0.331814
2120.000000	0.331814
2121.000000	0.328758
2122.000000	0.323667
2123.000000	0.319593
2124.000000	0.313992
2125.000000	0.308901
2126.000000	0.303809
2127.000000	0.299226
2128.000000	0.296680
2129.000000	0.297699
2130.000000	0.300245
2131.000000	0.302790
2132.000000	0.306864
2133.000000	0.313992
2134.000000	0.321121
2135.000000	0.327740
2136.000000	0.330286
2137.000000	0.332323
2138.000000	0.333341
2139.000000	0.333341
2140.000000	0.331814
2141.000000	0.327231
2142.000000	0.321630
2143.000000	0.312974
2144.000000	0.306355
2145.000000	0.301772
2146.000000	0.298208
2147.000000	0.297699
2148.000000	0.301772
2149.000000	0.307373
2150.000000	0.313992
2151.000000	0.321121
2152.000000	0.327231
2153.000000	0.328249
2154.000000	0.324685
2155.000000	0.317557
2156.000000	0.309919
2157.000000	0.303809
2158.000000	0.299735
2159.000000	0.298208
2160.000000	0.295662
2161.000000	0.299226
2162.000000	0.303809
2163.000000	0.309410
2164.000000	0.315520
2165.000000	0.322139
2166.000000	0.328249
2167.000000	0.331814
2168.000000	0.330795
2169.000000	0.331814
2170.000000	0.332323
2171.000000	0.331814
2172.000000	0.329777
2173.000000	0.326213
2174.000000	0.323667
2175.000000	0.319593
2176.000000	0.315011
2177.000000	0.309410
2178.000000	0.304318
2179.000000	0.299735
2180.000000	0.297190
2181.000000	0.297190
2182.000000	0.299735
2183.000000	0.306864
2184.000000	0.312465
2185.000000	0.318066
2186.000000	0.321630
2187.000000	0.327231
2188.000000	0.330795
2189.000000	0.330795
2190.000000	0.327231
2191.000000	0.322139
2192.000000	0.313992
2193.000000	0.304827
2194.000000	0.300245
2195.000000	0.301772
2196.000000	0.306864
2197.000000	0.313992
2198.000000	0.322139
2199.000000	0.327740
2200.000000	0.330286
2201.000000	0.325194
2202.000000	0.320612
2203.000000	0.316029
2204.000000	0.313483
2205.000000	0.309919
2206.000000	0.305336
2207.000000	0.299226
2208.000000	0.297699
2209.000000	0.297190
2210.000000	0.300754
2211.000000	0.305336
2212.000000	0.310937
2213.000000	0.317047
2214.000000	0.323158
2215.000000	0.328249
2216.000000	0.330286
2217.000000	0.330795
2218.000000	0.329268
2219.000000	0.325194
2220.000000	0.318575
2221.000000	0.310428
2222.000000	0.303809
2223.000000	0.299735
2224.000000	0.296680
2225.000000	0.296171
2226.000000	0.300754
2227.000000	0.305846
2228.000000	0.309410
2229.000000	0.313992
2230.000000	0.319593
2231.000000	0.325703
2232.000000	0.329777
2233.000000	0.331304
2234.000000	0.331304
2235.000000	0.329777
2236.000000	0.323667
2237.000000	0.317047
2238.000000	0.309410
2239.000000	0.304318
2240.000000	0.300245
2241.000000	0.298208
2242.000000	0.297190
2243.000000	0.299226
2244.000000	0.301263
2245.000000	0.307882
2246.000000	0.315520
2247.000000	0.322139
2248.000000	0.327231
2249.000000	0.330286
2250.000000	0.332323
2251.000000	0.329268
2252.000000	0.324176
2253.000000	0.318066
2254.000000	0.310937
2255.000000	0.304827
2256.000000	0.300245
2257.000000	0.296680
2258.000000	0.295662
2259.000000	0.298717
2260.000000	0.301772
2261.000000	0.306355
2262.000000	0.311956
2263.000000	0.318066
2264.000000	0.325194
2265.000000	0.329777
2266.000000	0.331814
2267.000000	0.329268
2268.000000	0.324176
2269.000000	0.317557
2270.000000	0.311446
2271.000000	0.304318
2272.000000	0.300245
2273.000000	0.296680
2274.000000	0.295153
2275.000000	0.295662
2276.000000	0.297699
2277.000000	0.300754
2278.000000	0.306355
2279.000000	0.310937
2280.000000	0.316538
2281.000000	0.323158
2282.000000	0.327740
2283.000000	0.329777
2284.000000	0.329777
2285.000000	0.325703
2286.000000	0.317047
2287.000000	0.307882
2288.000000	0.301263
2289.000000	0.297190
2290.000000	0.296171
2291.000000	0.297190
2292.000000	0.297699
2293.000000	0.300245
2294.000000	0.303809
2295.000000	0.308391
2296.000000	0.313992
2297.000000	0.321121
2298.000000	0.325703
2299.000000	0.329777
2300.000000	0.331814
2301.000000	0.331304
2302.000000	0.329777
2303.000000	0.324685
2304.000000	0.315011
2305.000000	0.306355
2306.000000	0.300754
2307.000000	0.297190
2308.000000	0.297190
2309.000000	0.301263
2310.000000	0.307882
2311.000000	0.315011
2312.000000	0.322139
2313.000000	0.328249
2314.000000	0.330286
2315.000000	0.331304
2316.000000	0.330286
2317.000000	0.327740
2318.000000	0.324685
2319.000000	0.317557
2320.000000	0.310428
2321.000000	0.307373
2322.000000	0.305336
2323.000000	0.301263
2324.000000	0.297699
2325.000000	0.297190
2326.000000	0.297699
2327.000000	0.302790
2328.000000	0.312465
2329.000000	0.320102
2330.000000	0.326213
2331.000000	0.330795
2332.000000	0.332832
2333.000000	0.332323
2334.000000	0.330286
2335.000000	0.325703
2336.000000	0.318066
2337.000000	0.310937
2338.000000	0.307882
2339.000000	0.308391
2340.000000	0.307882
2341.000000	0.307373
2342.000000	0.302790
2343.000000	0.299226
2344.000000	0.296680
2345.000000	0.295662
2346.000000	0.299226
2347.000000	0.304827
2348.000000	0.310937
2349.000000	0.317047
2350.000000	0.322139
2351.000000	0.326213
2352.000000	0.330286
2353.000000	0.331814
2354.000000	0.332323
2355.000000	0.327740
2356.000000	0.323667
2357.000000	0.317047
2358.000000	0.308901
2359.000000	0.303300
2360.000000	0.299226
2361.000000	0.296680
2362.000000	0.297190
2363.000000	0.296680
2364.000000	0.301263
2365.000000	0.307882
2366.000000	0.319084
2367.000000	0.326213
2368.000000	0.330286
2369.000000	0.328758
2370.000000	0.324685
2371.000000	0.320612
2372.000000	0.312465
2373.000000	0.303809
2374.000000	0.298717
2375.000000	0.299226
2376.000000	0.304318
2377.000000	0.311956
2378.000000	0.318066
2379.000000	0.324176
2380.000000	0.327231
2381.000000	0.328249
2382.000000	0.330795
2383.000000	0.331304
2384.000000	0.330286
2385.000000	0.324176
2386.000000	0.319084
2387.000000	0.308391
2388.000000	0.301263
2389.000000	0.297699
2390.000000	0.298208
2391.000000	0.302281
2392.000000	0.305846
2393.000000	0.312974
2394.000000	0.318575
2395.000000	0.325194
2396.000000	0.330286
2397.000000	0.331814
2398.000000	0.332323
2399.000000	0.331304
2400.000000	0.327740
2401.000000	0.324685
2402.000000	0.317557
2403.000000	0.309410
2404.000000	0.302281
2405.000000	0.298717
2406.000000	0.297699
2407.000000	0.301772
2408.000000	0.306864
2409.000000	0.312465
2410.000000	0.316029
2411.000000	0.322139
2412.000000	0.327231
2413.000000	0.328249
2414.000000	0.326722
2415.000000	0.320102
2416.000000	0.315011
2417.000000	0.310428
2418.000000	0.304827
2419.000000	0.299226
2420.000000	0.295662
2421.000000	0.295153
2422.000000	0.296171
2423.000000	0.299735
2424.000000	0.305336
2425.000000	0.309410
2426.000000	0.316029
2427.000000	0.320102
2428.000000	0.326213
2429.000000	0.330286
2430.000000	0.330286
2431.000000	0.329268
2432.000000	0.324685
2433.000000	0.319593
2434.000000	0.313992
2435.000000	0.309919
2436.000000	0.303809
2437.000000	0.299226
2438.000000	0.296171
2439.000000	0.294135
2440.000000	0.293625
2441.000000	0.294135
2442.000000	0.293625
2443.000000	0.295662
2444.000000	0.297699
2445.000000	0.301772
2446.000000	0.305846
2447.000000	0.313483
2448.000000	0.321630
2449.000000	0.328249
2450.000000	0.324685
2451.000000	0.316029
2452.000000	0.308391
2453.000000	0.301772
2454.000000	0.296171
2455.000000	0.296171
2456.000000	0.296680
2457.000000	0.302790
2458.000000	0.306864
2459.000000	0.310937
2460.000000	0.318066
2461.000000	0.323667
2462.000000	0.327740
2463.000000	0.328758
2464.000000	0.329268
2465.000000	0.327740
2466.000000	0.327740
2467.000000	0.323158
2468.000000	0.316538
2469.000000	0.307882
2470.000000	0.299735
2471.000000	0.297699
2472.000000	0.297699
2473.000000	0.300754
2474.000000	0.304318
2475.000000	0.310428
2476.000000	0.317047
2477.000000	0.323158
2478.000000	0.328758
2479.000000	0.331304
2480.000000	0.328758
2481.000000	0.326213
2482.000000	0.322648
2483.000000	0.319084
2484.000000	0.312974
2485.000000	0.304318
2486.000000	0.299226
2487.000000	0.295662
2488.000000	0.295662
2489.000000	0.298717
2490.000000	0.301772
2491.000000	0.303809
2492.000000	0.305846
2493.000000	0.310428
2494.000000	0.319593
2495.000000	0.325703
2496.000000	0.328249
2497.000000	0.327740
2498.000000	0.325703
2499.000000	0.321630
2500.000000	0.320612
2501.000000	0.315011
2502.000000	0.305846
2503.000000	0.298717
2504.000000	0.297190
2505.000000	0.297190
2506.000000	0.299735
2507.000000	0.304827
2508.000000	0.310937
2509.000000	0.315011
2510.000000	0.317557
2511.000000	0.324176
2512.000000	0.328758
2513.000000	0.330286
2514.000000	0.331814
2515.000000	0.327740
2516.000000	0.320612
2517.000000	0.311446
2518.000000	0.303809
2519.000000	0.299735
2520.000000	0.297699
2521.000000	0.301263
2522.000000	0.304318
2523.000000	0.308391
2524.000000	0.312974
2525.000000	0.320612
2526.000000	0.326213
2527.000000	0.329268
2528.000000	0.331814
2529.000000	0.329777
2530.000000	0.327231
2531.000000	0.320612
2532.000000	0.310937
2533.000000	0.303809
2534.000000	0.300245
2535.000000	0.297190
2536.000000	0.295662
2537.000000	0.296680
2538.000000	0.300754
2539.000000	0.305846
2540.000000	0.310937
2541.000000	0.314502
2542.000000	0.319084
2543.000000	0.321630
2544.000000	0.327740
2545.000000	0.330286
2546.000000	0.331304
2547.000000	0.331814
2548.000000	0.330795
2549.000000	0.326722
2550.000000	0.320612
2551.000000	0.309919
2552.000000	0.302790
2553.000000	0.297699
2554.000000	0.297699
2555.000000	0.296680
2556.000000	0.298717
2557.000000	0.302790
2558.000000	0.309410
2559.000000	0.313992
2560.000000	0.316538
2561.000000	0.315520
2562.000000	0.317047
2563.000000	0.322139
2564.000000	0.327740
2565.000000	0.330795
2566.000000	0.331814
2567.000000	0.330795
2568.000000	0.324685
2569.000000	0.319084
2570.000000	0.310937
2571.000000	0.306355
2572.000000	0.301772
2573.000000	0.298717
2574.000000	0.297190
2575.000000	0.294644
2576.000000	0.295662
2577.000000	0.297190
2578.000000	0.298717
2579.000000	0.306864
2580.000000	0.316538
2581.000000	0.324685
2582.000000	0.329268
2583.000000	0.328758
2584.000000	0.326722
2585.000000	0.322648
2586.000000	0.316029
2587.000000	0.307882
2588.000000	0.302790
2589.000000	0.297699
2590.000000	0.296680
2591.000000	0.297699
2592.000000	0.298717
2593.000000	0.301263
