0.000000	0.264093
1.000000	0.258492
2.000000	0.251873
3.000000	0.253910
4.000000	0.254928
5.000000	0.256965
6.000000	0.252891
7.000000	0.246272
8.000000	0.238634
9.000000	0.230487
10.000000	0.225905
11.000000	0.222341
12.000000	0.221322
13.000000	0.220304
14.000000	0.221322
15.000000	0.222341
16.000000	0.225396
17.000000	0.226414
18.000000	0.225905
19.000000	0.221322
20.000000	0.218776
21.000000	0.216231
22.000000	0.215721
23.000000	0.215212
24.000000	0.214194
25.000000	0.219286
26.000000	0.222850
27.000000	0.228960
28.000000	0.237616
29.000000	0.255437
30.000000	0.266130
31.000000	0.265111
32.000000	0.262566
33.000000	0.258492
34.000000	0.252382
35.000000	0.260529
36.000000	0.290061
37.000000	0.322139
38.000000	0.349126
39.000000	0.362364
40.000000	0.366947
41.000000	0.348616
42.000000	0.311956
43.000000	0.273258
44.000000	0.246781
45.000000	0.239143
46.000000	0.259001
47.000000	0.295662
48.000000	0.332832
49.000000	0.353199
50.000000	0.342506
51.000000	0.300754
52.000000	0.260529
53.000000	0.241180
54.000000	0.252382
55.000000	0.282933
56.000000	0.323158
57.000000	0.348107
58.000000	0.341997
59.000000	0.304827
60.000000	0.270712
61.000000	0.245254
62.000000	0.251873
63.000000	0.289043
64.000000	0.328758
65.000000	0.351671
66.000000	0.350653
67.000000	0.319084
68.000000	0.276313
69.000000	0.248309
70.000000	0.253910
71.000000	0.291079
72.000000	0.332323
73.000000	0.351671
74.000000	0.338433
75.000000	0.305336
76.000000	0.269185
77.000000	0.246272
78.000000	0.258492
79.000000	0.300245
80.000000	0.339451
81.000000	0.355745
82.000000	0.340979
83.000000	0.299735
84.000000	0.259001
85.000000	0.251364
86.000000	0.283951
87.000000	0.322648
88.000000	0.349126
89.000000	0.355236
90.000000	0.343525
91.000000	0.312974
92.000000	0.275295
93.000000	0.247290
94.000000	0.245763
95.000000	0.275804
96.000000	0.321121
97.000000	0.346070
98.000000	0.344543
99.000000	0.317557
100.000000	0.274786
101.000000	0.246781
102.000000	0.258492
103.000000	0.297190
104.000000	0.333850
105.000000	0.346070
106.000000	0.328249
107.000000	0.287515
108.000000	0.251364
109.000000	0.238634
110.000000	0.260529
111.000000	0.303300
112.000000	0.335887
113.000000	0.331814
114.000000	0.298208
115.000000	0.259001
116.000000	0.240162
117.000000	0.256965
118.000000	0.295153
119.000000	0.331814
120.000000	0.343525
121.000000	0.325703
122.000000	0.283951
123.000000	0.248818
124.000000	0.250345
125.000000	0.283951
126.000000	0.321121
127.000000	0.339451
128.000000	0.322648
129.000000	0.282933
130.000000	0.250345
131.000000	0.253910
132.000000	0.289552
133.000000	0.326213
134.000000	0.338433
135.000000	0.327740
136.000000	0.293625
137.000000	0.254928
138.000000	0.243726
139.000000	0.266130
140.000000	0.305336
141.000000	0.329268
142.000000	0.323158
143.000000	0.305336
144.000000	0.271731
145.000000	0.248818
146.000000	0.258492
147.000000	0.292607
148.000000	0.323158
149.000000	0.330286
150.000000	0.301772
151.000000	0.262566
152.000000	0.241689
153.000000	0.257983
154.000000	0.292098
155.000000	0.324176
156.000000	0.327740
157.000000	0.299735
158.000000	0.263075
159.000000	0.251873
160.000000	0.273258
161.000000	0.309919
162.000000	0.332832
163.000000	0.329777
164.000000	0.301772
165.000000	0.265111
166.000000	0.249836
167.000000	0.270203
168.000000	0.308391
169.000000	0.332832
170.000000	0.326722
171.000000	0.291589
172.000000	0.258492
173.000000	0.252382
174.000000	0.274786
175.000000	0.308901
176.000000	0.332323
177.000000	0.324176
178.000000	0.290570
179.000000	0.257474
180.000000	0.253400
181.000000	0.281405
182.000000	0.318066
183.000000	0.329777
184.000000	0.309919
185.000000	0.275295
186.000000	0.249836
187.000000	0.244235
188.000000	0.275804
189.000000	0.316029
190.000000	0.330286
191.000000	0.309919
192.000000	0.275804
193.000000	0.252382
194.000000	0.248818
195.000000	0.272749
196.000000	0.311446
197.000000	0.323158
198.000000	0.298717
199.000000	0.266130
200.000000	0.259001
201.000000	0.285988
202.000000	0.315011
203.000000	0.335887
204.000000	0.319593
205.000000	0.281405
206.000000	0.259001
207.000000	0.256965
208.000000	0.279878
209.000000	0.315011
210.000000	0.328249
211.000000	0.305846
212.000000	0.271731
213.000000	0.255437
214.000000	0.267657
215.000000	0.295153
216.000000	0.324176
217.000000	0.324176
218.000000	0.298208
219.000000	0.265111
220.000000	0.257474
221.000000	0.274277
222.000000	0.299226
223.000000	0.326722
224.000000	0.330795
225.000000	0.308391
226.000000	0.275295
227.000000	0.262056
228.000000	0.268167
229.000000	0.301263
230.000000	0.327231
231.000000	0.322139
232.000000	0.289043
233.000000	0.259001
234.000000	0.254928
235.000000	0.279878
236.000000	0.317047
237.000000	0.330286
238.000000	0.309919
239.000000	0.276313
240.000000	0.258492
241.000000	0.270203
242.000000	0.306355
243.000000	0.331814
244.000000	0.322648
245.000000	0.294135
246.000000	0.266130
247.000000	0.271731
248.000000	0.303809
249.000000	0.329268
250.000000	0.316029
251.000000	0.283951
252.000000	0.263584
253.000000	0.281405
254.000000	0.319084
255.000000	0.334359
256.000000	0.312465
257.000000	0.281405
258.000000	0.265111
259.000000	0.281405
260.000000	0.315011
261.000000	0.335378
262.000000	0.321630
263.000000	0.294644
264.000000	0.269185
265.000000	0.269185
266.000000	0.295153
267.000000	0.325194
268.000000	0.338942
269.000000	0.331304
270.000000	0.305846
271.000000	0.274277
272.000000	0.262056
273.000000	0.278859
274.000000	0.309410
275.000000	0.325703
276.000000	0.319084
277.000000	0.289043
278.000000	0.262056
279.000000	0.258492
280.000000	0.271222
281.000000	0.300754
282.000000	0.324685
283.000000	0.322648
284.000000	0.298208
285.000000	0.267657
286.000000	0.259511
287.000000	0.280896
288.000000	0.312465
289.000000	0.329777
290.000000	0.320102
291.000000	0.294644
292.000000	0.268167
293.000000	0.260020
294.000000	0.281914
295.000000	0.316029
296.000000	0.331814
297.000000	0.317047
298.000000	0.290570
299.000000	0.267148
300.000000	0.266130
301.000000	0.281405
302.000000	0.307373
303.000000	0.330286
304.000000	0.341488
305.000000	0.336396
306.000000	0.308901
307.000000	0.277332
308.000000	0.262566
309.000000	0.266130
310.000000	0.290570
311.000000	0.317557
312.000000	0.336396
313.000000	0.335378
314.000000	0.315011
315.000000	0.282933
316.000000	0.265111
317.000000	0.270203
318.000000	0.293116
319.000000	0.321630
320.000000	0.339451
321.000000	0.339451
322.000000	0.318066
323.000000	0.290570
324.000000	0.268167
325.000000	0.265621
326.000000	0.287006
327.000000	0.316538
328.000000	0.337924
329.000000	0.339960
330.000000	0.326213
331.000000	0.294135
332.000000	0.274277
333.000000	0.265621
334.000000	0.274277
335.000000	0.295153
336.000000	0.316538
337.000000	0.338433
338.000000	0.350653
339.000000	0.345052
340.000000	0.329268
341.000000	0.302790
342.000000	0.275804
343.000000	0.271731
344.000000	0.283442
345.000000	0.305846
346.000000	0.328249
347.000000	0.341488
348.000000	0.339451
349.000000	0.326213
350.000000	0.304318
351.000000	0.276823
352.000000	0.265111
353.000000	0.275295
354.000000	0.301772
355.000000	0.326213
356.000000	0.338433
357.000000	0.334359
358.000000	0.313483
359.000000	0.283951
360.000000	0.261547
361.000000	0.254928
362.000000	0.269694
363.000000	0.293116
364.000000	0.316538
365.000000	0.323158
366.000000	0.311956
367.000000	0.289552
368.000000	0.266130
369.000000	0.248818
370.000000	0.240162
371.000000	0.242199
372.000000	0.265621
373.000000	0.295153
374.000000	0.319084
375.000000	0.330286
376.000000	0.330286
377.000000	0.316029
378.000000	0.295153
379.000000	0.269694
380.000000	0.260529
381.000000	0.266130
382.000000	0.286497
383.000000	0.307882
384.000000	0.327740
385.000000	0.330286
386.000000	0.313483
387.000000	0.292607
388.000000	0.272749
389.000000	0.257983
390.000000	0.260020
391.000000	0.274277
392.000000	0.298717
393.000000	0.320612
394.000000	0.333850
395.000000	0.321121
396.000000	0.293625
397.000000	0.272240
398.000000	0.259001
399.000000	0.260529
400.000000	0.274786
401.000000	0.298208
402.000000	0.320612
403.000000	0.335887
404.000000	0.336396
405.000000	0.319084
406.000000	0.291589
407.000000	0.267148
408.000000	0.257983
409.000000	0.267657
410.000000	0.291079
411.000000	0.315520
412.000000	0.329777
413.000000	0.334869
414.000000	0.327740
415.000000	0.307882
416.000000	0.278350
417.000000	0.262566
418.000000	0.272749
419.000000	0.299735
420.000000	0.324176
421.000000	0.329777
422.000000	0.313483
423.000000	0.286497
424.000000	0.265621
425.000000	0.252891
426.000000	0.252382
427.000000	0.270203
428.000000	0.296680
429.000000	0.322139
430.000000	0.330286
431.000000	0.321630
432.000000	0.299735
433.000000	0.274786
434.000000	0.257983
435.000000	0.252891
436.000000	0.255946
437.000000	0.267148
438.000000	0.295662
439.000000	0.322139
440.000000	0.319084
441.000000	0.306355
442.000000	0.292098
443.000000	0.275295
444.000000	0.261038
445.000000	0.261038
446.000000	0.277332
447.000000	0.297190
448.000000	0.318575
449.000000	0.329268
450.000000	0.317047
451.000000	0.294644
452.000000	0.271731
453.000000	0.257474
454.000000	0.258492
455.000000	0.274786
456.000000	0.296680
457.000000	0.310937
458.000000	0.322648
459.000000	0.326722
460.000000	0.329268
461.000000	0.322139
462.000000	0.300754
463.000000	0.275804
464.000000	0.257983
465.000000	0.252382
466.000000	0.255437
467.000000	0.269694
468.000000	0.287515
469.000000	0.308901
470.000000	0.322139
471.000000	0.319593
472.000000	0.301772
473.000000	0.281405
474.000000	0.266130
475.000000	0.255946
476.000000	0.258492
477.000000	0.272749
478.000000	0.296680
479.000000	0.320612
480.000000	0.333850
481.000000	0.328758
482.000000	0.304827
483.000000	0.280896
484.000000	0.269185
485.000000	0.272240
486.000000	0.287515
487.000000	0.305336
488.000000	0.324685
489.000000	0.338433
490.000000	0.331304
491.000000	0.309410
492.000000	0.284460
493.000000	0.270203
494.000000	0.269185
495.000000	0.284460
496.000000	0.308391
497.000000	0.325194
498.000000	0.332832
499.000000	0.323158
500.000000	0.295662
501.000000	0.272240
502.000000	0.266130
503.000000	0.275804
504.000000	0.300754
505.000000	0.324176
506.000000	0.334869
507.000000	0.332832
508.000000	0.319084
509.000000	0.296680
510.000000	0.276823
511.000000	0.267148
512.000000	0.272240
513.000000	0.288534
514.000000	0.306355
515.000000	0.321630
516.000000	0.328758
517.000000	0.330286
518.000000	0.321630
519.000000	0.303300
520.000000	0.280896
521.000000	0.266130
522.000000	0.265621
523.000000	0.283442
524.000000	0.309410
525.000000	0.327740
526.000000	0.333850
527.000000	0.325703
528.000000	0.307882
529.000000	0.287006
530.000000	0.276313
531.000000	0.281405
532.000000	0.298208
533.000000	0.316029
534.000000	0.330286
535.000000	0.336396
536.000000	0.327740
537.000000	0.307882
538.000000	0.284969
539.000000	0.268676
540.000000	0.269185
541.000000	0.280896
542.000000	0.299735
543.000000	0.318575
544.000000	0.329268
545.000000	0.326722
546.000000	0.310937
547.000000	0.290570
548.000000	0.271731
549.000000	0.265111
550.000000	0.271731
551.000000	0.294644
552.000000	0.319084
553.000000	0.331304
554.000000	0.332323
555.000000	0.318066
556.000000	0.298717
557.000000	0.282423
558.000000	0.269694
559.000000	0.262566
560.000000	0.261547
561.000000	0.268167
562.000000	0.286497
563.000000	0.304318
564.000000	0.317557
565.000000	0.330286
566.000000	0.336396
567.000000	0.332832
568.000000	0.317047
569.000000	0.296171
570.000000	0.279368
571.000000	0.268676
572.000000	0.273258
573.000000	0.292607
574.000000	0.315520
575.000000	0.331814
576.000000	0.334359
577.000000	0.320102
578.000000	0.297190
579.000000	0.279368
580.000000	0.278859
581.000000	0.296171
582.000000	0.315520
583.000000	0.330286
584.000000	0.330795
585.000000	0.315520
586.000000	0.296171
587.000000	0.278350
588.000000	0.267148
589.000000	0.266639
590.000000	0.281914
591.000000	0.306355
592.000000	0.323158
593.000000	0.328249
594.000000	0.309410
595.000000	0.284460
596.000000	0.269185
597.000000	0.265111
598.000000	0.272240
599.000000	0.292098
600.000000	0.315520
601.000000	0.327740
602.000000	0.328249
603.000000	0.320102
604.000000	0.304827
605.000000	0.285479
606.000000	0.271222
607.000000	0.272240
608.000000	0.286497
609.000000	0.304318
610.000000	0.322139
611.000000	0.330795
612.000000	0.331814
613.000000	0.321630
614.000000	0.305336
615.000000	0.288024
616.000000	0.273258
617.000000	0.270203
618.000000	0.276823
619.000000	0.291079
620.000000	0.308391
621.000000	0.325194
622.000000	0.336905
623.000000	0.332832
624.000000	0.320102
625.000000	0.305336
626.000000	0.292098
627.000000	0.285988
628.000000	0.284969
629.000000	0.294644
630.000000	0.315520
631.000000	0.333341
632.000000	0.343015
633.000000	0.342506
634.000000	0.331814
635.000000	0.307882
636.000000	0.285479
637.000000	0.274786
638.000000	0.274277
639.000000	0.287006
640.000000	0.301772
641.000000	0.319084
642.000000	0.326722
643.000000	0.323158
644.000000	0.307882
645.000000	0.287515
646.000000	0.272749
647.000000	0.280896
648.000000	0.302281
649.000000	0.323158
650.000000	0.332832
651.000000	0.324685
652.000000	0.306864
653.000000	0.288534
654.000000	0.275295
655.000000	0.267148
656.000000	0.270203
657.000000	0.284460
658.000000	0.305846
659.000000	0.318575
660.000000	0.324685
661.000000	0.324685
662.000000	0.316538
663.000000	0.297190
664.000000	0.273258
665.000000	0.263584
666.000000	0.271222
667.000000	0.294644
668.000000	0.320102
669.000000	0.326722
670.000000	0.311956
671.000000	0.294644
672.000000	0.284460
673.000000	0.282933
674.000000	0.294135
675.000000	0.307882
676.000000	0.324176
677.000000	0.338433
678.000000	0.343525
679.000000	0.340470
680.000000	0.329268
681.000000	0.312974
682.000000	0.298717
683.000000	0.286497
684.000000	0.279368
685.000000	0.277841
686.000000	0.283951
687.000000	0.299735
688.000000	0.319593
689.000000	0.334359
690.000000	0.339960
691.000000	0.334359
692.000000	0.316029
693.000000	0.297699
694.000000	0.285988
695.000000	0.284460
696.000000	0.291589
697.000000	0.305336
698.000000	0.325194
699.000000	0.333850
700.000000	0.322139
701.000000	0.303300
702.000000	0.287515
703.000000	0.280387
704.000000	0.286497
705.000000	0.297699
706.000000	0.313992
707.000000	0.329268
708.000000	0.339451
709.000000	0.339960
710.000000	0.331304
711.000000	0.313992
712.000000	0.293625
713.000000	0.284969
714.000000	0.287515
715.000000	0.304318
716.000000	0.325703
717.000000	0.333850
718.000000	0.324176
719.000000	0.306355
720.000000	0.291589
721.000000	0.285479
722.000000	0.291079
723.000000	0.305336
724.000000	0.322139
725.000000	0.336905
726.000000	0.339960
727.000000	0.332323
728.000000	0.317047
729.000000	0.298717
730.000000	0.285479
731.000000	0.279878
732.000000	0.281405
733.000000	0.295153
734.000000	0.315520
735.000000	0.329777
736.000000	0.339451
737.000000	0.341488
738.000000	0.337924
739.000000	0.329268
740.000000	0.319593
741.000000	0.306864
742.000000	0.291589
743.000000	0.304318
744.000000	0.325194
745.000000	0.334359
746.000000	0.333341
747.000000	0.326213
748.000000	0.313992
749.000000	0.297699
750.000000	0.287006
751.000000	0.284969
752.000000	0.294135
753.000000	0.309919
754.000000	0.327231
755.000000	0.337414
756.000000	0.337414
757.000000	0.327740
758.000000	0.311956
759.000000	0.294644
760.000000	0.298208
761.000000	0.318575
762.000000	0.334359
763.000000	0.336396
764.000000	0.330795
765.000000	0.316538
766.000000	0.302281
767.000000	0.289552
768.000000	0.285988
769.000000	0.291079
770.000000	0.305846
771.000000	0.321630
772.000000	0.335887
773.000000	0.338942
774.000000	0.330795
775.000000	0.316538
776.000000	0.299735
777.000000	0.289552
778.000000	0.286497
779.000000	0.292098
780.000000	0.304318
781.000000	0.319593
782.000000	0.332323
783.000000	0.341488
784.000000	0.341488
785.000000	0.331814
786.000000	0.317557
787.000000	0.303809
788.000000	0.292098
789.000000	0.285479
790.000000	0.285988
791.000000	0.294135
792.000000	0.310428
793.000000	0.327740
794.000000	0.339451
795.000000	0.339960
796.000000	0.332323
797.000000	0.321121
798.000000	0.307373
799.000000	0.292098
800.000000	0.292098
801.000000	0.301772
802.000000	0.320612
803.000000	0.334869
804.000000	0.336905
805.000000	0.321630
806.000000	0.302790
807.000000	0.291079
808.000000	0.289552
809.000000	0.301772
810.000000	0.320102
811.000000	0.336396
812.000000	0.339960
813.000000	0.333850
814.000000	0.322139
815.000000	0.307882
816.000000	0.295662
817.000000	0.289552
818.000000	0.291589
819.000000	0.303809
820.000000	0.319084
821.000000	0.334359
822.000000	0.341997
823.000000	0.339960
824.000000	0.331814
825.000000	0.316029
826.000000	0.299226
827.000000	0.292607
828.000000	0.291589
829.000000	0.293116
830.000000	0.307882
831.000000	0.325703
832.000000	0.337924
833.000000	0.339451
834.000000	0.329777
835.000000	0.313992
836.000000	0.298717
837.000000	0.294644
838.000000	0.306355
839.000000	0.321630
840.000000	0.337414
841.000000	0.343525
842.000000	0.344034
843.000000	0.354726
844.000000	0.339960
845.000000	0.327231
846.000000	0.321630
847.000000	0.303300
848.000000	0.301263
849.000000	0.312465
850.000000	0.340979
851.000000	0.346580
852.000000	0.338433
853.000000	0.323158
854.000000	0.306864
855.000000	0.297699
856.000000	0.299226
857.000000	0.305336
858.000000	0.321121
859.000000	0.336905
860.000000	0.341997
861.000000	0.339960
862.000000	0.329777
863.000000	0.326722
864.000000	0.316538
865.000000	0.302281
866.000000	0.294135
867.000000	0.297190
868.000000	0.312465
869.000000	0.331814
870.000000	0.340470
871.000000	0.338942
872.000000	0.329268
873.000000	0.312465
874.000000	0.299735
875.000000	0.293625
876.000000	0.294135
877.000000	0.304827
878.000000	0.320102
879.000000	0.335378
880.000000	0.343525
881.000000	0.340470
882.000000	0.323667
883.000000	0.307882
884.000000	0.297190
885.000000	0.293116
886.000000	0.298717
887.000000	0.311446
888.000000	0.326213
889.000000	0.338433
890.000000	0.345561
891.000000	0.347598
892.000000	0.340979
893.000000	0.325703
894.000000	0.308391
895.000000	0.300245
896.000000	0.307882
897.000000	0.322139
898.000000	0.336905
899.000000	0.344543
900.000000	0.341997
901.000000	0.330795
902.000000	0.315011
903.000000	0.299735
904.000000	0.293625
905.000000	0.294135
906.000000	0.304318
907.000000	0.322648
908.000000	0.338433
909.000000	0.344543
910.000000	0.336905
911.000000	0.320102
912.000000	0.305846
913.000000	0.296171
914.000000	0.291079
915.000000	0.297699
916.000000	0.315011
917.000000	0.332323
918.000000	0.341488
919.000000	0.342506
920.000000	0.338942
921.000000	0.327231
922.000000	0.314502
923.000000	0.302281
924.000000	0.293116
925.000000	0.291589
926.000000	0.296171
927.000000	0.307882
928.000000	0.324685
929.000000	0.337924
930.000000	0.339960
931.000000	0.334359
932.000000	0.327740
933.000000	0.312465
934.000000	0.299226
935.000000	0.293116
936.000000	0.295153
937.000000	0.308391
938.000000	0.326722
939.000000	0.338942
940.000000	0.340470
941.000000	0.332323
942.000000	0.321630
943.000000	0.311956
944.000000	0.302790
945.000000	0.296171
946.000000	0.290570
947.000000	0.288024
948.000000	0.293625
949.000000	0.303809
950.000000	0.314502
951.000000	0.327740
952.000000	0.338433
953.000000	0.336905
954.000000	0.325703
955.000000	0.317047
956.000000	0.308901
957.000000	0.296171
958.000000	0.299226
959.000000	0.313483
960.000000	0.327740
961.000000	0.338942
962.000000	0.341997
963.000000	0.334869
964.000000	0.321630
965.000000	0.305846
966.000000	0.295662
967.000000	0.302790
968.000000	0.318575
969.000000	0.331304
970.000000	0.340470
971.000000	0.344034
972.000000	0.336396
973.000000	0.323667
974.000000	0.307373
975.000000	0.300245
976.000000	0.295153
977.000000	0.289552
978.000000	0.285988
979.000000	0.291589
980.000000	0.307882
981.000000	0.325194
982.000000	0.336905
983.000000	0.344034
984.000000	0.346580
985.000000	0.342506
986.000000	0.330286
987.000000	0.312974
988.000000	0.298717
989.000000	0.292607
990.000000	0.298208
991.000000	0.312465
992.000000	0.328249
993.000000	0.337924
994.000000	0.341997
995.000000	0.337924
996.000000	0.326722
997.000000	0.309919
998.000000	0.297190
999.000000	0.292098
1000.000000	0.295662
1001.000000	0.299735
1002.000000	0.307882
1003.000000	0.322139
1004.000000	0.333341
1005.000000	0.336905
1006.000000	0.329268
1007.000000	0.312974
1008.000000	0.298717
1009.000000	0.290570
1010.000000	0.287515
1011.000000	0.289552
1012.000000	0.298208
1013.000000	0.315520
1014.000000	0.329777
1015.000000	0.333850
1016.000000	0.330795
1017.000000	0.327231
1018.000000	0.320102
1019.000000	0.306864
1020.000000	0.294644
1021.000000	0.288534
1022.000000	0.290061
1023.000000	0.295662
1024.000000	0.305336
1025.000000	0.321121
1026.000000	0.332832
1027.000000	0.338433
1028.000000	0.337414
1029.000000	0.327231
1030.000000	0.313992
1031.000000	0.301263
1032.000000	0.291079
1033.000000	0.288534
1034.000000	0.292098
1035.000000	0.298717
1036.000000	0.310937
1037.000000	0.322139
1038.000000	0.332323
1039.000000	0.338433
1040.000000	0.338433
1041.000000	0.337924
1042.000000	0.332832
1043.000000	0.321121
1044.000000	0.307882
1045.000000	0.295153
1046.000000	0.289552
1047.000000	0.292098
1048.000000	0.305846
1049.000000	0.318575
1050.000000	0.326722
1051.000000	0.335378
1052.000000	0.338942
1053.000000	0.338433
1054.000000	0.325703
1055.000000	0.314502
1056.000000	0.301263
1057.000000	0.291589
1058.000000	0.287006
1059.000000	0.288534
1060.000000	0.293625
1061.000000	0.302790
1062.000000	0.317047
1063.000000	0.329777
1064.000000	0.336396
1065.000000	0.338942
1066.000000	0.338433
1067.000000	0.331304
1068.000000	0.316538
1069.000000	0.297699
1070.000000	0.290061
1071.000000	0.285988
1072.000000	0.286497
1073.000000	0.294135
1074.000000	0.311956
1075.000000	0.327231
1076.000000	0.334359
1077.000000	0.332832
1078.000000	0.324176
1079.000000	0.316538
1080.000000	0.306864
1081.000000	0.295153
1082.000000	0.288024
1083.000000	0.287006
1084.000000	0.290061
1085.000000	0.297699
1086.000000	0.308901
1087.000000	0.319593
1088.000000	0.329777
1089.000000	0.337414
1090.000000	0.339960
1091.000000	0.334359
1092.000000	0.333850
1093.000000	0.334359
1094.000000	0.330286
1095.000000	0.322139
1096.000000	0.308901
1097.000000	0.297699
1098.000000	0.289552
1099.000000	0.286497
1100.000000	0.289043
1101.000000	0.295662
1102.000000	0.310428
1103.000000	0.325194
1104.000000	0.332832
1105.000000	0.329777
1106.000000	0.320612
1107.000000	0.309410
1108.000000	0.297190
1109.000000	0.288024
1110.000000	0.285479
1111.000000	0.286497
1112.000000	0.295153
1113.000000	0.308901
1114.000000	0.321630
1115.000000	0.331814
1116.000000	0.336905
1117.000000	0.335378
1118.000000	0.327740
1119.000000	0.315011
1120.000000	0.299735
1121.000000	0.290061
1122.000000	0.286497
1123.000000	0.287515
1124.000000	0.293116
1125.000000	0.303300
1126.000000	0.313483
1127.000000	0.324176
1128.000000	0.332832
1129.000000	0.336396
1130.000000	0.335378
1131.000000	0.324685
1132.000000	0.308901
1133.000000	0.295662
1134.000000	0.288534
1135.000000	0.289552
1136.000000	0.297190
1137.000000	0.309919
1138.000000	0.322139
1139.000000	0.331304
1140.000000	0.336905
1141.000000	0.336396
1142.000000	0.332832
1143.000000	0.320102
1144.000000	0.307882
1145.000000	0.300245
1146.000000	0.293625
1147.000000	0.288024
1148.000000	0.284969
1149.000000	0.287006
1150.000000	0.293625
1151.000000	0.304827
1152.000000	0.319084
1153.000000	0.330286
1154.000000	0.333850
1155.000000	0.331814
1156.000000	0.324176
1157.000000	0.311956
1158.000000	0.299735
1159.000000	0.291079
1160.000000	0.288534
1161.000000	0.291079
1162.000000	0.297190
1163.000000	0.305846
1164.000000	0.316029
1165.000000	0.324685
1166.000000	0.333341
1167.000000	0.336905
1168.000000	0.336905
1169.000000	0.334359
1170.000000	0.325194
1171.000000	0.315011
1172.000000	0.303809
1173.000000	0.293625
1174.000000	0.288024
1175.000000	0.289043
1176.000000	0.294644
1177.000000	0.305846
1178.000000	0.322139
1179.000000	0.331814
1180.000000	0.333341
1181.000000	0.327231
1182.000000	0.319084
1183.000000	0.308391
1184.000000	0.298717
1185.000000	0.293625
1186.000000	0.292098
1187.000000	0.296171
1188.000000	0.303809
1189.000000	0.311956
1190.000000	0.321630
1191.000000	0.331814
1192.000000	0.336396
1193.000000	0.333850
1194.000000	0.325194
1195.000000	0.314502
1196.000000	0.305336
1197.000000	0.296171
1198.000000	0.290061
1199.000000	0.289043
1200.000000	0.290570
1201.000000	0.299735
1202.000000	0.311956
1203.000000	0.325194
1204.000000	0.332323
1205.000000	0.336905
1206.000000	0.335378
1207.000000	0.329268
1208.000000	0.320612
1209.000000	0.309410
1210.000000	0.297190
1211.000000	0.290061
1212.000000	0.286497
1213.000000	0.289552
1214.000000	0.295662
1215.000000	0.308901
1216.000000	0.322139
1217.000000	0.331814
1218.000000	0.336396
1219.000000	0.339451
1220.000000	0.339960
1221.000000	0.335887
1222.000000	0.326213
1223.000000	0.312974
1224.000000	0.299735
1225.000000	0.293625
1226.000000	0.297190
1227.000000	0.307373
1228.000000	0.320102
1229.000000	0.331814
1230.000000	0.337924
1231.000000	0.339451
1232.000000	0.337924
1233.000000	0.334359
1234.000000	0.327231
1235.000000	0.317557
1236.000000	0.303809
1237.000000	0.296680
1238.000000	0.294135
1239.000000	0.297190
1240.000000	0.304318
1241.000000	0.316029
1242.000000	0.327231
1243.000000	0.335378
1244.000000	0.338433
1245.000000	0.338942
1246.000000	0.333341
1247.000000	0.324176
1248.000000	0.313483
1249.000000	0.304318
1250.000000	0.296680
1251.000000	0.296171
1252.000000	0.296171
1253.000000	0.304318
1254.000000	0.313483
1255.000000	0.322139
1256.000000	0.332323
1257.000000	0.337414
1258.000000	0.340470
1259.000000	0.337414
1260.000000	0.329268
1261.000000	0.318066
1262.000000	0.307373
1263.000000	0.300754
1264.000000	0.298208
1265.000000	0.301772
1266.000000	0.308391
1267.000000	0.317047
1268.000000	0.325194
1269.000000	0.334359
1270.000000	0.339960
1271.000000	0.337414
1272.000000	0.331304
1273.000000	0.322648
1274.000000	0.313992
1275.000000	0.303300
1276.000000	0.298717
1277.000000	0.299735
1278.000000	0.308901
1279.000000	0.320102
1280.000000	0.328758
1281.000000	0.335887
1282.000000	0.339960
1283.000000	0.339960
1284.000000	0.334359
1285.000000	0.324685
1286.000000	0.314502
1287.000000	0.305336
1288.000000	0.298208
1289.000000	0.294135
1290.000000	0.293625
1291.000000	0.298208
1292.000000	0.308391
1293.000000	0.319593
1294.000000	0.331304
1295.000000	0.338942
1296.000000	0.339451
1297.000000	0.335378
1298.000000	0.327740
1299.000000	0.317557
1300.000000	0.306355
1301.000000	0.299226
1302.000000	0.298208
1303.000000	0.302790
1304.000000	0.311956
1305.000000	0.322139
1306.000000	0.331814
1307.000000	0.338433
1308.000000	0.341488
1309.000000	0.336905
1310.000000	0.331814
1311.000000	0.323158
1312.000000	0.316029
1313.000000	0.309410
1314.000000	0.300245
1315.000000	0.298717
1316.000000	0.302790
1317.000000	0.311956
1318.000000	0.322648
1319.000000	0.332832
1320.000000	0.338942
1321.000000	0.342506
1322.000000	0.339451
1323.000000	0.331304
1324.000000	0.323158
1325.000000	0.311446
1326.000000	0.302790
1327.000000	0.298717
1328.000000	0.301263
1329.000000	0.305846
1330.000000	0.313483
1331.000000	0.321121
1332.000000	0.328249
1333.000000	0.336905
1334.000000	0.340470
1335.000000	0.339451
1336.000000	0.333341
1337.000000	0.324176
1338.000000	0.313992
1339.000000	0.303809
1340.000000	0.298208
1341.000000	0.298717
1342.000000	0.302790
1343.000000	0.310937
1344.000000	0.322139
1345.000000	0.331304
1346.000000	0.336905
1347.000000	0.339451
1348.000000	0.335887
1349.000000	0.327740
1350.000000	0.316538
1351.000000	0.306355
1352.000000	0.301772
1353.000000	0.303809
1354.000000	0.307882
1355.000000	0.315520
1356.000000	0.323667
1357.000000	0.329777
1358.000000	0.334869
1359.000000	0.338433
1360.000000	0.339451
1361.000000	0.338433
1362.000000	0.329268
1363.000000	0.319084
1364.000000	0.307882
1365.000000	0.299226
1366.000000	0.296680
1367.000000	0.298717
1368.000000	0.305336
1369.000000	0.316538
1370.000000	0.325194
1371.000000	0.330286
1372.000000	0.332323
1373.000000	0.336905
1374.000000	0.339451
1375.000000	0.335887
1376.000000	0.325194
1377.000000	0.312974
1378.000000	0.304318
1379.000000	0.301263
1380.000000	0.302281
1381.000000	0.307882
1382.000000	0.316029
1383.000000	0.325194
1384.000000	0.331814
1385.000000	0.336905
1386.000000	0.336905
1387.000000	0.332832
1388.000000	0.325194
1389.000000	0.317557
1390.000000	0.307373
1391.000000	0.300754
1392.000000	0.298208
1393.000000	0.301263
1394.000000	0.307882
1395.000000	0.318575
1396.000000	0.329777
1397.000000	0.336905
1398.000000	0.340470
1399.000000	0.340979
1400.000000	0.338942
1401.000000	0.334359
1402.000000	0.325194
1403.000000	0.314502
1404.000000	0.305336
1405.000000	0.299735
1406.000000	0.299735
1407.000000	0.302790
1408.000000	0.308391
1409.000000	0.319593
1410.000000	0.324685
1411.000000	0.332323
1412.000000	0.337924
1413.000000	0.338942
1414.000000	0.340470
1415.000000	0.337414
1416.000000	0.329268
1417.000000	0.316029
1418.000000	0.304827
1419.000000	0.301263
1420.000000	0.304827
1421.000000	0.312974
1422.000000	0.322139
1423.000000	0.329268
1424.000000	0.334359
1425.000000	0.333850
1426.000000	0.328758
1427.000000	0.323158
1428.000000	0.313483
1429.000000	0.305846
1430.000000	0.299226
1431.000000	0.297699
1432.000000	0.302281
1433.000000	0.310428
1434.000000	0.321630
1435.000000	0.330795
1436.000000	0.334869
1437.000000	0.336905
1438.000000	0.335378
1439.000000	0.326213
1440.000000	0.316029
1441.000000	0.304827
1442.000000	0.299226
1443.000000	0.296171
1444.000000	0.298717
1445.000000	0.305336
1446.000000	0.311446
1447.000000	0.318575
1448.000000	0.324685
1449.000000	0.331304
1450.000000	0.333850
1451.000000	0.333341
1452.000000	0.327231
1453.000000	0.317557
1454.000000	0.308391
1455.000000	0.301772
1456.000000	0.296680
1457.000000	0.297190
1458.000000	0.298717
1459.000000	0.310428
1460.000000	0.321121
1461.000000	0.328758
1462.000000	0.334869
1463.000000	0.335887
1464.000000	0.333341
1465.000000	0.327231
1466.000000	0.316538
1467.000000	0.306864
1468.000000	0.301263
1469.000000	0.297699
1470.000000	0.295662
1471.000000	0.298717
1472.000000	0.302281
1473.000000	0.309919
1474.000000	0.311956
1475.000000	0.320102
1476.000000	0.327740
1477.000000	0.328249
1478.000000	0.321630
1479.000000	0.310937
1480.000000	0.301772
1481.000000	0.297190
1482.000000	0.295662
1483.000000	0.295662
1484.000000	0.305336
1485.000000	0.317047
1486.000000	0.326722
1487.000000	0.332832
1488.000000	0.333341
1489.000000	0.325703
1490.000000	0.320612
1491.000000	0.313992
1492.000000	0.305336
1493.000000	0.298717
1494.000000	0.296171
1495.000000	0.296171
1496.000000	0.302281
1497.000000	0.309410
1498.000000	0.316029
1499.000000	0.321121
1500.000000	0.325703
1501.000000	0.330286
1502.000000	0.333341
1503.000000	0.334869
1504.000000	0.328758
1505.000000	0.318066
1506.000000	0.309919
1507.000000	0.301772
1508.000000	0.297190
1509.000000	0.294135
1510.000000	0.296680
1511.000000	0.301772
1512.000000	0.308391
1513.000000	0.318066
1514.000000	0.324685
1515.000000	0.330286
1516.000000	0.327231
1517.000000	0.321121
1518.000000	0.310937
1519.000000	0.301772
1520.000000	0.296680
1521.000000	0.296680
1522.000000	0.300754
1523.000000	0.309919
1524.000000	0.316538
1525.000000	0.324176
1526.000000	0.330286
1527.000000	0.332323
1528.000000	0.331814
1529.000000	0.328249
1530.000000	0.320102
1531.000000	0.309410
1532.000000	0.301772
1533.000000	0.297190
1534.000000	0.294644
1535.000000	0.297699
1536.000000	0.303809
1537.000000	0.311956
1538.000000	0.320612
1539.000000	0.326722
1540.000000	0.330286
1541.000000	0.328758
1542.000000	0.322139
1543.000000	0.315011
1544.000000	0.309919
1545.000000	0.301772
1546.000000	0.297190
1547.000000	0.296171
1548.000000	0.299735
1549.000000	0.305846
1550.000000	0.317047
1551.000000	0.324176
1552.000000	0.331814
1553.000000	0.330795
1554.000000	0.324176
1555.000000	0.317557
1556.000000	0.309919
1557.000000	0.304827
1558.000000	0.300245
1559.000000	0.296680
1560.000000	0.296680
1561.000000	0.299735
1562.000000	0.305846
1563.000000	0.315520
1564.000000	0.320612
1565.000000	0.326722
1566.000000	0.329777
1567.000000	0.328249
1568.000000	0.323667
1569.000000	0.316538
1570.000000	0.307882
1571.000000	0.299226
1572.000000	0.294644
1573.000000	0.293116
1574.000000	0.296171
1575.000000	0.301263
1576.000000	0.306864
1577.000000	0.314502
1578.000000	0.321121
1579.000000	0.325703
1580.000000	0.329268
1581.000000	0.327231
1582.000000	0.319084
1583.000000	0.316029
1584.000000	0.309919
1585.000000	0.301772
1586.000000	0.299735
1587.000000	0.302281
1588.000000	0.307373
1589.000000	0.311956
1590.000000	0.319084
1591.000000	0.324176
1592.000000	0.327231
1593.000000	0.330286
1594.000000	0.325703
1595.000000	0.317047
1596.000000	0.305846
1597.000000	0.300754
1598.000000	0.300754
1599.000000	0.304318
1600.000000	0.312465
1601.000000	0.320102
1602.000000	0.327231
1603.000000	0.326213
1604.000000	0.321630
1605.000000	0.312465
1606.000000	0.304827
1607.000000	0.298717
1608.000000	0.295662
1609.000000	0.295662
1610.000000	0.296680
1611.000000	0.296171
1612.000000	0.299226
1613.000000	0.305846
1614.000000	0.311446
1615.000000	0.319084
1616.000000	0.325194
1617.000000	0.329268
1618.000000	0.329268
1619.000000	0.327740
1620.000000	0.324685
1621.000000	0.316538
1622.000000	0.308901
1623.000000	0.300245
1624.000000	0.297190
1625.000000	0.298208
1626.000000	0.303809
1627.000000	0.312974
1628.000000	0.321121
1629.000000	0.326722
1630.000000	0.329777
1631.000000	0.330286
1632.000000	0.328249
1633.000000	0.320612
1634.000000	0.312974
1635.000000	0.305336
1636.000000	0.299735
1637.000000	0.296171
1638.000000	0.297699
1639.000000	0.299226
1640.000000	0.302790
1641.000000	0.307882
1642.000000	0.315011
1643.000000	0.320612
1644.000000	0.325703
1645.000000	0.329268
1646.000000	0.326722
1647.000000	0.317557
1648.000000	0.308901
1649.000000	0.302790
1650.000000	0.298717
1651.000000	0.297190
1652.000000	0.296680
1653.000000	0.299735
1654.000000	0.304318
1655.000000	0.309410
1656.000000	0.315011
1657.000000	0.322648
1658.000000	0.328249
1659.000000	0.328249
1660.000000	0.323667
1661.000000	0.314502
1662.000000	0.305336
1663.000000	0.300754
1664.000000	0.297699
1665.000000	0.297699
1666.000000	0.300754
1667.000000	0.305336
1668.000000	0.309919
1669.000000	0.313992
1670.000000	0.319084
1671.000000	0.325194
1672.000000	0.328249
1673.000000	0.327231
1674.000000	0.320612
1675.000000	0.313992
1676.000000	0.305846
1677.000000	0.300754
1678.000000	0.300754
1679.000000	0.306355
1680.000000	0.315520
1681.000000	0.322139
1682.000000	0.328249
1683.000000	0.330286
1684.000000	0.330795
1685.000000	0.328758
1686.000000	0.323158
1687.000000	0.315520
1688.000000	0.307373
1689.000000	0.301263
1690.000000	0.298208
1691.000000	0.300754
1692.000000	0.305336
1693.000000	0.312974
1694.000000	0.319084
1695.000000	0.326722
1696.000000	0.330286
1697.000000	0.328758
1698.000000	0.324685
1699.000000	0.317557
1700.000000	0.308901
1701.000000	0.302790
1702.000000	0.300245
1703.000000	0.300754
1704.000000	0.304318
1705.000000	0.309410
1706.000000	0.316538
1707.000000	0.324176
1708.000000	0.329268
1709.000000	0.330795
1710.000000	0.329268
1711.000000	0.323158
1712.000000	0.314502
1713.000000	0.306864
1714.000000	0.302281
1715.000000	0.303809
1716.000000	0.304827
1717.000000	0.311446
1718.000000	0.319084
1719.000000	0.325194
1720.000000	0.330286
1721.000000	0.329777
1722.000000	0.328758
1723.000000	0.322139
1724.000000	0.315011
1725.000000	0.307373
1726.000000	0.302281
1727.000000	0.301263
1728.000000	0.303809
1729.000000	0.311446
1730.000000	0.318066
1731.000000	0.325703
1732.000000	0.330286
1733.000000	0.331814
1734.000000	0.330286
1735.000000	0.328249
1736.000000	0.322648
1737.000000	0.316029
1738.000000	0.307882
1739.000000	0.303300
1740.000000	0.303809
1741.000000	0.305336
1742.000000	0.310428
1743.000000	0.318575
1744.000000	0.323158
1745.000000	0.327740
1746.000000	0.331304
1747.000000	0.333341
1748.000000	0.330286
1749.000000	0.324176
1750.000000	0.320612
1751.000000	0.315011
1752.000000	0.308901
1753.000000	0.305336
1754.000000	0.301263
1755.000000	0.301772
1756.000000	0.306864
1757.000000	0.315011
1758.000000	0.322139
1759.000000	0.327740
1760.000000	0.330795
1761.000000	0.332832
1762.000000	0.333850
1763.000000	0.333341
1764.000000	0.331304
1765.000000	0.329268
1766.000000	0.324176
1767.000000	0.314502
1768.000000	0.308901
1769.000000	0.304318
1770.000000	0.304827
1771.000000	0.311446
1772.000000	0.319084
1773.000000	0.327231
1774.000000	0.330795
1775.000000	0.333850
1776.000000	0.333341
1777.000000	0.330286
1778.000000	0.327231
1779.000000	0.319084
1780.000000	0.311956
1781.000000	0.306864
1782.000000	0.308391
1783.000000	0.312465
1784.000000	0.316538
1785.000000	0.319084
1786.000000	0.320612
1787.000000	0.325194
1788.000000	0.329777
1789.000000	0.332832
1790.000000	0.333341
1791.000000	0.330795
1792.000000	0.326722
1793.000000	0.324176
1794.000000	0.320612
1795.000000	0.312465
1796.000000	0.306355
1797.000000	0.303300
1798.000000	0.306864
1799.000000	0.313992
1800.000000	0.320102
1801.000000	0.327231
1802.000000	0.331814
1803.000000	0.334359
1804.000000	0.331304
1805.000000	0.324176
1806.000000	0.316029
1807.000000	0.310428
1808.000000	0.305336
1809.000000	0.301772
1810.000000	0.305846
1811.000000	0.311956
1812.000000	0.319593
1813.000000	0.326213
1814.000000	0.332323
1815.000000	0.334359
1816.000000	0.332832
1817.000000	0.330286
1818.000000	0.324176
1819.000000	0.317557
1820.000000	0.309410
1821.000000	0.305336
1822.000000	0.304318
1823.000000	0.305846
1824.000000	0.314502
1825.000000	0.324685
1826.000000	0.330795
1827.000000	0.332323
1828.000000	0.330795
1829.000000	0.325194
1830.000000	0.318066
1831.000000	0.311956
1832.000000	0.306355
1833.000000	0.305336
1834.000000	0.302281
1835.000000	0.301263
1836.000000	0.300245
1837.000000	0.302790
1838.000000	0.307882
1839.000000	0.310428
1840.000000	0.315520
1841.000000	0.322139
1842.000000	0.329777
1843.000000	0.333341
1844.000000	0.334359
1845.000000	0.334359
1846.000000	0.335378
1847.000000	0.331304
1848.000000	0.324176
1849.000000	0.317557
1850.000000	0.311446
1851.000000	0.306355
1852.000000	0.303809
1853.000000	0.303809
1854.000000	0.305846
1855.000000	0.311446
1856.000000	0.320102
1857.000000	0.328249
1858.000000	0.331814
1859.000000	0.332832
1860.000000	0.333850
1861.000000	0.328758
1862.000000	0.324176
1863.000000	0.319084
1864.000000	0.312974
1865.000000	0.306864
1866.000000	0.304827
1867.000000	0.304318
1868.000000	0.309410
1869.000000	0.318066
1870.000000	0.323667
1871.000000	0.328249
1872.000000	0.331304
1873.000000	0.334359
1874.000000	0.335887
1875.000000	0.334869
1876.000000	0.332832
1877.000000	0.328758
1878.000000	0.323158
1879.000000	0.316538
1880.000000	0.311446
1881.000000	0.306864
1882.000000	0.303300
1883.000000	0.305846
1884.000000	0.308901
1885.000000	0.313483
1886.000000	0.318066
1887.000000	0.322648
1888.000000	0.329268
1889.000000	0.332832
1890.000000	0.333850
1891.000000	0.330286
1892.000000	0.321121
1893.000000	0.311446
1894.000000	0.305846
1895.000000	0.304827
1896.000000	0.311446
1897.000000	0.317047
1898.000000	0.322139
1899.000000	0.325703
1900.000000	0.330286
1901.000000	0.333850
1902.000000	0.335378
1903.000000	0.335378
1904.000000	0.334359
1905.000000	0.330286
1906.000000	0.323667
1907.000000	0.316538
1908.000000	0.309919
1909.000000	0.306355
1910.000000	0.303300
1911.000000	0.302790
1912.000000	0.305336
1913.000000	0.312974
1914.000000	0.319593
1915.000000	0.325703
1916.000000	0.330795
1917.000000	0.333850
1918.000000	0.332323
1919.000000	0.329777
1920.000000	0.324176
1921.000000	0.318066
1922.000000	0.311956
1923.000000	0.305846
1924.000000	0.304318
1925.000000	0.305846
1926.000000	0.308391
1927.000000	0.313483
1928.000000	0.319084
1929.000000	0.325194
1930.000000	0.330795
1931.000000	0.333850
1932.000000	0.334359
1933.000000	0.332832
1934.000000	0.328758
1935.000000	0.323667
1936.000000	0.316538
1937.000000	0.309919
1938.000000	0.305336
1939.000000	0.304318
1940.000000	0.305336
1941.000000	0.308901
1942.000000	0.315011
1943.000000	0.322139
1944.000000	0.329268
1945.000000	0.331814
1946.000000	0.334869
1947.000000	0.333850
1948.000000	0.327231
1949.000000	0.320102
1950.000000	0.311956
1951.000000	0.306355
1952.000000	0.304318
1953.000000	0.306864
1954.000000	0.309919
1955.000000	0.314502
1956.000000	0.319084
1957.000000	0.324176
1958.000000	0.329777
1959.000000	0.333850
1960.000000	0.334359
1961.000000	0.331814
1962.000000	0.328249
1963.000000	0.322139
1964.000000	0.316538
1965.000000	0.311956
1966.000000	0.309919
1967.000000	0.304827
1968.000000	0.302790
1969.000000	0.304318
1970.000000	0.306864
1971.000000	0.311956
1972.000000	0.316538
1973.000000	0.323158
1974.000000	0.327740
1975.000000	0.332323
1976.000000	0.333341
1977.000000	0.334359
1978.000000	0.330286
1979.000000	0.325194
1980.000000	0.318066
1981.000000	0.313483
1982.000000	0.308391
1983.000000	0.306864
1984.000000	0.305846
1985.000000	0.303300
1986.000000	0.301772
1987.000000	0.301263
1988.000000	0.303300
1989.000000	0.307882
1990.000000	0.314502
1991.000000	0.323158
1992.000000	0.327740
1993.000000	0.332323
1994.000000	0.333341
1995.000000	0.332832
1996.000000	0.328249
1997.000000	0.322139
1998.000000	0.312465
1999.000000	0.304827
2000.000000	0.304318
2001.000000	0.304827
2002.000000	0.310937
2003.000000	0.316029
2004.000000	0.321630
2005.000000	0.324685
2006.000000	0.328758
2007.000000	0.330286
2008.000000	0.330286
2009.000000	0.331304
2010.000000	0.329777
2011.000000	0.328758
2012.000000	0.326213
2013.000000	0.320612
2014.000000	0.318066
2015.000000	0.315011
2016.000000	0.308901
2017.000000	0.305846
2018.000000	0.301772
2019.000000	0.301772
2020.000000	0.303809
2021.000000	0.306355
2022.000000	0.313992
2023.000000	0.323158
2024.000000	0.329268
2025.000000	0.331304
2026.000000	0.330286
2027.000000	0.327231
2028.000000	0.323158
2029.000000	0.319084
2030.000000	0.312974
2031.000000	0.309410
2032.000000	0.304318
2033.000000	0.302281
2034.000000	0.301263
2035.000000	0.303809
2036.000000	0.306864
2037.000000	0.312974
2038.000000	0.320102
2039.000000	0.325194
2040.000000	0.330286
2041.000000	0.334359
2042.000000	0.333850
2043.000000	0.333341
2044.000000	0.332832
2045.000000	0.330286
2046.000000	0.326213
2047.000000	0.320102
2048.000000	0.312974
2049.000000	0.307882
2050.000000	0.303809
2051.000000	0.300245
2052.000000	0.301772
2053.000000	0.306864
2054.000000	0.310937
2055.000000	0.317047
2056.000000	0.323667
2057.000000	0.328249
2058.000000	0.329777
2059.000000	0.328249
2060.000000	0.323158
2061.000000	0.316538
2062.000000	0.308901
2063.000000	0.302281
2064.000000	0.300754
2065.000000	0.298717
2066.000000	0.300245
2067.000000	0.301263
2068.000000	0.303809
2069.000000	0.308901
2070.000000	0.317047
2071.000000	0.323667
2072.000000	0.329268
2073.000000	0.331304
2074.000000	0.332323
2075.000000	0.330795
2076.000000	0.327231
2077.000000	0.322139
2078.000000	0.317557
2079.000000	0.311956
2080.000000	0.307373
2081.000000	0.302281
2082.000000	0.299735
2083.000000	0.297699
2084.000000	0.298717
2085.000000	0.304827
2086.000000	0.313992
2087.000000	0.321121
2088.000000	0.324685
2089.000000	0.328249
2090.000000	0.329777
2091.000000	0.328758
2092.000000	0.320612
2093.000000	0.313992
2094.000000	0.308391
2095.000000	0.302790
2096.000000	0.300245
2097.000000	0.301263
2098.000000	0.302281
2099.000000	0.306355
2100.000000	0.309410
2101.000000	0.316029
2102.000000	0.321630
2103.000000	0.327231
2104.000000	0.330286
2105.000000	0.330795
2106.000000	0.328758
2107.000000	0.325703
2108.000000	0.321121
2109.000000	0.316029
2110.000000	0.308391
2111.000000	0.303809
2112.000000	0.301263
2113.000000	0.297699
2114.000000	0.297699
2115.000000	0.301772
2116.000000	0.304827
2117.000000	0.309919
2118.000000	0.315011
2119.000000	0.321121
2120.000000	0.326213
2121.000000	0.329268
2122.000000	0.329268
2123.000000	0.326213
2124.000000	0.323158
2125.000000	0.316538
2126.000000	0.309410
2127.000000	0.304318
2128.000000	0.299735
2129.000000	0.297699
2130.000000	0.299735
2131.000000	0.302790
2132.000000	0.308391
2133.000000	0.311956
2134.000000	0.318066
2135.000000	0.323667
2136.000000	0.327231
2137.000000	0.330286
2138.000000	0.329268
2139.000000	0.325703
2140.000000	0.320102
2141.000000	0.315520
2142.000000	0.308391
2143.000000	0.303300
2144.000000	0.299226
2145.000000	0.297699
2146.000000	0.297190
2147.000000	0.297699
2148.000000	0.300754
2149.000000	0.307373
2150.000000	0.313992
2151.000000	0.321121
2152.000000	0.325194
2153.000000	0.326722
2154.000000	0.327740
2155.000000	0.328758
2156.000000	0.325703
2157.000000	0.322139
2158.000000	0.318066
2159.000000	0.316029
2160.000000	0.313483
2161.000000	0.310428
2162.000000	0.304827
2163.000000	0.299735
2164.000000	0.296680
2165.000000	0.295153
2166.000000	0.295662
2167.000000	0.297699
2168.000000	0.301772
2169.000000	0.307882
2170.000000	0.315520
2171.000000	0.321121
2172.000000	0.325703
2173.000000	0.329268
2174.000000	0.328249
2175.000000	0.326722
2176.000000	0.320102
2177.000000	0.311446
2178.000000	0.303300
2179.000000	0.299735
2180.000000	0.296171
2181.000000	0.296171
2182.000000	0.298208
2183.000000	0.302790
2184.000000	0.309410
2185.000000	0.318066
2186.000000	0.324685
2187.000000	0.327740
2188.000000	0.329777
2189.000000	0.328249
2190.000000	0.325703
2191.000000	0.319084
2192.000000	0.311956
2193.000000	0.305846
2194.000000	0.300754
2195.000000	0.297190
2196.000000	0.296680
2197.000000	0.298717
2198.000000	0.302281
2199.000000	0.305846
2200.000000	0.313483
2201.000000	0.321630
2202.000000	0.325703
2203.000000	0.326213
2204.000000	0.324176
2205.000000	0.319084
2206.000000	0.316538
2207.000000	0.311956
2208.000000	0.306864
2209.000000	0.301263
2210.000000	0.297190
2211.000000	0.294644
2212.000000	0.294644
2213.000000	0.297190
2214.000000	0.301263
2215.000000	0.305336
2216.000000	0.312465
2217.000000	0.320102
2218.000000	0.326213
2219.000000	0.327740
2220.000000	0.324685
2221.000000	0.316029
2222.000000	0.313483
2223.000000	0.310937
2224.000000	0.305846
2225.000000	0.301772
2226.000000	0.297699
2227.000000	0.295662
2228.000000	0.294644
2229.000000	0.298717
2230.000000	0.309410
2231.000000	0.321121
2232.000000	0.324685
2233.000000	0.327740
2234.000000	0.327740
2235.000000	0.322648
2236.000000	0.316538
2237.000000	0.312974
2238.000000	0.308391
2239.000000	0.302790
2240.000000	0.298208
2241.000000	0.295662
2242.000000	0.296680
2243.000000	0.303300
2244.000000	0.308901
2245.000000	0.312974
2246.000000	0.317047
2247.000000	0.322139
2248.000000	0.326722
2249.000000	0.329268
2250.000000	0.327740
2251.000000	0.326213
2252.000000	0.322139
2253.000000	0.317557
2254.000000	0.309410
2255.000000	0.303300
2256.000000	0.297699
2257.000000	0.295662
2258.000000	0.297190
2259.000000	0.300245
2260.000000	0.306864
2261.000000	0.315011
2262.000000	0.320612
2263.000000	0.325194
2264.000000	0.327740
2265.000000	0.328249
2266.000000	0.326213
2267.000000	0.323667
2268.000000	0.319084
2269.000000	0.310937
2270.000000	0.303809
2271.000000	0.298208
2272.000000	0.295662
2273.000000	0.295153
2274.000000	0.298717
2275.000000	0.303809
2276.000000	0.311446
2277.000000	0.318066
2278.000000	0.323667
2279.000000	0.326213
2280.000000	0.328758
2281.000000	0.326213
2282.000000	0.323667
2283.000000	0.319084
2284.000000	0.316538
2285.000000	0.309919
2286.000000	0.303809
2287.000000	0.297699
2288.000000	0.295153
2289.000000	0.295153
2290.000000	0.295153
2291.000000	0.301263
2292.000000	0.307373
2293.000000	0.312974
2294.000000	0.318066
2295.000000	0.323158
2296.000000	0.326213
2297.000000	0.327740
2298.000000	0.325703
2299.000000	0.322139
2300.000000	0.316029
2301.000000	0.311956
2302.000000	0.305846
2303.000000	0.301263
2304.000000	0.296680
2305.000000	0.293625
2306.000000	0.293625
2307.000000	0.295153
2308.000000	0.297699
2309.000000	0.303809
2310.000000	0.311446
2311.000000	0.317557
2312.000000	0.323667
2313.000000	0.323667
2314.000000	0.324685
2315.000000	0.326213
2316.000000	0.324685
2317.000000	0.317557
2318.000000	0.309410
2319.000000	0.303809
2320.000000	0.298717
2321.000000	0.295153
2322.000000	0.294644
2323.000000	0.297190
2324.000000	0.302281
2325.000000	0.307373
2326.000000	0.316029
2327.000000	0.322648
2328.000000	0.326213
2329.000000	0.328249
2330.000000	0.328758
2331.000000	0.327231
2332.000000	0.323158
2333.000000	0.315520
2334.000000	0.309410
2335.000000	0.302281
2336.000000	0.296680
2337.000000	0.294644
2338.000000	0.293116
2339.000000	0.295153
2340.000000	0.298208
2341.000000	0.305846
2342.000000	0.316029
2343.000000	0.322648
2344.000000	0.326213
2345.000000	0.328758
2346.000000	0.327740
2347.000000	0.327740
2348.000000	0.327231
2349.000000	0.322139
2350.000000	0.313992
2351.000000	0.305336
2352.000000	0.299735
2353.000000	0.296171
2354.000000	0.293625
2355.000000	0.293116
2356.000000	0.293625
2357.000000	0.296680
2358.000000	0.300754
2359.000000	0.307882
2360.000000	0.317557
2361.000000	0.324176
2362.000000	0.326213
2363.000000	0.327231
2364.000000	0.325194
2365.000000	0.323158
2366.000000	0.322139
2367.000000	0.323158
2368.000000	0.323158
2369.000000	0.317047
2370.000000	0.308901
2371.000000	0.300245
2372.000000	0.296680
2373.000000	0.300754
2374.000000	0.306864
2375.000000	0.316029
2376.000000	0.321121
2377.000000	0.325194
2378.000000	0.328249
2379.000000	0.330286
2380.000000	0.328249
2381.000000	0.326722
2382.000000	0.324176
2383.000000	0.322139
2384.000000	0.313992
2385.000000	0.303809
2386.000000	0.298208
2387.000000	0.294644
2388.000000	0.293625
2389.000000	0.296680
2390.000000	0.303809
2391.000000	0.313483
2392.000000	0.321121
2393.000000	0.326213
2394.000000	0.329777
2395.000000	0.328249
2396.000000	0.323667
2397.000000	0.316029
2398.000000	0.306864
2399.000000	0.299226
2400.000000	0.296171
2401.000000	0.295153
2402.000000	0.295662
2403.000000	0.297699
2404.000000	0.301772
2405.000000	0.308391
2406.000000	0.315520
2407.000000	0.320612
2408.000000	0.323667
2409.000000	0.322139
2410.000000	0.317557
2411.000000	0.317557
2412.000000	0.321630
2413.000000	0.326722
2414.000000	0.328249
2415.000000	0.322648
2416.000000	0.309919
2417.000000	0.301263
2418.000000	0.296171
2419.000000	0.293625
2420.000000	0.293116
2421.000000	0.295662
2422.000000	0.299226
2423.000000	0.303300
2424.000000	0.307373
2425.000000	0.311956
2426.000000	0.317557
2427.000000	0.323667
2428.000000	0.327740
2429.000000	0.329777
2430.000000	0.325194
2431.000000	0.315520
2432.000000	0.306355
2433.000000	0.300754
2434.000000	0.295662
2435.000000	0.295662
2436.000000	0.297699
2437.000000	0.301772
2438.000000	0.308391
2439.000000	0.313483
2440.000000	0.322139
2441.000000	0.326722
2442.000000	0.328249
2443.000000	0.326722
2444.000000	0.319593
2445.000000	0.310937
2446.000000	0.304318
2447.000000	0.299735
2448.000000	0.295662
2449.000000	0.295153
2450.000000	0.296680
2451.000000	0.300754
2452.000000	0.305336
2453.000000	0.306355
2454.000000	0.309410
2455.000000	0.315520
2456.000000	0.322648
2457.000000	0.328249
2458.000000	0.329777
2459.000000	0.328758
2460.000000	0.327231
2461.000000	0.321630
2462.000000	0.316029
2463.000000	0.309919
2464.000000	0.306355
2465.000000	0.300754
2466.000000	0.299226
2467.000000	0.296171
2468.000000	0.297699
2469.000000	0.301263
2470.000000	0.305336
2471.000000	0.315520
2472.000000	0.322139
2473.000000	0.328249
2474.000000	0.330286
2475.000000	0.331814
2476.000000	0.331814
2477.000000	0.327231
2478.000000	0.320102
2479.000000	0.311956
2480.000000	0.304318
2481.000000	0.299226
2482.000000	0.297190
2483.000000	0.295153
2484.000000	0.295662
2485.000000	0.297699
2486.000000	0.302790
2487.000000	0.310937
2488.000000	0.317557
2489.000000	0.325194
2490.000000	0.328758
2491.000000	0.331304
2492.000000	0.331304
2493.000000	0.329268
2494.000000	0.324176
2495.000000	0.317557
2496.000000	0.309919
2497.000000	0.305336
2498.000000	0.301263
2499.000000	0.297699
2500.000000	0.298717
2501.000000	0.300245
2502.000000	0.304827
2503.000000	0.312465
2504.000000	0.319593
2505.000000	0.324176
2506.000000	0.327231
2507.000000	0.328249
2508.000000	0.331304
2509.000000	0.331814
2510.000000	0.331814
2511.000000	0.328249
2512.000000	0.322648
2513.000000	0.316029
2514.000000	0.312465
2515.000000	0.307882
2516.000000	0.303300
2517.000000	0.299226
2518.000000	0.297190
2519.000000	0.295662
2520.000000	0.296680
2521.000000	0.304827
2522.000000	0.318066
2523.000000	0.325703
2524.000000	0.329777
2525.000000	0.330795
2526.000000	0.327740
2527.000000	0.320102
2528.000000	0.311446
2529.000000	0.307373
2530.000000	0.305846
2531.000000	0.304827
2532.000000	0.304827
2533.000000	0.301263
2534.000000	0.297699
2535.000000	0.299226
2536.000000	0.302790
2537.000000	0.309919
2538.000000	0.321121
2539.000000	0.327740
2540.000000	0.331304
2541.000000	0.331304
2542.000000	0.329268
2543.000000	0.323667
2544.000000	0.318575
2545.000000	0.312974
2546.000000	0.306355
2547.000000	0.299735
2548.000000	0.299226
2549.000000	0.301263
2550.000000	0.308391
2551.000000	0.316029
2552.000000	0.322139
2553.000000	0.327740
2554.000000	0.330795
2555.000000	0.333341
2556.000000	0.332323
2557.000000	0.331814
2558.000000	0.328758
2559.000000	0.324176
2560.000000	0.319593
2561.000000	0.311956
2562.000000	0.306864
2563.000000	0.301263
2564.000000	0.298717
2565.000000	0.298208
2566.000000	0.303300
2567.000000	0.310937
2568.000000	0.320102
2569.000000	0.325194
2570.000000	0.330286
2571.000000	0.332832
2572.000000	0.333341
2573.000000	0.329777
2574.000000	0.323158
2575.000000	0.317557
2576.000000	0.309919
2577.000000	0.304827
2578.000000	0.301263
2579.000000	0.298208
2580.000000	0.299226
2581.000000	0.301263
2582.000000	0.307882
2583.000000	0.313992
2584.000000	0.321121
2585.000000	0.327740
2586.000000	0.331304
2587.000000	0.333341
2588.000000	0.332832
2589.000000	0.328249
2590.000000	0.322139
2591.000000	0.315011
2592.000000	0.308901
