0.000000	0.138836
1.000000	0.144437
2.000000	0.144437
3.000000	0.140873
4.000000	0.141382
5.000000	0.141382
6.000000	0.141891
7.000000	0.140873
8.000000	0.142909
9.000000	0.141382
10.000000	0.144437
11.000000	0.152074
12.000000	0.160221
13.000000	0.160221
14.000000	0.158185
15.000000	0.160730
16.000000	0.164804
17.000000	0.168368
18.000000	0.164295
19.000000	0.157166
20.000000	0.154111
21.000000	0.154111
22.000000	0.152074
23.000000	0.142909
24.000000	0.137817
25.000000	0.138836
26.000000	0.141891
27.000000	0.138327
28.000000	0.137308
29.000000	0.140873
30.000000	0.142909
31.000000	0.139345
32.000000	0.142400
33.000000	0.148001
34.000000	0.150547
35.000000	0.143928
36.000000	0.157166
37.000000	0.208593
38.000000	0.311956
39.000000	0.437722
40.000000	0.526828
41.000000	0.573672
42.000000	0.550250
43.000000	0.435685
44.000000	0.303300
45.000000	0.224377
46.000000	0.206556
47.000000	0.232524
48.000000	0.343525
49.000000	0.483548
50.000000	0.553814
51.000000	0.559415
52.000000	0.493222
53.000000	0.375093
54.000000	0.265111
55.000000	0.211139
56.000000	0.240162
57.000000	0.348616
58.000000	0.484057
59.000000	0.554323
60.000000	0.531920
61.000000	0.402080
62.000000	0.281405
63.000000	0.228451
64.000000	0.255437
65.000000	0.330286
66.000000	0.444341
67.000000	0.536502
68.000000	0.575200
69.000000	0.516135
70.000000	0.407681
71.000000	0.288024
72.000000	0.223359
73.000000	0.238634
74.000000	0.323667
75.000000	0.443323
76.000000	0.541085
77.000000	0.547195
78.000000	0.467764
79.000000	0.351671
80.000000	0.247290
81.000000	0.219795
82.000000	0.284969
83.000000	0.419901
84.000000	0.528355
85.000000	0.534466
86.000000	0.436195
87.000000	0.310428
88.000000	0.234561
89.000000	0.268167
90.000000	0.361855
91.000000	0.477438
92.000000	0.551268
93.000000	0.529374
94.000000	0.421429
95.000000	0.303809
96.000000	0.229469
97.000000	0.276823
98.000000	0.381204
99.000000	0.495768
100.000000	0.554833
101.000000	0.496277
102.000000	0.370511
103.000000	0.256965
104.000000	0.238634
105.000000	0.307882
106.000000	0.432121
107.000000	0.532938
108.000000	0.522245
109.000000	0.395461
110.000000	0.267657
111.000000	0.223868
112.000000	0.286497
113.000000	0.397497
114.000000	0.513589
115.000000	0.557888
116.000000	0.494750
117.000000	0.354726
118.000000	0.257983
119.000000	0.336396
120.000000	0.474892
121.000000	0.500351
122.000000	0.412263
123.000000	0.285479
124.000000	0.221832
125.000000	0.251873
126.000000	0.364401
127.000000	0.485076
128.000000	0.558397
129.000000	0.570617
130.000000	0.509007
131.000000	0.366437
132.000000	0.247290
133.000000	0.205029
134.000000	0.226414
135.000000	0.338942
136.000000	0.480493
137.000000	0.529883
138.000000	0.441796
139.000000	0.312465
140.000000	0.222341
141.000000	0.199937
142.000000	0.253910
143.000000	0.426011
144.000000	0.523773
145.000000	0.485585
146.000000	0.367965
147.000000	0.249327
148.000000	0.222850
149.000000	0.299226
150.000000	0.427539
151.000000	0.533447
152.000000	0.556360
153.000000	0.460635
154.000000	0.301772
155.000000	0.262566
156.000000	0.367456
157.000000	0.495259
158.000000	0.557379
159.000000	0.505443
160.000000	0.405644
161.000000	0.279368
162.000000	0.221322
163.000000	0.276823
164.000000	0.367456
165.000000	0.488131
166.000000	0.547704
167.000000	0.453507
168.000000	0.290570
169.000000	0.228451
170.000000	0.277841
171.000000	0.404626
172.000000	0.517154
173.000000	0.559415
174.000000	0.451470
175.000000	0.315520
176.000000	0.230487
177.000000	0.260529
178.000000	0.397497
179.000000	0.521227
180.000000	0.546686
181.000000	0.461653
182.000000	0.362364
183.000000	0.251364
184.000000	0.240671
185.000000	0.364401
186.000000	0.500351
187.000000	0.558906
188.000000	0.545158
189.000000	0.423465
190.000000	0.283442
191.000000	0.247290
192.000000	0.342506
193.000000	0.486603
194.000000	0.552287
195.000000	0.529374
196.000000	0.430594
197.000000	0.301772
198.000000	0.230487
199.000000	0.304318
200.000000	0.449942
201.000000	0.541594
202.000000	0.485585
203.000000	0.356254
204.000000	0.244744
205.000000	0.234052
206.000000	0.356763
207.000000	0.490676
208.000000	0.552796
209.000000	0.489658
210.000000	0.376621
211.000000	0.272240
212.000000	0.212157
213.000000	0.286497
214.000000	0.420410
215.000000	0.530901
216.000000	0.545158
217.000000	0.428048
218.000000	0.285479
219.000000	0.223359
220.000000	0.274277
221.000000	0.433140
222.000000	0.516644
223.000000	0.452488
224.000000	0.321121
225.000000	0.229469
226.000000	0.262056
227.000000	0.402080
228.000000	0.521227
229.000000	0.578764
230.000000	0.567562
231.000000	0.445360
232.000000	0.292607
233.000000	0.257474
234.000000	0.358800
235.000000	0.493222
236.000000	0.510534
237.000000	0.432121
238.000000	0.290570
239.000000	0.242708
240.000000	0.324685
241.000000	0.445360
242.000000	0.542612
243.000000	0.555851
244.000000	0.506461
245.000000	0.386805
246.000000	0.262056
247.000000	0.233543
248.000000	0.330286
249.000000	0.451979
250.000000	0.544140
251.000000	0.573672
252.000000	0.503406
253.000000	0.355236
254.000000	0.245254
255.000000	0.245763
256.000000	0.358800
257.000000	0.488131
258.000000	0.540067
259.000000	0.469800
260.000000	0.341488
261.000000	0.235579
262.000000	0.239653
263.000000	0.367965
264.000000	0.499842
265.000000	0.555342
266.000000	0.518681
267.000000	0.394442
268.000000	0.260529
269.000000	0.232524
270.000000	0.335887
271.000000	0.480493
272.000000	0.560434
273.000000	0.547195
274.000000	0.424993
275.000000	0.293116
276.000000	0.207575
277.000000	0.214194
278.000000	0.295153
279.000000	0.419901
280.000000	0.527337
281.000000	0.553814
282.000000	0.488640
283.000000	0.372038
284.000000	0.261038
285.000000	0.195864
286.000000	0.256455
287.000000	0.407681
288.000000	0.520209
289.000000	0.518681
290.000000	0.400552
291.000000	0.264093
292.000000	0.200955
293.000000	0.219286
294.000000	0.368474
295.000000	0.501369
296.000000	0.553814
297.000000	0.488640
298.000000	0.357782
299.000000	0.241180
300.000000	0.211648
301.000000	0.298208
302.000000	0.445869
303.000000	0.538030
304.000000	0.545158
305.000000	0.488131
306.000000	0.399534
307.000000	0.291079
308.000000	0.205029
309.000000	0.180588
310.000000	0.242708
311.000000	0.355745
312.000000	0.480493
313.000000	0.558906
314.000000	0.544649
315.000000	0.411754
316.000000	0.283442
317.000000	0.202992
318.000000	0.202483
319.000000	0.263584
320.000000	0.399534
321.000000	0.519190
322.000000	0.549232
323.000000	0.482530
324.000000	0.383749
325.000000	0.270203
326.000000	0.208084
327.000000	0.241689
328.000000	0.373057
329.000000	0.503406
330.000000	0.568580
331.000000	0.552796
332.000000	0.467254
333.000000	0.335378
334.000000	0.234561
335.000000	0.237107
336.000000	0.309919
337.000000	0.385277
338.000000	0.490167
339.000000	0.568071
340.000000	0.575200
341.000000	0.505443
342.000000	0.380694
343.000000	0.259511
344.000000	0.195354
345.000000	0.226923
346.000000	0.328249
347.000000	0.434667
348.000000	0.535993
349.000000	0.575200
350.000000	0.532429
351.000000	0.420410
352.000000	0.300245
353.000000	0.212666
354.000000	0.182625
355.000000	0.208593
356.000000	0.305846
357.000000	0.417864
358.000000	0.522245
359.000000	0.583346
360.000000	0.585892
361.000000	0.525300
362.000000	0.423974
363.000000	0.308901
364.000000	0.218267
365.000000	0.196373
366.000000	0.254928
367.000000	0.360327
368.000000	0.480493
369.000000	0.551778
370.000000	0.493732
371.000000	0.370511
372.000000	0.257983
373.000000	0.191790
374.000000	0.173460
375.000000	0.212666
376.000000	0.324685
377.000000	0.446378
378.000000	0.544140
379.000000	0.583856
380.000000	0.494750
381.000000	0.381204
382.000000	0.264602
383.000000	0.208593
384.000000	0.219795
385.000000	0.284460
386.000000	0.410736
387.000000	0.525810
388.000000	0.572145
389.000000	0.559924
390.000000	0.500860
391.000000	0.371020
392.000000	0.254928
393.000000	0.196373
394.000000	0.244744
395.000000	0.370511
396.000000	0.476929
397.000000	0.560943
398.000000	0.588438
399.000000	0.548213
400.000000	0.463181
401.000000	0.364401
402.000000	0.270712
403.000000	0.200955
404.000000	0.194845
405.000000	0.252891
406.000000	0.374075
407.000000	0.493222
408.000000	0.570617
409.000000	0.579273
410.000000	0.486094
411.000000	0.346580
412.000000	0.237616
413.000000	0.210630
414.000000	0.277841
415.000000	0.389350
416.000000	0.498314
417.000000	0.573163
418.000000	0.589966
419.000000	0.539048
420.000000	0.444341
421.000000	0.326722
422.000000	0.229469
423.000000	0.204520
424.000000	0.259511
425.000000	0.373057
426.000000	0.484566
427.000000	0.563489
428.000000	0.550250
429.000000	0.480493
430.000000	0.380694
431.000000	0.280896
432.000000	0.204010
433.000000	0.188226
434.000000	0.247290
435.000000	0.357272
436.000000	0.469800
437.000000	0.556869
438.000000	0.583856
439.000000	0.548213
440.000000	0.439250
441.000000	0.304827
442.000000	0.215212
443.000000	0.210120
444.000000	0.262566
445.000000	0.381713
446.000000	0.512062
447.000000	0.572145
448.000000	0.568071
449.000000	0.493732
450.000000	0.362364
451.000000	0.248818
452.000000	0.213685
453.000000	0.249836
454.000000	0.327231
455.000000	0.441286
456.000000	0.540576
457.000000	0.586402
458.000000	0.553305
459.000000	0.464199
460.000000	0.341997
461.000000	0.237107
462.000000	0.205029
463.000000	0.235579
464.000000	0.320102
465.000000	0.446378
466.000000	0.547195
467.000000	0.575709
468.000000	0.538539
469.000000	0.445360
470.000000	0.325703
471.000000	0.232015
472.000000	0.185171
473.000000	0.220304
474.000000	0.347089
475.000000	0.469800
476.000000	0.558397
477.000000	0.581310
478.000000	0.527846
479.000000	0.419901
480.000000	0.303300
481.000000	0.214194
482.000000	0.214194
483.000000	0.282423
484.000000	0.366437
485.000000	0.483039
486.000000	0.565016
487.000000	0.583856
488.000000	0.533956
489.000000	0.407172
490.000000	0.282423
491.000000	0.211648
492.000000	0.209611
493.000000	0.294135
494.000000	0.415828
495.000000	0.519699
496.000000	0.569090
497.000000	0.533447
498.000000	0.448415
499.000000	0.349635
500.000000	0.245763
501.000000	0.201464
502.000000	0.260529
503.000000	0.365928
504.000000	0.460635
505.000000	0.533956
506.000000	0.587420
507.000000	0.584365
508.000000	0.491186
509.000000	0.355745
510.000000	0.251364
511.000000	0.196373
512.000000	0.211139
513.000000	0.316029
514.000000	0.453507
515.000000	0.549232
516.000000	0.587420
517.000000	0.557379
518.000000	0.460635
519.000000	0.328249
520.000000	0.228451
521.000000	0.193318
522.000000	0.228451
523.000000	0.319593
524.000000	0.432121
525.000000	0.536502
526.000000	0.581819
527.000000	0.541085
528.000000	0.424993
529.000000	0.295153
530.000000	0.212666
531.000000	0.200446
532.000000	0.278859
533.000000	0.420919
534.000000	0.528355
535.000000	0.580801
536.000000	0.576727
537.000000	0.496277
538.000000	0.368474
539.000000	0.253910
540.000000	0.227942
541.000000	0.270203
542.000000	0.382731
543.000000	0.511043
544.000000	0.535484
545.000000	0.475401
546.000000	0.373057
547.000000	0.259001
548.000000	0.206047
549.000000	0.234052
550.000000	0.323667
551.000000	0.424993
552.000000	0.501369
553.000000	0.557888
554.000000	0.600658
555.000000	0.592002
556.000000	0.547195
557.000000	0.466745
558.000000	0.356254
559.000000	0.255437
560.000000	0.189753
561.000000	0.171932
562.000000	0.199428
563.000000	0.291079
564.000000	0.442305
565.000000	0.542103
566.000000	0.554323
567.000000	0.494750
568.000000	0.363892
569.000000	0.248818
570.000000	0.207065
571.000000	0.288024
572.000000	0.407681
573.000000	0.514608
574.000000	0.579273
575.000000	0.593530
576.000000	0.542103
577.000000	0.407681
578.000000	0.269694
579.000000	0.215721
580.000000	0.261547
581.000000	0.407172
582.000000	0.517154
583.000000	0.514608
584.000000	0.417355
585.000000	0.300754
586.000000	0.224887
587.000000	0.182625
588.000000	0.221832
589.000000	0.308391
590.000000	0.427539
591.000000	0.528865
592.000000	0.534975
593.000000	0.451979
594.000000	0.335378
595.000000	0.239143
596.000000	0.183134
597.000000	0.154620
598.000000	0.151565
599.000000	0.206556
600.000000	0.278859
601.000000	0.374075
602.000000	0.502387
603.000000	0.518681
604.000000	0.427029
605.000000	0.360837
606.000000	0.271731
607.000000	0.196882
608.000000	0.173969
609.000000	0.194845
610.000000	0.256965
611.000000	0.373057
612.000000	0.481002
613.000000	0.555342
614.000000	0.571635
615.000000	0.468273
616.000000	0.307373
617.000000	0.225905
618.000000	0.236088
619.000000	0.301263
620.000000	0.394442
621.000000	0.495259
622.000000	0.568071
623.000000	0.578255
624.000000	0.534466
625.000000	0.456562
626.000000	0.347089
627.000000	0.240162
628.000000	0.191281
629.000000	0.226414
630.000000	0.311956
631.000000	0.412263
632.000000	0.516135
633.000000	0.569090
634.000000	0.545667
635.000000	0.445360
636.000000	0.310937
637.000000	0.221832
638.000000	0.191790
639.000000	0.266639
640.000000	0.372038
641.000000	0.467764
642.000000	0.547704
643.000000	0.549741
644.000000	0.515626
645.000000	0.439759
646.000000	0.321630
647.000000	0.224887
648.000000	0.189244
649.000000	0.247799
650.000000	0.349126
651.000000	0.467254
652.000000	0.552796
653.000000	0.571126
654.000000	0.528865
655.000000	0.411754
656.000000	0.291589
657.000000	0.211139
658.000000	0.199937
659.000000	0.263584
660.000000	0.391387
661.000000	0.510025
662.000000	0.571126
663.000000	0.563489
664.000000	0.489149
665.000000	0.376621
666.000000	0.251873
667.000000	0.209102
668.000000	0.334869
669.000000	0.480493
670.000000	0.527846
671.000000	0.501878
672.000000	0.487112
673.000000	0.465218
674.000000	0.397497
675.000000	0.322648
676.000000	0.236088
677.000000	0.183643
678.000000	0.152074
679.000000	0.161749
680.000000	0.239143
681.000000	0.390878
682.000000	0.513080
683.000000	0.569599
684.000000	0.536502
685.000000	0.452488
686.000000	0.350653
687.000000	0.243726
688.000000	0.220304
689.000000	0.306864
690.000000	0.427539
691.000000	0.529374
692.000000	0.575709
693.000000	0.540067
694.000000	0.409208
695.000000	0.290061
696.000000	0.206556
697.000000	0.186698
698.000000	0.229469
699.000000	0.346580
700.000000	0.476420
701.000000	0.556360
702.000000	0.564507
703.000000	0.485076
704.000000	0.387314
705.000000	0.282933
706.000000	0.204520
707.000000	0.210630
708.000000	0.296171
709.000000	0.413791
710.000000	0.510534
711.000000	0.573163
712.000000	0.574690
713.000000	0.505952
714.000000	0.402589
715.000000	0.323667
716.000000	0.255946
717.000000	0.191790
718.000000	0.173460
719.000000	0.256965
720.000000	0.405644
721.000000	0.521736
722.000000	0.552287
723.000000	0.490676
724.000000	0.408699
725.000000	0.324176
726.000000	0.230487
727.000000	0.185680
728.000000	0.200955
729.000000	0.288024
730.000000	0.428048
731.000000	0.531411
732.000000	0.540576
733.000000	0.451470
734.000000	0.335887
735.000000	0.249836
736.000000	0.187208
737.000000	0.202483
738.000000	0.274786
739.000000	0.352690
740.000000	0.444851
741.000000	0.526828
742.000000	0.580291
743.000000	0.561452
744.000000	0.461144
745.000000	0.317557
746.000000	0.219795
747.000000	0.195354
748.000000	0.240162
749.000000	0.344543
750.000000	0.469800
751.000000	0.548213
752.000000	0.502387
753.000000	0.382731
754.000000	0.265111
755.000000	0.194845
756.000000	0.158185
757.000000	0.170914
758.000000	0.262566
759.000000	0.401571
760.000000	0.517154
761.000000	0.565016
762.000000	0.524282
763.000000	0.424484
764.000000	0.315520
765.000000	0.222850
766.000000	0.178552
767.000000	0.199428
768.000000	0.274786
769.000000	0.389350
770.000000	0.506970
771.000000	0.565525
772.000000	0.510534
773.000000	0.339451
774.000000	0.230487
775.000000	0.179061
776.000000	0.175496
777.000000	0.238634
778.000000	0.352690
779.000000	0.462163
780.000000	0.547195
781.000000	0.571635
782.000000	0.523264
783.000000	0.405644
784.000000	0.281405
785.000000	0.211648
786.000000	0.238125
787.000000	0.322648
788.000000	0.423465
789.000000	0.510534
790.000000	0.575200
791.000000	0.602186
792.000000	0.583346
793.000000	0.493732
794.000000	0.370002
795.000000	0.258492
796.000000	0.193827
797.000000	0.233543
798.000000	0.354726
799.000000	0.484057
800.000000	0.561961
801.000000	0.588438
802.000000	0.554323
803.000000	0.439759
804.000000	0.321121
805.000000	0.226923
806.000000	0.184152
807.000000	0.202992
808.000000	0.289552
809.000000	0.409717
810.000000	0.521227
811.000000	0.569090
812.000000	0.557888
813.000000	0.465727
814.000000	0.337414
815.000000	0.233543
816.000000	0.177533
817.000000	0.185171
818.000000	0.248818
819.000000	0.346580
820.000000	0.466236
821.000000	0.552287
822.000000	0.559415
823.000000	0.466745
824.000000	0.328249
825.000000	0.224887
826.000000	0.198919
827.000000	0.261038
828.000000	0.355745
829.000000	0.481002
830.000000	0.554323
831.000000	0.535484
832.000000	0.436704
833.000000	0.292098
834.000000	0.219795
835.000000	0.225396
836.000000	0.302281
837.000000	0.424484
838.000000	0.530901
839.000000	0.560943
840.000000	0.516644
841.000000	0.416337
842.000000	0.321630
843.000000	0.226414
844.000000	0.190772
845.000000	0.245254
846.000000	0.356254
847.000000	0.481002
848.000000	0.559415
849.000000	0.565016
850.000000	0.498823
851.000000	0.410227
852.000000	0.307882
853.000000	0.228451
854.000000	0.174987
855.000000	0.214703
856.000000	0.289043
857.000000	0.385786
858.000000	0.484566
859.000000	0.561452
860.000000	0.578255
861.000000	0.513589
862.000000	0.350653
863.000000	0.237616
864.000000	0.178042
865.000000	0.204010
866.000000	0.318066
867.000000	0.450961
868.000000	0.546686
869.000000	0.568580
870.000000	0.485585
871.000000	0.348616
872.000000	0.234052
873.000000	0.184152
874.000000	0.225396
875.000000	0.335378
876.000000	0.455034
877.000000	0.547704
878.000000	0.574181
879.000000	0.520209
880.000000	0.396988
881.000000	0.282423
882.000000	0.212666
883.000000	0.165822
884.000000	0.143928
885.000000	0.162767
886.000000	0.259001
887.000000	0.344034
888.000000	0.429066
889.000000	0.528865
890.000000	0.578255
891.000000	0.550250
892.000000	0.485076
893.000000	0.392915
894.000000	0.281405
895.000000	0.200955
896.000000	0.193318
897.000000	0.244744
898.000000	0.359818
899.000000	0.478456
900.000000	0.555342
901.000000	0.531411
902.000000	0.445360
903.000000	0.357782
904.000000	0.249836
905.000000	0.217758
906.000000	0.304827
907.000000	0.426520
908.000000	0.532429
909.000000	0.569090
910.000000	0.494750
911.000000	0.358800
912.000000	0.251364
913.000000	0.185680
914.000000	0.157675
915.000000	0.193318
916.000000	0.287515
917.000000	0.395461
918.000000	0.481002
919.000000	0.535484
920.000000	0.584365
921.000000	0.613897
922.000000	0.622553
923.000000	0.576218
924.000000	0.461653
925.000000	0.341997
926.000000	0.240671
927.000000	0.192299
928.000000	0.214703
929.000000	0.303300
930.000000	0.423465
931.000000	0.525810
932.000000	0.579273
933.000000	0.562979
934.000000	0.486603
935.000000	0.389350
936.000000	0.272749
937.000000	0.195354
938.000000	0.173969
939.000000	0.185680
940.000000	0.263075
941.000000	0.374584
942.000000	0.456562
943.000000	0.518172
944.000000	0.579782
945.000000	0.604732
946.000000	0.575200
947.000000	0.520718
948.000000	0.460635
949.000000	0.340979
950.000000	0.231506
951.000000	0.189244
952.000000	0.216231
953.000000	0.332323
954.000000	0.473364
955.000000	0.540067
956.000000	0.512062
957.000000	0.418373
958.000000	0.291079
959.000000	0.204010
960.000000	0.180588
961.000000	0.212157
962.000000	0.283442
963.000000	0.377130
964.000000	0.484057
965.000000	0.555342
966.000000	0.527337
967.000000	0.434158
968.000000	0.313992
969.000000	0.239143
970.000000	0.180588
971.000000	0.152584
972.000000	0.172951
973.000000	0.248309
974.000000	0.330795
975.000000	0.420919
976.000000	0.518681
977.000000	0.579782
978.000000	0.573672
979.000000	0.525300
980.000000	0.468273
981.000000	0.371020
982.000000	0.267657
983.000000	0.192299
984.000000	0.177533
985.000000	0.229469
986.000000	0.324176
987.000000	0.427539
988.000000	0.519190
989.000000	0.578764
990.000000	0.600149
991.000000	0.555851
992.000000	0.466236
993.000000	0.358800
994.000000	0.261038
995.000000	0.189753
996.000000	0.179570
997.000000	0.267148
998.000000	0.377639
999.000000	0.490676
1000.000000	0.567562
1001.000000	0.603204
1002.000000	0.593530
1003.000000	0.513589
1004.000000	0.377639
1005.000000	0.266639
1006.000000	0.192808
1007.000000	0.155639
1008.000000	0.162767
1009.000000	0.237616
1010.000000	0.358291
1011.000000	0.492713
1012.000000	0.565525
1013.000000	0.578764
1014.000000	0.495259
1015.000000	0.324176
1016.000000	0.219795
1017.000000	0.167350
1018.000000	0.141382
1019.000000	0.146473
1020.000000	0.191790
1021.000000	0.261547
1022.000000	0.350144
1023.000000	0.480493
1024.000000	0.539557
1025.000000	0.475401
1026.000000	0.368983
1027.000000	0.270712
1028.000000	0.195354
1029.000000	0.169896
1030.000000	0.169896
1031.000000	0.177533
1032.000000	0.206047
1033.000000	0.278350
1034.000000	0.410736
1035.000000	0.496787
1036.000000	0.541594
1037.000000	0.578764
1038.000000	0.606769
1039.000000	0.568580
1040.000000	0.465727
1041.000000	0.323158
1042.000000	0.221832
1043.000000	0.184662
1044.000000	0.215212
1045.000000	0.297699
1046.000000	0.379167
1047.000000	0.487621
1048.000000	0.561961
1049.000000	0.567053
1050.000000	0.491695
1051.000000	0.371020
1052.000000	0.275804
1053.000000	0.205029
1054.000000	0.161240
1055.000000	0.144946
1056.000000	0.180079
1057.000000	0.219795
1058.000000	0.261038
1059.000000	0.346580
1060.000000	0.443323
1061.000000	0.531920
1062.000000	0.585892
1063.000000	0.598622
1064.000000	0.592512
1065.000000	0.554833
1066.000000	0.484057
1067.000000	0.374075
1068.000000	0.253910
1069.000000	0.186698
1070.000000	0.168877
1071.000000	0.190772
1072.000000	0.242708
1073.000000	0.334359
1074.000000	0.438231
1075.000000	0.538539
1076.000000	0.572145
1077.000000	0.498314
1078.000000	0.359309
1079.000000	0.249836
1080.000000	0.184662
1081.000000	0.161240
1082.000000	0.187717
1083.000000	0.235579
1084.000000	0.316029
1085.000000	0.375093
1086.000000	0.454016
1087.000000	0.542612
1088.000000	0.575200
1089.000000	0.528865
1090.000000	0.425502
1091.000000	0.333341
1092.000000	0.271731
1093.000000	0.234561
1094.000000	0.179061
1095.000000	0.148510
1096.000000	0.153602
1097.000000	0.191790
1098.000000	0.280387
1099.000000	0.401061
1100.000000	0.516135
1101.000000	0.558397
1102.000000	0.519699
1103.000000	0.437213
1104.000000	0.317557
1105.000000	0.220304
1106.000000	0.170914
1107.000000	0.165313
1108.000000	0.202483
1109.000000	0.316538
1110.000000	0.432630
1111.000000	0.529883
1112.000000	0.586911
1113.000000	0.610333
1114.000000	0.611860
1115.000000	0.565525
1116.000000	0.464199
1117.000000	0.372548
1118.000000	0.319084
1119.000000	0.279878
1120.000000	0.212157
1121.000000	0.168368
1122.000000	0.190772
1123.000000	0.310937
1124.000000	0.447396
1125.000000	0.543631
1126.000000	0.590475
1127.000000	0.587929
1128.000000	0.544140
1129.000000	0.477947
1130.000000	0.419392
1131.000000	0.375093
1132.000000	0.320612
1133.000000	0.236088
1134.000000	0.177533
1135.000000	0.153093
1136.000000	0.154111
1137.000000	0.152074
1138.000000	0.181097
1139.000000	0.266130
1140.000000	0.395970
1141.000000	0.503406
1142.000000	0.569599
1143.000000	0.572145
1144.000000	0.504424
1145.000000	0.392405
1146.000000	0.267148
1147.000000	0.200446
1148.000000	0.228960
1149.000000	0.335887
1150.000000	0.442814
1151.000000	0.500351
1152.000000	0.535993
1153.000000	0.586402
1154.000000	0.597603
1155.000000	0.554323
1156.000000	0.494241
1157.000000	0.350653
1158.000000	0.236598
1159.000000	0.190772
1160.000000	0.205029
1161.000000	0.275804
1162.000000	0.382222
1163.000000	0.477947
1164.000000	0.534466
1165.000000	0.587929
1166.000000	0.601677
1167.000000	0.573672
1168.000000	0.533956
1169.000000	0.497296
1170.000000	0.433649
1171.000000	0.359818
1172.000000	0.291589
1173.000000	0.251364
1174.000000	0.217249
1175.000000	0.171423
1176.000000	0.150547
1177.000000	0.167859
1178.000000	0.210630
1179.000000	0.275295
1180.000000	0.380694
1181.000000	0.489658
1182.000000	0.566034
1183.000000	0.592002
1184.000000	0.558397
1185.000000	0.483039
1186.000000	0.381713
1187.000000	0.296680
1188.000000	0.227942
1189.000000	0.174987
1190.000000	0.193318
1191.000000	0.263075
1192.000000	0.364401
1193.000000	0.477438
1194.000000	0.559415
1195.000000	0.596076
1196.000000	0.573163
1197.000000	0.510025
1198.000000	0.426011
1199.000000	0.336396
1200.000000	0.252382
1201.000000	0.187208
1202.000000	0.176006
1203.000000	0.225905
1204.000000	0.322139
1205.000000	0.426520
1206.000000	0.518681
1207.000000	0.579782
1208.000000	0.601677
1209.000000	0.570108
1210.000000	0.485076
1211.000000	0.375603
1212.000000	0.261038
1213.000000	0.188735
1214.000000	0.159203
1215.000000	0.168877
1216.000000	0.239143
1217.000000	0.336905
1218.000000	0.446378
1219.000000	0.535993
1220.000000	0.588947
1221.000000	0.590475
1222.000000	0.530392
1223.000000	0.438231
1224.000000	0.336396
1225.000000	0.244744
1226.000000	0.181607
1227.000000	0.156148
1228.000000	0.165313
1229.000000	0.218776
1230.000000	0.319084
1231.000000	0.449433
1232.000000	0.545158
1233.000000	0.585383
1234.000000	0.580801
1235.000000	0.534466
1236.000000	0.451470
1237.000000	0.355745
1238.000000	0.258492
1239.000000	0.189753
1240.000000	0.160730
1241.000000	0.167350
1242.000000	0.206556
1243.000000	0.296171
1244.000000	0.412773
1245.000000	0.522245
1246.000000	0.578764
1247.000000	0.570108
1248.000000	0.496277
1249.000000	0.377130
1250.000000	0.264093
1251.000000	0.193827
1252.000000	0.190263
1253.000000	0.266639
1254.000000	0.363382
1255.000000	0.454016
1256.000000	0.527337
1257.000000	0.584365
1258.000000	0.607787
1259.000000	0.580801
1260.000000	0.519190
1261.000000	0.428557
1262.000000	0.330286
1263.000000	0.244235
1264.000000	0.183643
1265.000000	0.164295
1266.000000	0.198409
1267.000000	0.254419
1268.000000	0.271222
1269.000000	0.287006
1270.000000	0.327740
1271.000000	0.396988
1272.000000	0.484566
1273.000000	0.553814
1274.000000	0.598622
1275.000000	0.605241
1276.000000	0.564507
1277.000000	0.481511
1278.000000	0.376112
1279.000000	0.264093
1280.000000	0.195864
1281.000000	0.204010
1282.000000	0.229469
1283.000000	0.294644
1284.000000	0.411754
1285.000000	0.526828
1286.000000	0.558397
1287.000000	0.516135
1288.000000	0.418373
1289.000000	0.313992
1290.000000	0.238125
1291.000000	0.181607
1292.000000	0.171423
1293.000000	0.224377
1294.000000	0.322139
1295.000000	0.426520
1296.000000	0.507988
1297.000000	0.562979
1298.000000	0.601677
1299.000000	0.614915
1300.000000	0.577236
1301.000000	0.520209
1302.000000	0.394442
1303.000000	0.279878
1304.000000	0.213176
1305.000000	0.216231
1306.000000	0.273258
1307.000000	0.397497
1308.000000	0.514099
1309.000000	0.577746
1310.000000	0.576727
1311.000000	0.535484
1312.000000	0.462163
1313.000000	0.379167
1314.000000	0.304318
1315.000000	0.233033
1316.000000	0.177024
1317.000000	0.182625
1318.000000	0.246272
1319.000000	0.354217
1320.000000	0.470309
1321.000000	0.544649
1322.000000	0.595058
1323.000000	0.617461
1324.000000	0.604223
1325.000000	0.538030
1326.000000	0.434667
1327.000000	0.328758
1328.000000	0.254419
1329.000000	0.197900
1330.000000	0.159203
1331.000000	0.150038
1332.000000	0.176515
1333.000000	0.239143
1334.000000	0.317047
1335.000000	0.406662
1336.000000	0.491186
1337.000000	0.558397
1338.000000	0.594039
1339.000000	0.584874
1340.000000	0.511553
1341.000000	0.392915
1342.000000	0.267148
1343.000000	0.200446
1344.000000	0.201464
1345.000000	0.270203
1346.000000	0.376621
1347.000000	0.488131
1348.000000	0.565016
1349.000000	0.574690
1350.000000	0.535993
1351.000000	0.471837
1352.000000	0.393933
1353.000000	0.328758
1354.000000	0.264602
1355.000000	0.205029
1356.000000	0.162767
1357.000000	0.161240
1358.000000	0.198409
1359.000000	0.248309
1360.000000	0.285479
1361.000000	0.301263
1362.000000	0.328249
1363.000000	0.435685
1364.000000	0.534975
1365.000000	0.538539
1366.000000	0.517663
1367.000000	0.435176
1368.000000	0.331304
1369.000000	0.253910
1370.000000	0.187717
1371.000000	0.160730
1372.000000	0.150547
1373.000000	0.174478
1374.000000	0.246272
1375.000000	0.399534
1376.000000	0.519699
1377.000000	0.555342
1378.000000	0.547195
1379.000000	0.529883
1380.000000	0.475401
1381.000000	0.377130
1382.000000	0.270712
1383.000000	0.202483
1384.000000	0.161749
1385.000000	0.140363
1386.000000	0.142400
1387.000000	0.205029
1388.000000	0.360837
1389.000000	0.495768
1390.000000	0.564507
1391.000000	0.570617
1392.000000	0.520718
1393.000000	0.397497
1394.000000	0.275295
1395.000000	0.199428
1396.000000	0.188226
1397.000000	0.240671
1398.000000	0.332323
1399.000000	0.424484
1400.000000	0.521736
1401.000000	0.583856
1402.000000	0.607787
1403.000000	0.583346
1404.000000	0.518172
1405.000000	0.438231
1406.000000	0.393933
1407.000000	0.359818
1408.000000	0.301772
1409.000000	0.244235
1410.000000	0.191790
1411.000000	0.156657
1412.000000	0.152584
1413.000000	0.201464
1414.000000	0.298717
1415.000000	0.400043
1416.000000	0.497296
1417.000000	0.568580
1418.000000	0.595058
1419.000000	0.572145
1420.000000	0.518681
1421.000000	0.436195
1422.000000	0.344543
1423.000000	0.260529
1424.000000	0.193318
1425.000000	0.165822
1426.000000	0.200446
1427.000000	0.258492
1428.000000	0.355745
1429.000000	0.475401
1430.000000	0.560943
1431.000000	0.574181
1432.000000	0.509007
1433.000000	0.394951
1434.000000	0.269694
1435.000000	0.197391
1436.000000	0.187208
1437.000000	0.221832
1438.000000	0.287515
1439.000000	0.371020
1440.000000	0.460126
1441.000000	0.541085
1442.000000	0.589966
1443.000000	0.595567
1444.000000	0.562470
1445.000000	0.510534
1446.000000	0.430084
1447.000000	0.338942
1448.000000	0.256455
1449.000000	0.191281
1450.000000	0.160730
1451.000000	0.177024
1452.000000	0.244235
1453.000000	0.361855
1454.000000	0.489149
1455.000000	0.567562
1456.000000	0.598622
1457.000000	0.587929
1458.000000	0.521736
1459.000000	0.432630
1460.000000	0.326722
1461.000000	0.226923
1462.000000	0.192808
1463.000000	0.228451
1464.000000	0.293116
1465.000000	0.373057
1466.000000	0.453507
1467.000000	0.521736
1468.000000	0.573672
1469.000000	0.607787
1470.000000	0.580801
1471.000000	0.494241
1472.000000	0.375093
1473.000000	0.271731
1474.000000	0.198409
1475.000000	0.162258
1476.000000	0.178552
1477.000000	0.220304
1478.000000	0.301263
1479.000000	0.403098
1480.000000	0.472346
1481.000000	0.537521
1482.000000	0.586911
1483.000000	0.616952
1484.000000	0.601168
1485.000000	0.533956
1486.000000	0.449433
1487.000000	0.371020
1488.000000	0.297190
1489.000000	0.237107
1490.000000	0.181607
1491.000000	0.164295
1492.000000	0.203501
1493.000000	0.277841
1494.000000	0.381204
1495.000000	0.487621
1496.000000	0.567053
1497.000000	0.577236
1498.000000	0.544140
1499.000000	0.476420
1500.000000	0.378149
1501.000000	0.285988
1502.000000	0.208593
1503.000000	0.167350
1504.000000	0.170405
1505.000000	0.243726
1506.000000	0.347089
1507.000000	0.466236
1508.000000	0.552287
1509.000000	0.598113
1510.000000	0.612370
1511.000000	0.582328
1512.000000	0.502897
1513.000000	0.399025
1514.000000	0.294644
1515.000000	0.218267
1516.000000	0.175496
1517.000000	0.197900
1518.000000	0.265111
1519.000000	0.352690
1520.000000	0.437213
1521.000000	0.524282
1522.000000	0.583346
1523.000000	0.598622
1524.000000	0.563998
1525.000000	0.475910
1526.000000	0.376112
1527.000000	0.274786
1528.000000	0.203501
1529.000000	0.209102
1530.000000	0.244235
1531.000000	0.367965
1532.000000	0.486603
1533.000000	0.567053
1534.000000	0.591493
1535.000000	0.573163
1536.000000	0.540067
1537.000000	0.486094
1538.000000	0.391896
1539.000000	0.287515
1540.000000	0.211139
1541.000000	0.172441
1542.000000	0.180588
1543.000000	0.231506
1544.000000	0.323667
1545.000000	0.428557
1546.000000	0.519699
1547.000000	0.583346
1548.000000	0.613897
1549.000000	0.597094
1550.000000	0.536502
1551.000000	0.458089
1552.000000	0.371020
1553.000000	0.289552
1554.000000	0.219286
1555.000000	0.170405
1556.000000	0.149529
1557.000000	0.150547
1558.000000	0.178552
1559.000000	0.239143
1560.000000	0.343525
1561.000000	0.461144
1562.000000	0.550759
1563.000000	0.594039
1564.000000	0.594548
1565.000000	0.547195
1566.000000	0.461653
1567.000000	0.381713
1568.000000	0.324685
1569.000000	0.267148
1570.000000	0.222341
1571.000000	0.187717
1572.000000	0.160730
1573.000000	0.204520
1574.000000	0.331814
1575.000000	0.468782
1576.000000	0.556360
1577.000000	0.584874
1578.000000	0.585383
1579.000000	0.524791
1580.000000	0.421938
1581.000000	0.308391
1582.000000	0.217758
1583.000000	0.180079
1584.000000	0.156148
1585.000000	0.167350
1586.000000	0.281405
1587.000000	0.432121
1588.000000	0.534466
1589.000000	0.538030
1590.000000	0.476929
1591.000000	0.390878
1592.000000	0.296680
1593.000000	0.219286
1594.000000	0.171932
1595.000000	0.164804
1596.000000	0.209611
1597.000000	0.310428
1598.000000	0.415828
1599.000000	0.519699
1600.000000	0.582837
1601.000000	0.607787
1602.000000	0.581819
1603.000000	0.500351
1604.000000	0.449942
1605.000000	0.362364
1606.000000	0.271731
1607.000000	0.200955
1608.000000	0.169386
1609.000000	0.177533
1610.000000	0.243217
1611.000000	0.338433
1612.000000	0.406153
1613.000000	0.464708
1614.000000	0.539557
1615.000000	0.592512
1616.000000	0.615425
1617.000000	0.605750
1618.000000	0.548213
1619.000000	0.401061
1620.000000	0.264093
1621.000000	0.196882
1622.000000	0.174478
1623.000000	0.241689
1624.000000	0.363382
1625.000000	0.485076
1626.000000	0.562979
1627.000000	0.571635
1628.000000	0.509007
1629.000000	0.421429
1630.000000	0.345561
1631.000000	0.259511
1632.000000	0.195864
1633.000000	0.168368
1634.000000	0.166331
1635.000000	0.195864
1636.000000	0.262056
1637.000000	0.356763
1638.000000	0.466745
1639.000000	0.547195
1640.000000	0.597094
1641.000000	0.612879
1642.000000	0.591493
1643.000000	0.533447
1644.000000	0.438740
1645.000000	0.348616
1646.000000	0.274277
1647.000000	0.205538
1648.000000	0.166331
1649.000000	0.161749
1650.000000	0.182625
1651.000000	0.218776
1652.000000	0.279878
1653.000000	0.376621
1654.000000	0.486094
1655.000000	0.564507
1656.000000	0.604223
1657.000000	0.622044
1658.000000	0.617461
1659.000000	0.559924
1660.000000	0.452997
1661.000000	0.343015
1662.000000	0.272749
1663.000000	0.213685
1664.000000	0.174478
1665.000000	0.154111
1666.000000	0.141382
1667.000000	0.161240
1668.000000	0.224377
1669.000000	0.329777
1670.000000	0.463181
1671.000000	0.546177
1672.000000	0.556360
1673.000000	0.532938
1674.000000	0.472855
1675.000000	0.386805
1676.000000	0.295153
1677.000000	0.220304
1678.000000	0.173460
1679.000000	0.164295
1680.000000	0.196882
1681.000000	0.257474
1682.000000	0.341488
1683.000000	0.438231
1684.000000	0.525810
1685.000000	0.584874
1686.000000	0.609314
1687.000000	0.601677
1688.000000	0.550759
1689.000000	0.470819
1690.000000	0.367456
1691.000000	0.267657
1692.000000	0.196373
1693.000000	0.168368
1694.000000	0.183134
1695.000000	0.270203
1696.000000	0.384259
1697.000000	0.479984
1698.000000	0.549232
1699.000000	0.597603
1700.000000	0.616952
1701.000000	0.592002
1702.000000	0.526828
1703.000000	0.422447
1704.000000	0.307882
1705.000000	0.219795
1706.000000	0.172951
1707.000000	0.158694
1708.000000	0.173969
1709.000000	0.227432
1710.000000	0.348616
1711.000000	0.474892
1712.000000	0.559415
1713.000000	0.596585
1714.000000	0.589966
1715.000000	0.516644
1716.000000	0.418883
1717.000000	0.323667
1718.000000	0.234052
1719.000000	0.190263
1720.000000	0.224377
1721.000000	0.338433
1722.000000	0.451470
1723.000000	0.521736
1724.000000	0.566034
1725.000000	0.601168
1726.000000	0.601168
1727.000000	0.543122
1728.000000	0.432630
1729.000000	0.308901
1730.000000	0.221322
1731.000000	0.173460
1732.000000	0.151565
1733.000000	0.161749
1734.000000	0.206047
1735.000000	0.278859
1736.000000	0.361346
1737.000000	0.448924
1738.000000	0.534975
1739.000000	0.589457
1740.000000	0.605750
1741.000000	0.590475
1742.000000	0.521736
1743.000000	0.388841
1744.000000	0.270712
1745.000000	0.199937
1746.000000	0.180588
1747.000000	0.240162
1748.000000	0.336905
1749.000000	0.419901
1750.000000	0.499842
1751.000000	0.564507
1752.000000	0.576218
1753.000000	0.503406
1754.000000	0.423974
1755.000000	0.327231
1756.000000	0.231506
1757.000000	0.194845
1758.000000	0.222341
1759.000000	0.306864
1760.000000	0.407681
1761.000000	0.513589
1762.000000	0.574690
1763.000000	0.569090
1764.000000	0.512062
1765.000000	0.449433
1766.000000	0.385786
1767.000000	0.308391
1768.000000	0.226414
1769.000000	0.177024
1770.000000	0.166840
1771.000000	0.203501
1772.000000	0.278859
1773.000000	0.378658
1774.000000	0.466236
1775.000000	0.542103
1776.000000	0.593021
1777.000000	0.611860
1778.000000	0.599131
1779.000000	0.547704
1780.000000	0.464708
1781.000000	0.369493
1782.000000	0.271731
1783.000000	0.201464
1784.000000	0.164804
1785.000000	0.157166
1786.000000	0.185171
1787.000000	0.255437
1788.000000	0.334869
1789.000000	0.404117
1790.000000	0.463181
1791.000000	0.534975
1792.000000	0.586911
1793.000000	0.601168
1794.000000	0.582328
1795.000000	0.554833
1796.000000	0.509007
1797.000000	0.433140
1798.000000	0.351671
1799.000000	0.279878
1800.000000	0.208084
1801.000000	0.180588
1802.000000	0.214703
1803.000000	0.312974
1804.000000	0.422447
1805.000000	0.516135
1806.000000	0.575709
1807.000000	0.589966
1808.000000	0.581310
1809.000000	0.519699
1810.000000	0.437213
1811.000000	0.353199
1812.000000	0.272749
1813.000000	0.208084
1814.000000	0.167350
1815.000000	0.164295
1816.000000	0.198409
1817.000000	0.277841
1818.000000	0.391387
1819.000000	0.493732
1820.000000	0.561961
1821.000000	0.602186
1822.000000	0.613388
1823.000000	0.585383
1824.000000	0.529374
1825.000000	0.446887
1826.000000	0.334359
1827.000000	0.236088
1828.000000	0.187717
1829.000000	0.194845
1830.000000	0.264093
1831.000000	0.370002
1832.000000	0.463690
1833.000000	0.525810
1834.000000	0.581819
1835.000000	0.608805
1836.000000	0.592002
1837.000000	0.537011
1838.000000	0.457580
1839.000000	0.370002
1840.000000	0.309410
1841.000000	0.260529
1842.000000	0.210630
1843.000000	0.169896
1844.000000	0.158694
1845.000000	0.190263
1846.000000	0.330286
1847.000000	0.464199
1848.000000	0.545158
1849.000000	0.587929
1850.000000	0.615934
1851.000000	0.624081
1852.000000	0.599640
1853.000000	0.541594
1854.000000	0.458598
1855.000000	0.353708
1856.000000	0.266639
1857.000000	0.201464
1858.000000	0.166331
1859.000000	0.169386
1860.000000	0.209102
1861.000000	0.260020
1862.000000	0.319593
1863.000000	0.392405
1864.000000	0.471328
1865.000000	0.544649
1866.000000	0.593021
1867.000000	0.614406
1868.000000	0.609824
1869.000000	0.572654
1870.000000	0.495768
1871.000000	0.391896
1872.000000	0.289552
1873.000000	0.212157
1874.000000	0.175496
1875.000000	0.175496
1876.000000	0.214194
1877.000000	0.270203
1878.000000	0.336905
1879.000000	0.397497
1880.000000	0.474383
1881.000000	0.548723
1882.000000	0.586402
1883.000000	0.563998
1884.000000	0.493222
1885.000000	0.377130
1886.000000	0.279368
1887.000000	0.214703
1888.000000	0.174478
1889.000000	0.152074
1890.000000	0.156657
1891.000000	0.184662
1892.000000	0.214194
1893.000000	0.281405
1894.000000	0.328249
1895.000000	0.370511
1896.000000	0.442305
1897.000000	0.524791
1898.000000	0.581310
1899.000000	0.595567
1900.000000	0.571126
1901.000000	0.527846
1902.000000	0.468273
1903.000000	0.419901
1904.000000	0.348616
1905.000000	0.268167
1906.000000	0.199428
1907.000000	0.170405
1908.000000	0.179061
1909.000000	0.202483
1910.000000	0.253400
1911.000000	0.370511
1912.000000	0.500351
1913.000000	0.560943
1914.000000	0.567053
1915.000000	0.548213
1916.000000	0.486094
1917.000000	0.382222
1918.000000	0.289043
1919.000000	0.216740
1920.000000	0.177024
1921.000000	0.175496
1922.000000	0.199937
1923.000000	0.241689
1924.000000	0.282933
1925.000000	0.303300
1926.000000	0.330286
1927.000000	0.389860
1928.000000	0.456562
1929.000000	0.521227
1930.000000	0.573672
1931.000000	0.600149
1932.000000	0.583346
1933.000000	0.518172
1934.000000	0.410736
1935.000000	0.305846
1936.000000	0.221832
1937.000000	0.179570
1938.000000	0.172951
1939.000000	0.189753
1940.000000	0.226923
1941.000000	0.280387
1942.000000	0.311446
1943.000000	0.387823
1944.000000	0.497296
1945.000000	0.570108
1946.000000	0.600658
1947.000000	0.592512
1948.000000	0.520718
1949.000000	0.410736
1950.000000	0.294135
1951.000000	0.211648
1952.000000	0.184662
1953.000000	0.197900
1954.000000	0.227942
1955.000000	0.266639
1956.000000	0.300754
1957.000000	0.350653
1958.000000	0.419901
1959.000000	0.491695
1960.000000	0.547704
1961.000000	0.587929
1962.000000	0.614406
1963.000000	0.620516
1964.000000	0.610842
1965.000000	0.578764
1966.000000	0.526828
1967.000000	0.451979
1968.000000	0.343015
1969.000000	0.244744
1970.000000	0.185171
1971.000000	0.157675
1972.000000	0.170914
1973.000000	0.234052
1974.000000	0.329777
1975.000000	0.423974
1976.000000	0.507479
1977.000000	0.570108
1978.000000	0.603714
1979.000000	0.605750
1980.000000	0.560943
1981.000000	0.389350
1982.000000	0.260020
1983.000000	0.195354
1984.000000	0.184662
1985.000000	0.225396
1986.000000	0.312974
1987.000000	0.370511
1988.000000	0.435685
1989.000000	0.504424
1990.000000	0.566544
1991.000000	0.592512
1992.000000	0.556869
1993.000000	0.499332
1994.000000	0.444341
1995.000000	0.400552
1996.000000	0.348616
1997.000000	0.271731
1998.000000	0.202992
1999.000000	0.166840
2000.000000	0.160221
2001.000000	0.193827
2002.000000	0.230997
2003.000000	0.257983
2004.000000	0.294644
2005.000000	0.363382
2006.000000	0.440268
2007.000000	0.508498
2008.000000	0.571635
2009.000000	0.596585
2010.000000	0.592512
2011.000000	0.566544
2012.000000	0.532429
2013.000000	0.476420
2014.000000	0.409208
2015.000000	0.334359
2016.000000	0.248818
2017.000000	0.189753
2018.000000	0.178042
2019.000000	0.189244
2020.000000	0.237616
2021.000000	0.349126
2022.000000	0.466236
2023.000000	0.545667
2024.000000	0.589966
2025.000000	0.584365
2026.000000	0.527337
2027.000000	0.449942
2028.000000	0.400552
2029.000000	0.336905
2030.000000	0.250345
2031.000000	0.188735
2032.000000	0.167859
2033.000000	0.201974
2034.000000	0.229978
2035.000000	0.227942
2036.000000	0.260020
2037.000000	0.345052
2038.000000	0.419392
2039.000000	0.485076
2040.000000	0.552287
2041.000000	0.596585
2042.000000	0.617970
2043.000000	0.603204
2044.000000	0.565525
2045.000000	0.509516
2046.000000	0.421429
2047.000000	0.310937
2048.000000	0.235579
2049.000000	0.183643
2050.000000	0.154111
2051.000000	0.142400
2052.000000	0.148510
2053.000000	0.170914
2054.000000	0.224887
2055.000000	0.328249
2056.000000	0.428557
2057.000000	0.511553
2058.000000	0.570108
2059.000000	0.602695
2060.000000	0.596585
2061.000000	0.559415
2062.000000	0.509516
2063.000000	0.464708
2064.000000	0.406662
2065.000000	0.347598
2066.000000	0.283951
2067.000000	0.215721
2068.000000	0.172441
2069.000000	0.177533
2070.000000	0.232524
2071.000000	0.318066
2072.000000	0.397497
2073.000000	0.466745
2074.000000	0.538030
2075.000000	0.586402
2076.000000	0.607787
2077.000000	0.595058
2078.000000	0.531920
2079.000000	0.422956
2080.000000	0.334359
2081.000000	0.280387
2082.000000	0.234561
2083.000000	0.187208
2084.000000	0.156657
2085.000000	0.142909
2086.000000	0.217249
2087.000000	0.329777
2088.000000	0.429575
2089.000000	0.529374
2090.000000	0.575709
2091.000000	0.588947
2092.000000	0.557888
2093.000000	0.489149
2094.000000	0.418373
2095.000000	0.325194
2096.000000	0.233033
2097.000000	0.179061
2098.000000	0.154620
2099.000000	0.149019
2100.000000	0.150547
2101.000000	0.162258
2102.000000	0.187208
2103.000000	0.244744
2104.000000	0.326213
2105.000000	0.421429
2106.000000	0.514099
2107.000000	0.576727
2108.000000	0.593021
2109.000000	0.559924
2110.000000	0.522755
2111.000000	0.479475
2112.000000	0.410736
2113.000000	0.344543
2114.000000	0.266130
2115.000000	0.205538
2116.000000	0.165313
2117.000000	0.158185
2118.000000	0.197391
2119.000000	0.237616
2120.000000	0.294135
2121.000000	0.373057
2122.000000	0.446887
2123.000000	0.519190
2124.000000	0.575709
2125.000000	0.604223
2126.000000	0.607278
2127.000000	0.579782
2128.000000	0.509516
2129.000000	0.422956
2130.000000	0.331814
2131.000000	0.253910
2132.000000	0.192808
2133.000000	0.166840
2134.000000	0.181607
2135.000000	0.252891
2136.000000	0.338942
2137.000000	0.414809
2138.000000	0.487621
2139.000000	0.545158
2140.000000	0.588947
2141.000000	0.605750
2142.000000	0.597094
2143.000000	0.562979
2144.000000	0.473364
2145.000000	0.376112
2146.000000	0.288534
2147.000000	0.222850
2148.000000	0.176515
2149.000000	0.151565
2150.000000	0.146473
2151.000000	0.162767
2152.000000	0.210630
2153.000000	0.299226
2154.000000	0.407172
2155.000000	0.502387
2156.000000	0.564507
2157.000000	0.600149
2158.000000	0.615425
2159.000000	0.601168
2160.000000	0.556869
2161.000000	0.497805
2162.000000	0.416337
2163.000000	0.327231
2164.000000	0.242708
2165.000000	0.186189
2166.000000	0.170405
2167.000000	0.188226
2168.000000	0.228960
2169.000000	0.300245
2170.000000	0.354217
2171.000000	0.409208
2172.000000	0.491186
2173.000000	0.562470
2174.000000	0.598113
2175.000000	0.611351
2176.000000	0.600658
2177.000000	0.542103
2178.000000	0.477438
2179.000000	0.403607
2180.000000	0.320612
2181.000000	0.234561
2182.000000	0.182116
2183.000000	0.182625
2184.000000	0.245254
2185.000000	0.390369
2186.000000	0.508498
2187.000000	0.571126
2188.000000	0.585383
2189.000000	0.565525
2190.000000	0.514099
2191.000000	0.457580
2192.000000	0.399534
2193.000000	0.363382
2194.000000	0.333341
2195.000000	0.285479
2196.000000	0.209611
2197.000000	0.176515
2198.000000	0.155639
2199.000000	0.161240
2200.000000	0.193318
2201.000000	0.282423
2202.000000	0.395461
2203.000000	0.491186
2204.000000	0.559415
2205.000000	0.589966
2206.000000	0.566544
2207.000000	0.474892
2208.000000	0.364910
2209.000000	0.276313
2210.000000	0.208084
2211.000000	0.166840
2212.000000	0.148001
2213.000000	0.143418
2214.000000	0.146473
2215.000000	0.145455
2216.000000	0.158694
2217.000000	0.199937
2218.000000	0.274277
2219.000000	0.374075
2220.000000	0.462672
2221.000000	0.538539
2222.000000	0.583856
2223.000000	0.587420
2224.000000	0.560943
2225.000000	0.495259
2226.000000	0.389350
2227.000000	0.295662
2228.000000	0.215212
2229.000000	0.172951
2230.000000	0.182625
2231.000000	0.205538
2232.000000	0.234561
2233.000000	0.259511
2234.000000	0.293625
2235.000000	0.350653
2236.000000	0.442305
2237.000000	0.526828
2238.000000	0.574181
2239.000000	0.571635
2240.000000	0.555851
2241.000000	0.521227
2242.000000	0.473364
2243.000000	0.391896
2244.000000	0.289552
2245.000000	0.214194
2246.000000	0.168368
2247.000000	0.147492
2248.000000	0.155639
2249.000000	0.229469
2250.000000	0.310428
2251.000000	0.404626
2252.000000	0.502387
2253.000000	0.565016
2254.000000	0.600149
2255.000000	0.613388
2256.000000	0.588438
2257.000000	0.531411
2258.000000	0.483548
2259.000000	0.411754
2260.000000	0.323667
2261.000000	0.252382
2262.000000	0.193318
2263.000000	0.160221
2264.000000	0.142400
2265.000000	0.160730
2266.000000	0.208084
2267.000000	0.283951
2268.000000	0.355745
2269.000000	0.388841
2270.000000	0.445869
2271.000000	0.523773
2272.000000	0.578255
2273.000000	0.603204
2274.000000	0.613897
2275.000000	0.613388
2276.000000	0.584365
2277.000000	0.475401
2278.000000	0.341997
2279.000000	0.277841
2280.000000	0.224377
2281.000000	0.177024
2282.000000	0.153602
2283.000000	0.183134
2284.000000	0.249327
2285.000000	0.334359
2286.000000	0.412263
2287.000000	0.482530
2288.000000	0.514608
2289.000000	0.529883
2290.000000	0.557888
2291.000000	0.554323
2292.000000	0.530392
2293.000000	0.461144
2294.000000	0.334359
2295.000000	0.233033
2296.000000	0.182625
2297.000000	0.195864
2298.000000	0.252891
2299.000000	0.323667
2300.000000	0.388841
2301.000000	0.457580
2302.000000	0.503915
2303.000000	0.504933
2304.000000	0.565016
2305.000000	0.578255
2306.000000	0.546686
2307.000000	0.447906
2308.000000	0.323667
2309.000000	0.235070
2310.000000	0.182116
2311.000000	0.155639
2312.000000	0.160221
2313.000000	0.191790
2314.000000	0.219795
2315.000000	0.264093
2316.000000	0.307373
2317.000000	0.343525
2318.000000	0.411245
2319.000000	0.499842
2320.000000	0.566034
2321.000000	0.583346
2322.000000	0.574690
2323.000000	0.540576
2324.000000	0.484566
2325.000000	0.407681
2326.000000	0.315011
2327.000000	0.230487
2328.000000	0.181097
2329.000000	0.182116
2330.000000	0.232524
2331.000000	0.300245
2332.000000	0.337924
2333.000000	0.358800
2334.000000	0.388332
2335.000000	0.447906
2336.000000	0.512571
2337.000000	0.568580
2338.000000	0.600658
2339.000000	0.612370
2340.000000	0.580801
2341.000000	0.549232
2342.000000	0.543631
2343.000000	0.480493
2344.000000	0.370002
2345.000000	0.257983
2346.000000	0.191790
2347.000000	0.189753
2348.000000	0.257474
2349.000000	0.336905
2350.000000	0.412263
2351.000000	0.494241
2352.000000	0.553305
2353.000000	0.590984
2354.000000	0.613388
2355.000000	0.616443
2356.000000	0.594039
2357.000000	0.531920
2358.000000	0.459617
2359.000000	0.367965
2360.000000	0.282933
2361.000000	0.221832
2362.000000	0.177024
2363.000000	0.149019
2364.000000	0.145964
2365.000000	0.197900
2366.000000	0.324176
2367.000000	0.445360
2368.000000	0.524282
2369.000000	0.579273
2370.000000	0.595058
2371.000000	0.580291
2372.000000	0.529883
2373.000000	0.436704
2374.000000	0.338942
2375.000000	0.256965
2376.000000	0.193827
2377.000000	0.157675
2378.000000	0.142400
2379.000000	0.148001
2380.000000	0.168877
2381.000000	0.217249
2382.000000	0.301772
2383.000000	0.396988
2384.000000	0.469800
2385.000000	0.514099
2386.000000	0.570108
2387.000000	0.600149
2388.000000	0.595058
2389.000000	0.533956
2390.000000	0.428557
2391.000000	0.315520
2392.000000	0.236598
2393.000000	0.183134
2394.000000	0.153093
2395.000000	0.139345
2396.000000	0.157675
2397.000000	0.210120
2398.000000	0.246272
2399.000000	0.279368
2400.000000	0.329268
2401.000000	0.423465
2402.000000	0.520209
2403.000000	0.576727
2404.000000	0.594548
2405.000000	0.590475
2406.000000	0.575709
2407.000000	0.506970
2408.000000	0.381713
2409.000000	0.286497
2410.000000	0.227942
2411.000000	0.181607
2412.000000	0.152074
2413.000000	0.138327
2414.000000	0.138327
2415.000000	0.151565
2416.000000	0.199428
2417.000000	0.283442
2418.000000	0.374075
2419.000000	0.460126
2420.000000	0.529883
2421.000000	0.578255
2422.000000	0.606769
2423.000000	0.603204
2424.000000	0.558397
2425.000000	0.477947
2426.000000	0.399534
2427.000000	0.319084
2428.000000	0.251364
2429.000000	0.206047
2430.000000	0.164295
2431.000000	0.154111
2432.000000	0.177024
2433.000000	0.221832
2434.000000	0.303809
2435.000000	0.422447
2436.000000	0.525810
2437.000000	0.543631
2438.000000	0.507479
2439.000000	0.463181
2440.000000	0.414809
2441.000000	0.362873
2442.000000	0.296171
2443.000000	0.241689
2444.000000	0.193318
2445.000000	0.158694
2446.000000	0.145964
2447.000000	0.166840
2448.000000	0.238634
2449.000000	0.349126
2450.000000	0.432630
2451.000000	0.492204
2452.000000	0.546177
2453.000000	0.589457
2454.000000	0.601677
2455.000000	0.563489
2456.000000	0.458598
2457.000000	0.373057
2458.000000	0.297699
2459.000000	0.233543
2460.000000	0.180079
2461.000000	0.160221
2462.000000	0.169896
2463.000000	0.214703
2464.000000	0.296171
2465.000000	0.398006
2466.000000	0.479475
2467.000000	0.538030
2468.000000	0.584874
2469.000000	0.605750
2470.000000	0.602186
2471.000000	0.585892
2472.000000	0.557379
2473.000000	0.533956
2474.000000	0.508498
2475.000000	0.450961
2476.000000	0.377130
2477.000000	0.287515
2478.000000	0.212157
2479.000000	0.167859
2480.000000	0.148510
2481.000000	0.151056
2482.000000	0.169386
2483.000000	0.214703
2484.000000	0.300245
2485.000000	0.389350
2486.000000	0.472855
2487.000000	0.545667
2488.000000	0.592002
2489.000000	0.605750
2490.000000	0.590984
2491.000000	0.552796
2492.000000	0.479984
2493.000000	0.377639
2494.000000	0.284969
2495.000000	0.213685
2496.000000	0.168368
2497.000000	0.155129
2498.000000	0.183134
2499.000000	0.240671
2500.000000	0.305336
2501.000000	0.378149
2502.000000	0.457580
2503.000000	0.529883
2504.000000	0.581819
2505.000000	0.592512
2506.000000	0.573672
2507.000000	0.541594
2508.000000	0.496277
2509.000000	0.429575
2510.000000	0.358800
2511.000000	0.276823
2512.000000	0.201464
2513.000000	0.162767
2514.000000	0.148510
2515.000000	0.158694
2516.000000	0.190772
2517.000000	0.240671
2518.000000	0.304318
2519.000000	0.375093
2520.000000	0.444851
2521.000000	0.507479
2522.000000	0.563998
2523.000000	0.599640
2524.000000	0.618480
2525.000000	0.605241
2526.000000	0.564507
2527.000000	0.506970
2528.000000	0.426520
2529.000000	0.350144
2530.000000	0.266639
2531.000000	0.198919
2532.000000	0.166331
2533.000000	0.191790
2534.000000	0.256965
2535.000000	0.340979
2536.000000	0.421429
2537.000000	0.479984
2538.000000	0.545667
2539.000000	0.587929
2540.000000	0.586911
2541.000000	0.525300
2542.000000	0.430084
2543.000000	0.345052
2544.000000	0.271731
2545.000000	0.214703
2546.000000	0.170914
2547.000000	0.178042
2548.000000	0.236598
2549.000000	0.304318
2550.000000	0.355745
2551.000000	0.418883
2552.000000	0.477947
2553.000000	0.544140
2554.000000	0.589457
2555.000000	0.609314
2556.000000	0.597094
2557.000000	0.558906
2558.000000	0.481511
2559.000000	0.350653
2560.000000	0.245763
2561.000000	0.184152
2562.000000	0.165313
2563.000000	0.210120
2564.000000	0.262056
2565.000000	0.313483
2566.000000	0.391896
2567.000000	0.482020
2568.000000	0.552796
2569.000000	0.596076
2570.000000	0.614406
2571.000000	0.620007
2572.000000	0.618480
2573.000000	0.601677
2574.000000	0.546686
2575.000000	0.463690
2576.000000	0.370002
2577.000000	0.281405
2578.000000	0.208593
2579.000000	0.165822
2580.000000	0.153602
2581.000000	0.184662
2582.000000	0.237107
2583.000000	0.299735
2584.000000	0.388841
2585.000000	0.453507
2586.000000	0.505443
2587.000000	0.564507
2588.000000	0.599640
2589.000000	0.596076
2590.000000	0.535484
2591.000000	0.423974
2592.000000	0.321121
2593.000000	0.239653
