26.000000	0.236088
27.000000	0.201464
28.000000	0.214194
29.000000	0.286497
30.000000	0.386295
31.000000	0.482530
32.000000	0.551268
33.000000	0.563998
34.000000	0.491186
35.000000	0.369493
36.000000	0.265111
37.000000	0.226414
38.000000	0.250855
39.000000	0.339451
40.000000	0.454525
41.000000	0.539557
42.000000	0.557888
43.000000	0.507479
44.000000	0.406662
45.000000	0.290570
46.000000	0.216740
47.000000	0.225396
48.000000	0.323667
49.000000	0.454525
50.000000	0.537011
51.000000	0.532938
52.000000	0.431103
53.000000	0.299226
54.000000	0.229978
55.000000	0.258492
56.000000	0.365928
57.000000	0.486094
58.000000	0.550759
59.000000	0.521736
60.000000	0.407681
61.000000	0.281405
62.000000	0.222850
63.000000	0.266639
64.000000	0.384768
65.000000	0.503915
66.000000	0.547704
67.000000	0.487112
68.000000	0.367965
69.000000	0.256965
70.000000	0.208084
71.000000	0.249327
72.000000	0.355745
73.000000	0.481002
74.000000	0.554833
75.000000	0.518681
76.000000	0.389860
77.000000	0.267657
78.000000	0.215212
79.000000	0.247290
80.000000	0.357782
81.000000	0.487621
82.000000	0.552796
83.000000	0.523773
84.000000	0.399025
85.000000	0.275295
86.000000	0.225905
87.000000	0.246781
88.000000	0.345052
89.000000	0.466745
90.000000	0.551268
91.000000	0.528355
92.000000	0.411245
93.000000	0.282933
94.000000	0.226923
95.000000	0.272749
96.000000	0.400043
97.000000	0.514099
98.000000	0.562979
99.000000	0.522245
100.000000	0.420919
101.000000	0.304318
102.000000	0.223868
103.000000	0.245763
104.000000	0.359309
105.000000	0.489149
106.000000	0.547704
107.000000	0.498823
108.000000	0.369493
109.000000	0.255437
110.000000	0.238125
111.000000	0.331304
112.000000	0.458089
113.000000	0.546686
114.000000	0.546177
115.000000	0.442305
116.000000	0.303300
117.000000	0.233033
118.000000	0.281405
119.000000	0.418373
120.000000	0.521227
121.000000	0.498314
122.000000	0.381713
123.000000	0.259511
124.000000	0.254928
125.000000	0.349635
126.000000	0.465727
127.000000	0.548723
128.000000	0.544140
129.000000	0.450452
130.000000	0.313483
131.000000	0.229469
132.000000	0.242199
133.000000	0.345561
134.000000	0.478456
135.000000	0.550759
136.000000	0.528865
137.000000	0.411754
138.000000	0.277841
139.000000	0.233033
140.000000	0.300245
141.000000	0.426011
142.000000	0.529883
143.000000	0.544140
144.000000	0.466745
145.000000	0.335887
146.000000	0.233543
147.000000	0.234052
148.000000	0.333850
149.000000	0.470819
150.000000	0.538539
151.000000	0.496787
152.000000	0.374584
153.000000	0.251873
154.000000	0.225905
155.000000	0.317557
156.000000	0.451979
157.000000	0.537521
158.000000	0.504933
159.000000	0.380185
160.000000	0.255437
161.000000	0.226414
162.000000	0.300245
163.000000	0.436704
164.000000	0.535993
165.000000	0.520209
166.000000	0.406662
167.000000	0.277841
168.000000	0.217249
169.000000	0.276313
170.000000	0.408699
171.000000	0.520209
172.000000	0.515117
173.000000	0.408699
174.000000	0.278350
175.000000	0.210120
176.000000	0.257474
177.000000	0.376621
178.000000	0.498823
179.000000	0.558906
180.000000	0.505443
181.000000	0.358291
182.000000	0.249836
183.000000	0.253400
184.000000	0.356763
185.000000	0.495768
186.000000	0.513589
187.000000	0.383240
188.000000	0.257983
189.000000	0.237616
190.000000	0.330286
191.000000	0.475401
192.000000	0.517663
193.000000	0.431103
194.000000	0.304318
195.000000	0.218776
196.000000	0.229978
197.000000	0.342506
198.000000	0.475910
199.000000	0.552287
200.000000	0.512062
201.000000	0.372038
202.000000	0.255946
203.000000	0.261038
204.000000	0.372548
205.000000	0.496787
206.000000	0.566544
207.000000	0.542103
208.000000	0.384259
209.000000	0.256965
210.000000	0.206556
211.000000	0.259001
212.000000	0.396479
213.000000	0.506461
214.000000	0.560434
215.000000	0.489658
216.000000	0.348107
217.000000	0.251364
218.000000	0.305846
219.000000	0.447906
220.000000	0.538030
221.000000	0.545667
222.000000	0.467254
223.000000	0.336396
224.000000	0.236598
225.000000	0.242708
226.000000	0.366437
227.000000	0.499842
228.000000	0.523264
229.000000	0.453507
230.000000	0.319084
231.000000	0.227942
232.000000	0.234561
233.000000	0.333850
234.000000	0.460635
235.000000	0.548213
236.000000	0.517663
237.000000	0.406153
238.000000	0.275804
239.000000	0.254419
240.000000	0.364910
241.000000	0.498314
242.000000	0.542103
243.000000	0.455543
244.000000	0.311446
245.000000	0.238634
246.000000	0.296680
247.000000	0.426520
248.000000	0.531920
249.000000	0.549232
250.000000	0.456562
251.000000	0.312465
252.000000	0.238634
253.000000	0.298717
254.000000	0.429066
255.000000	0.530392
256.000000	0.535484
257.000000	0.445869
258.000000	0.316029
259.000000	0.223359
260.000000	0.204520
261.000000	0.300245
262.000000	0.445360
263.000000	0.533956
264.000000	0.499332
265.000000	0.374584
266.000000	0.256455
267.000000	0.212157
268.000000	0.281914
269.000000	0.401571
270.000000	0.515626
271.000000	0.550250
272.000000	0.459617
273.000000	0.314502
274.000000	0.236088
275.000000	0.307373
276.000000	0.423974
277.000000	0.522245
278.000000	0.577746
279.000000	0.580801
280.000000	0.503915
281.000000	0.376621
282.000000	0.254928
283.000000	0.213685
284.000000	0.251364
285.000000	0.365419
286.000000	0.495259
287.000000	0.552796
288.000000	0.524282
289.000000	0.416337
290.000000	0.289552
291.000000	0.211648
292.000000	0.230487
293.000000	0.351162
294.000000	0.491186
295.000000	0.530392
296.000000	0.478965
297.000000	0.356763
298.000000	0.245254
299.000000	0.206047
300.000000	0.271222
301.000000	0.416846
302.000000	0.519190
303.000000	0.500351
304.000000	0.421429
305.000000	0.327740
306.000000	0.229469
307.000000	0.196882
308.000000	0.249836
309.000000	0.354726
310.000000	0.473364
311.000000	0.552796
312.000000	0.557379
313.000000	0.496787
314.000000	0.364910
315.000000	0.246272
316.000000	0.196373
317.000000	0.213685
318.000000	0.294135
319.000000	0.423974
320.000000	0.528865
321.000000	0.560434
322.000000	0.517154
323.000000	0.423465
324.000000	0.313992
325.000000	0.224377
326.000000	0.181097
327.000000	0.195354
328.000000	0.279878
329.000000	0.412263
330.000000	0.518172
331.000000	0.558397
332.000000	0.460126
333.000000	0.323667
334.000000	0.222850
335.000000	0.172951
336.000000	0.160730
337.000000	0.199428
338.000000	0.288534
339.000000	0.411754
340.000000	0.514608
341.000000	0.574181
342.000000	0.585383
343.000000	0.502387
344.000000	0.353708
345.000000	0.244235
346.000000	0.195864
347.000000	0.279878
348.000000	0.399025
349.000000	0.495259
350.000000	0.565016
351.000000	0.570617
352.000000	0.445869
353.000000	0.297699
354.000000	0.215721
355.000000	0.215721
356.000000	0.260020
357.000000	0.344543
358.000000	0.450961
359.000000	0.534466
360.000000	0.584874
361.000000	0.565016
362.000000	0.451470
363.000000	0.295153
364.000000	0.218776
365.000000	0.205538
366.000000	0.240671
367.000000	0.331814
368.000000	0.423974
369.000000	0.504933
370.000000	0.560434
371.000000	0.599640
372.000000	0.593530
373.000000	0.527846
374.000000	0.409717
375.000000	0.292607
376.000000	0.211139
377.000000	0.213685
378.000000	0.320612
379.000000	0.441796
380.000000	0.535993
381.000000	0.580801
382.000000	0.563998
383.000000	0.476929
384.000000	0.346070
385.000000	0.235579
386.000000	0.194336
387.000000	0.227942
388.000000	0.336396
389.000000	0.462672
390.000000	0.550250
391.000000	0.557888
392.000000	0.436704
393.000000	0.303809
394.000000	0.214194
395.000000	0.190263
396.000000	0.237107
397.000000	0.324176
398.000000	0.422447
399.000000	0.510534
400.000000	0.575709
401.000000	0.586911
402.000000	0.541594
403.000000	0.444851
404.000000	0.327740
405.000000	0.231506
406.000000	0.183134
407.000000	0.205538
408.000000	0.306864
409.000000	0.436195
410.000000	0.537011
411.000000	0.565525
412.000000	0.521227
413.000000	0.424484
414.000000	0.316029
415.000000	0.223359
416.000000	0.181097
417.000000	0.229469
418.000000	0.355236
419.000000	0.484057
420.000000	0.555342
421.000000	0.548723
422.000000	0.492204
423.000000	0.411245
424.000000	0.310428
425.000000	0.222341
426.000000	0.183643
427.000000	0.221322
428.000000	0.334869
429.000000	0.472346
430.000000	0.547704
431.000000	0.519699
432.000000	0.422956
433.000000	0.308901
434.000000	0.218776
435.000000	0.186189
436.000000	0.205029
437.000000	0.295662
438.000000	0.431612
439.000000	0.534975
440.000000	0.559415
441.000000	0.543122
442.000000	0.484057
443.000000	0.356254
444.000000	0.245763
445.000000	0.255437
446.000000	0.385786
447.000000	0.509516
448.000000	0.558397
449.000000	0.535993
450.000000	0.460635
451.000000	0.362364
452.000000	0.261038
453.000000	0.193827
454.000000	0.170914
455.000000	0.200446
456.000000	0.281405
457.000000	0.372548
458.000000	0.466745
459.000000	0.550759
460.000000	0.552287
461.000000	0.460126
462.000000	0.344543
463.000000	0.241689
464.000000	0.190263
465.000000	0.202483
466.000000	0.275804
467.000000	0.380185
468.000000	0.497805
469.000000	0.563998
470.000000	0.565525
471.000000	0.514099
472.000000	0.390369
473.000000	0.267148
474.000000	0.203501
475.000000	0.214703
476.000000	0.308901
477.000000	0.425502
478.000000	0.526319
479.000000	0.572654
480.000000	0.532938
481.000000	0.422956
482.000000	0.293116
483.000000	0.209102
484.000000	0.191790
485.000000	0.225905
486.000000	0.298208
487.000000	0.418373
488.000000	0.528355
489.000000	0.569090
490.000000	0.529883
491.000000	0.420410
492.000000	0.288534
493.000000	0.211139
494.000000	0.199937
495.000000	0.276313
496.000000	0.368983
497.000000	0.468782
498.000000	0.553814
499.000000	0.577746
500.000000	0.514608
501.000000	0.389350
502.000000	0.268167
503.000000	0.201464
504.000000	0.221832
505.000000	0.331304
506.000000	0.458598
507.000000	0.550759
508.000000	0.563489
509.000000	0.470309
510.000000	0.336905
511.000000	0.235579
512.000000	0.181097
513.000000	0.187717
514.000000	0.253400
515.000000	0.347598
516.000000	0.442305
517.000000	0.530901
518.000000	0.580801
519.000000	0.563998
520.000000	0.472855
521.000000	0.357782
522.000000	0.255437
523.000000	0.199428
524.000000	0.234052
525.000000	0.342506
526.000000	0.467764
527.000000	0.553305
528.000000	0.581819
529.000000	0.537011
530.000000	0.449942
531.000000	0.331814
532.000000	0.235070
533.000000	0.189244
534.000000	0.213176
535.000000	0.309919
536.000000	0.423974
537.000000	0.522755
538.000000	0.580801
539.000000	0.570617
540.000000	0.483039
541.000000	0.360327
542.000000	0.251873
543.000000	0.191790
544.000000	0.214703
545.000000	0.324176
546.000000	0.443832
547.000000	0.541594
548.000000	0.565016
549.000000	0.500351
550.000000	0.385277
551.000000	0.272749
552.000000	0.202483
553.000000	0.212157
554.000000	0.287515
555.000000	0.395461
556.000000	0.504424
557.000000	0.568071
558.000000	0.552796
559.000000	0.454525
560.000000	0.327740
561.000000	0.233033
562.000000	0.186189
563.000000	0.197391
564.000000	0.278350
565.000000	0.411754
566.000000	0.523264
567.000000	0.575200
568.000000	0.551778
569.000000	0.468273
570.000000	0.351671
571.000000	0.247290
572.000000	0.193827
573.000000	0.219795
574.000000	0.318066
575.000000	0.439759
576.000000	0.539048
577.000000	0.575200
578.000000	0.547704
579.000000	0.454525
580.000000	0.335887
581.000000	0.234052
582.000000	0.190263
583.000000	0.215212
584.000000	0.300245
585.000000	0.422447
586.000000	0.530901
587.000000	0.572654
588.000000	0.541085
589.000000	0.442305
590.000000	0.322139
591.000000	0.226414
592.000000	0.222341
593.000000	0.311956
594.000000	0.430594
595.000000	0.532938
596.000000	0.576218
597.000000	0.547704
598.000000	0.454525
599.000000	0.322139
600.000000	0.224887
601.000000	0.185680
602.000000	0.192299
603.000000	0.259001
604.000000	0.378658
605.000000	0.496787
606.000000	0.564507
607.000000	0.546686
608.000000	0.467764
609.000000	0.372548
610.000000	0.285479
611.000000	0.208084
612.000000	0.184662
613.000000	0.218267
614.000000	0.299226
615.000000	0.429575
616.000000	0.533956
617.000000	0.567562
618.000000	0.521736
619.000000	0.411754
620.000000	0.302790
621.000000	0.217249
622.000000	0.186189
623.000000	0.221322
624.000000	0.318066
625.000000	0.449433
626.000000	0.543122
627.000000	0.564507
628.000000	0.526319
629.000000	0.415828
630.000000	0.282423
631.000000	0.206556
632.000000	0.203501
633.000000	0.260529
634.000000	0.375603
635.000000	0.501369
636.000000	0.535993
637.000000	0.487112
638.000000	0.405135
639.000000	0.295662
640.000000	0.211648
641.000000	0.187717
642.000000	0.222341
643.000000	0.310937
644.000000	0.436195
645.000000	0.537521
646.000000	0.574181
647.000000	0.530392
648.000000	0.403098
649.000000	0.275804
650.000000	0.201464
651.000000	0.184152
652.000000	0.230487
653.000000	0.335378
654.000000	0.450961
655.000000	0.541594
656.000000	0.581310
657.000000	0.562979
658.000000	0.490167
659.000000	0.398006
660.000000	0.287006
661.000000	0.207575
662.000000	0.216231
663.000000	0.321630
664.000000	0.452997
665.000000	0.544140
666.000000	0.551778
667.000000	0.477947
668.000000	0.340470
669.000000	0.245763
670.000000	0.259511
671.000000	0.344034
672.000000	0.472855
673.000000	0.550250
674.000000	0.558397
675.000000	0.515117
676.000000	0.435685
677.000000	0.336905
678.000000	0.248309
679.000000	0.187717
680.000000	0.195864
681.000000	0.300245
682.000000	0.430084
683.000000	0.527337
684.000000	0.584365
685.000000	0.602695
686.000000	0.585383
687.000000	0.501369
688.000000	0.382222
689.000000	0.259511
690.000000	0.210120
691.000000	0.267657
692.000000	0.385786
693.000000	0.506970
694.000000	0.533956
695.000000	0.493732
696.000000	0.412773
697.000000	0.337414
698.000000	0.257983
699.000000	0.191790
700.000000	0.177533
701.000000	0.226923
702.000000	0.344034
703.000000	0.476929
704.000000	0.552287
705.000000	0.553305
706.000000	0.496787
707.000000	0.406662
708.000000	0.290061
709.000000	0.209102
710.000000	0.201974
711.000000	0.259511
712.000000	0.372038
713.000000	0.490676
714.000000	0.561452
715.000000	0.548213
716.000000	0.474892
717.000000	0.370002
718.000000	0.261547
719.000000	0.194845
720.000000	0.194336
721.000000	0.265621
722.000000	0.363382
723.000000	0.486603
724.000000	0.561452
725.000000	0.551778
726.000000	0.488640
727.000000	0.396479
728.000000	0.284460
729.000000	0.206047
730.000000	0.223359
731.000000	0.313992
732.000000	0.434667
733.000000	0.533447
734.000000	0.567562
735.000000	0.515626
736.000000	0.409717
737.000000	0.292607
738.000000	0.215721
739.000000	0.247290
740.000000	0.350653
741.000000	0.458089
742.000000	0.543631
743.000000	0.587929
744.000000	0.582328
745.000000	0.486603
746.000000	0.371020
747.000000	0.280387
748.000000	0.207065
749.000000	0.178042
750.000000	0.225905
751.000000	0.327740
752.000000	0.447906
753.000000	0.539048
754.000000	0.566034
755.000000	0.498314
756.000000	0.363892
757.000000	0.244744
758.000000	0.188226
759.000000	0.185171
760.000000	0.243726
761.000000	0.327231
762.000000	0.423465
763.000000	0.524791
764.000000	0.541085
765.000000	0.519190
766.000000	0.435176
767.000000	0.339960
768.000000	0.247290
769.000000	0.187208
770.000000	0.187717
771.000000	0.265621
772.000000	0.402080
773.000000	0.511553
774.000000	0.573672
775.000000	0.570108
776.000000	0.472346
777.000000	0.343525
778.000000	0.240162
779.000000	0.191281
780.000000	0.204010
781.000000	0.266130
782.000000	0.366437
783.000000	0.478965
784.000000	0.554833
785.000000	0.565016
786.000000	0.486094
787.000000	0.366947
788.000000	0.256455
789.000000	0.196882
790.000000	0.208084
791.000000	0.291589
792.000000	0.408699
793.000000	0.517154
794.000000	0.550250
795.000000	0.492713
796.000000	0.377130
797.000000	0.268167
798.000000	0.195354
799.000000	0.191790
800.000000	0.316538
801.000000	0.438231
802.000000	0.518681
803.000000	0.576218
804.000000	0.566544
805.000000	0.492713
806.000000	0.370511
807.000000	0.253910
808.000000	0.189753
809.000000	0.176006
810.000000	0.221322
811.000000	0.328249
812.000000	0.461653
813.000000	0.548213
814.000000	0.549741
815.000000	0.466745
816.000000	0.338942
817.000000	0.235070
818.000000	0.181097
819.000000	0.167350
820.000000	0.232015
821.000000	0.360837
822.000000	0.485585
823.000000	0.559924
824.000000	0.584874
825.000000	0.548723
826.000000	0.451979
827.000000	0.349635
828.000000	0.251364
829.000000	0.188735
830.000000	0.189753
831.000000	0.249327
832.000000	0.370002
833.000000	0.488131
834.000000	0.563489
835.000000	0.571635
836.000000	0.503406
837.000000	0.380185
838.000000	0.260529
839.000000	0.200955
840.000000	0.223868
841.000000	0.337414
842.000000	0.467254
843.000000	0.548723
844.000000	0.554323
845.000000	0.468782
846.000000	0.349635
847.000000	0.246272
848.000000	0.199428
849.000000	0.256455
850.000000	0.376112
851.000000	0.490167
852.000000	0.562470
853.000000	0.592002
854.000000	0.586402
855.000000	0.533447
856.000000	0.446887
857.000000	0.354217
858.000000	0.261038
859.000000	0.192299
860.000000	0.180079
861.000000	0.236088
862.000000	0.345561
863.000000	0.471328
864.000000	0.554323
865.000000	0.571635
866.000000	0.499842
867.000000	0.384259
868.000000	0.268676
869.000000	0.198919
870.000000	0.205029
871.000000	0.320102
872.000000	0.462163
873.000000	0.533447
874.000000	0.487621
875.000000	0.404117
876.000000	0.320612
877.000000	0.228960
878.000000	0.178552
879.000000	0.186189
880.000000	0.254419
881.000000	0.371020
882.000000	0.496277
883.000000	0.563998
884.000000	0.567562
885.000000	0.514608
886.000000	0.419392
887.000000	0.320102
888.000000	0.225396
889.000000	0.185171
890.000000	0.222850
891.000000	0.316029
892.000000	0.436704
893.000000	0.533447
894.000000	0.564507
895.000000	0.535993
896.000000	0.462163
897.000000	0.358800
898.000000	0.257474
899.000000	0.191281
900.000000	0.177533
901.000000	0.255946
902.000000	0.362873
903.000000	0.464199
904.000000	0.547195
905.000000	0.539048
906.000000	0.454525
907.000000	0.345052
908.000000	0.244235
909.000000	0.184662
910.000000	0.181607
911.000000	0.232015
912.000000	0.334869
913.000000	0.456052
914.000000	0.541594
915.000000	0.546686
916.000000	0.484566
917.000000	0.380694
918.000000	0.290061
919.000000	0.228451
920.000000	0.177024
921.000000	0.158185
922.000000	0.208084
923.000000	0.308901
924.000000	0.430084
925.000000	0.529883
926.000000	0.552287
927.000000	0.502897
928.000000	0.420919
929.000000	0.319593
930.000000	0.236088
931.000000	0.187208
932.000000	0.224377
933.000000	0.319593
934.000000	0.431612
935.000000	0.528355
936.000000	0.563489
937.000000	0.510534
938.000000	0.392915
939.000000	0.265621
940.000000	0.197900
941.000000	0.222341
942.000000	0.300754
943.000000	0.389860
944.000000	0.479984
945.000000	0.555851
946.000000	0.576218
947.000000	0.560943
948.000000	0.515626
949.000000	0.436704
950.000000	0.323667
951.000000	0.225905
952.000000	0.172951
953.000000	0.163785
954.000000	0.217249
955.000000	0.323667
956.000000	0.441796
957.000000	0.534466
958.000000	0.575709
959.000000	0.566544
960.000000	0.487621
961.000000	0.368983
962.000000	0.255437
963.000000	0.186189
964.000000	0.163785
965.000000	0.198919
966.000000	0.292098
967.000000	0.407172
968.000000	0.506970
969.000000	0.571126
970.000000	0.599640
971.000000	0.586911
972.000000	0.533447
973.000000	0.427539
974.000000	0.303809
975.000000	0.213685
976.000000	0.173460
977.000000	0.196882
978.000000	0.287515
979.000000	0.392915
980.000000	0.490167
981.000000	0.563489
982.000000	0.586911
983.000000	0.569090
984.000000	0.508498
985.000000	0.419392
986.000000	0.313992
987.000000	0.225396
988.000000	0.173460
989.000000	0.169896
990.000000	0.207575
991.000000	0.270203
992.000000	0.355236
993.000000	0.449433
994.000000	0.533956
995.000000	0.584874
996.000000	0.596076
997.000000	0.523264
998.000000	0.414300
999.000000	0.291079
1000.000000	0.205538
1001.000000	0.174987
1002.000000	0.192808
1003.000000	0.273258
1004.000000	0.393424
1005.000000	0.498823
1006.000000	0.563998
1007.000000	0.574690
1008.000000	0.541594
1009.000000	0.450452
1010.000000	0.329268
1011.000000	0.227432
1012.000000	0.185680
1013.000000	0.215721
1014.000000	0.327231
1015.000000	0.434158
1016.000000	0.519190
1017.000000	0.578764
1018.000000	0.587420
1019.000000	0.531920
1020.000000	0.426520
1021.000000	0.312974
1022.000000	0.217758
1023.000000	0.175496
1024.000000	0.218267
1025.000000	0.323158
1026.000000	0.437722
1027.000000	0.523264
1028.000000	0.577746
1029.000000	0.607787
1030.000000	0.613388
1031.000000	0.598113
1032.000000	0.540576
1033.000000	0.447906
1034.000000	0.334359
1035.000000	0.235579
1036.000000	0.177024
1037.000000	0.162258
1038.000000	0.224887
1039.000000	0.317047
1040.000000	0.432630
1041.000000	0.529374
1042.000000	0.573672
1043.000000	0.548213
1044.000000	0.480493
1045.000000	0.402589
1046.000000	0.302281
1047.000000	0.217249
1048.000000	0.168877
1049.000000	0.166331
1050.000000	0.223359
1051.000000	0.334359
1052.000000	0.437722
1053.000000	0.526828
1054.000000	0.579273
1055.000000	0.585892
1056.000000	0.558397
1057.000000	0.512571
1058.000000	0.429575
1059.000000	0.329777
1060.000000	0.242199
1061.000000	0.180079
1062.000000	0.180079
1063.000000	0.231506
1064.000000	0.338433
1065.000000	0.448415
1066.000000	0.537011
1067.000000	0.587420
1068.000000	0.600149
1069.000000	0.579782
1070.000000	0.495768
1071.000000	0.407681
1072.000000	0.357782
1073.000000	0.305846
1074.000000	0.228451
1075.000000	0.174987
1076.000000	0.152584
1077.000000	0.181097
1078.000000	0.253910
1079.000000	0.378149
1080.000000	0.473364
1081.000000	0.552287
1082.000000	0.570108
1083.000000	0.527337
1084.000000	0.490167
1085.000000	0.431612
1086.000000	0.346580
1087.000000	0.269185
1088.000000	0.209102
1089.000000	0.163785
1090.000000	0.174987
1091.000000	0.280896
1092.000000	0.435685
1093.000000	0.533447
1094.000000	0.584874
1095.000000	0.612370
1096.000000	0.609314
1097.000000	0.594039
1098.000000	0.556360
1099.000000	0.486094
1100.000000	0.413791
1101.000000	0.310937
1102.000000	0.218267
1103.000000	0.177024
1104.000000	0.216740
1105.000000	0.358800
1106.000000	0.490167
1107.000000	0.558397
1108.000000	0.557888
1109.000000	0.497296
1110.000000	0.403607
1111.000000	0.313483
1112.000000	0.234052
1113.000000	0.175496
1114.000000	0.151056
1115.000000	0.171423
1116.000000	0.192299
1117.000000	0.215212
1118.000000	0.280896
1119.000000	0.383240
1120.000000	0.477947
1121.000000	0.551778
1122.000000	0.592512
1123.000000	0.581310
1124.000000	0.505443
1125.000000	0.383240
1126.000000	0.273767
1127.000000	0.207065
1128.000000	0.163276
1129.000000	0.160221
1130.000000	0.208593
1131.000000	0.298717
1132.000000	0.381713
1133.000000	0.460635
1134.000000	0.538539
1135.000000	0.581310
1136.000000	0.567053
1137.000000	0.495259
1138.000000	0.381204
1139.000000	0.263075
1140.000000	0.191281
1141.000000	0.184152
1142.000000	0.237107
1143.000000	0.334359
1144.000000	0.441796
1145.000000	0.534975
1146.000000	0.587420
1147.000000	0.587929
1148.000000	0.566544
1149.000000	0.492713
1150.000000	0.391896
1151.000000	0.299735
1152.000000	0.252891
1153.000000	0.220304
1154.000000	0.172951
1155.000000	0.146473
1156.000000	0.164804
1157.000000	0.231506
1158.000000	0.307373
1159.000000	0.413791
1160.000000	0.519699
1161.000000	0.577236
1162.000000	0.580291
1163.000000	0.534975
1164.000000	0.449433
1165.000000	0.340470
1166.000000	0.249327
1167.000000	0.184662
1168.000000	0.152584
1169.000000	0.153093
1170.000000	0.195354
1171.000000	0.296171
1172.000000	0.402589
1173.000000	0.491186
1174.000000	0.559924
1175.000000	0.591493
1176.000000	0.554323
1177.000000	0.469291
1178.000000	0.362873
1179.000000	0.248309
1180.000000	0.190772
1181.000000	0.207575
1182.000000	0.268676
1183.000000	0.336396
1184.000000	0.397497
1185.000000	0.446378
1186.000000	0.501878
1187.000000	0.557379
1188.000000	0.592512
1189.000000	0.614915
1190.000000	0.610842
1191.000000	0.556869
1192.000000	0.456562
1193.000000	0.351162
1194.000000	0.254419
1195.000000	0.187717
1196.000000	0.177533
1197.000000	0.204010
1198.000000	0.254928
1199.000000	0.348616
1200.000000	0.449942
1201.000000	0.538030
1202.000000	0.582837
1203.000000	0.582837
1204.000000	0.536502
1205.000000	0.441286
1206.000000	0.339960
1207.000000	0.251873
1208.000000	0.187208
1209.000000	0.161240
1210.000000	0.183643
1211.000000	0.238125
1212.000000	0.316029
1213.000000	0.411754
1214.000000	0.503915
1215.000000	0.568580
1216.000000	0.566544
1217.000000	0.508498
1218.000000	0.422447
1219.000000	0.318575
1220.000000	0.221322
1221.000000	0.176515
1222.000000	0.218267
1223.000000	0.320102
1224.000000	0.451470
1225.000000	0.544649
1226.000000	0.588947
1227.000000	0.598622
1228.000000	0.576727
1229.000000	0.514608
1230.000000	0.421938
1231.000000	0.320612
1232.000000	0.230997
1233.000000	0.174478
1234.000000	0.145964
1235.000000	0.151056
1236.000000	0.210630
1237.000000	0.303300
1238.000000	0.421938
1239.000000	0.520209
1240.000000	0.575709
1241.000000	0.583346
1242.000000	0.555851
1243.000000	0.512571
1244.000000	0.450961
1245.000000	0.372548
1246.000000	0.285479
1247.000000	0.208084
1248.000000	0.171932
1249.000000	0.206556
1250.000000	0.268167
1251.000000	0.327740
1252.000000	0.389350
1253.000000	0.460635
1254.000000	0.533956
1255.000000	0.584874
1256.000000	0.601168
1257.000000	0.572145
1258.000000	0.501369
1259.000000	0.391387
1260.000000	0.278350
1261.000000	0.197900
1262.000000	0.183134
1263.000000	0.263075
1264.000000	0.379167
1265.000000	0.477438
1266.000000	0.552796
1267.000000	0.596585
1268.000000	0.611860
1269.000000	0.594039
1270.000000	0.532429
1271.000000	0.441796
1272.000000	0.331304
1273.000000	0.232015
1274.000000	0.230487
1275.000000	0.248309
1276.000000	0.310428
1277.000000	0.431612
1278.000000	0.530392
1279.000000	0.584365
1280.000000	0.605241
1281.000000	0.595058
1282.000000	0.557379
1283.000000	0.485585
1284.000000	0.392915
1285.000000	0.294135
1286.000000	0.212157
1287.000000	0.170914
1288.000000	0.184662
1289.000000	0.250855
1290.000000	0.340470
1291.000000	0.438740
1292.000000	0.523773
1293.000000	0.578764
1294.000000	0.576218
1295.000000	0.521227
1296.000000	0.446887
1297.000000	0.377130
1298.000000	0.287006
1299.000000	0.206047
1300.000000	0.192808
1301.000000	0.252891
1302.000000	0.349635
1303.000000	0.462672
1304.000000	0.537011
1305.000000	0.585383
1306.000000	0.581310
1307.000000	0.533447
1308.000000	0.472346
1309.000000	0.397497
1310.000000	0.315011
1311.000000	0.241689
1312.000000	0.185171
1313.000000	0.153093
1314.000000	0.181607
1315.000000	0.256965
1316.000000	0.361855
1317.000000	0.467764
1318.000000	0.549741
1319.000000	0.577236
1320.000000	0.546177
1321.000000	0.478965
1322.000000	0.431612
1323.000000	0.351162
1324.000000	0.256965
1325.000000	0.189244
1326.000000	0.155639
1327.000000	0.161240
1328.000000	0.235579
1329.000000	0.343015
1330.000000	0.439250
1331.000000	0.518172
1332.000000	0.574690
1333.000000	0.600658
1334.000000	0.581819
1335.000000	0.543122
1336.000000	0.452488
1337.000000	0.334359
1338.000000	0.252891
1339.000000	0.188735
1340.000000	0.172441
1341.000000	0.206047
1342.000000	0.271222
1343.000000	0.342506
1344.000000	0.438740
1345.000000	0.525300
1346.000000	0.584365
1347.000000	0.593530
1348.000000	0.559415
1349.000000	0.475401
1350.000000	0.371529
1351.000000	0.264602
1352.000000	0.195354
1353.000000	0.159712
1354.000000	0.152074
1355.000000	0.156657
1356.000000	0.225905
1357.000000	0.312974
1358.000000	0.393424
1359.000000	0.484566
1360.000000	0.553814
1361.000000	0.581819
1362.000000	0.558906
1363.000000	0.504933
1364.000000	0.407172
1365.000000	0.280896
1366.000000	0.201974
1367.000000	0.171423
1368.000000	0.226414
1369.000000	0.350144
1370.000000	0.456562
1371.000000	0.539557
1372.000000	0.585383
1373.000000	0.594548
1374.000000	0.535484
1375.000000	0.428048
1376.000000	0.324176
1377.000000	0.225905
1378.000000	0.172441
1379.000000	0.148001
1380.000000	0.182625
1381.000000	0.321121
1382.000000	0.416337
1383.000000	0.482020
1384.000000	0.545667
1385.000000	0.588438
1386.000000	0.586911
1387.000000	0.553814
1388.000000	0.511043
1389.000000	0.440777
1390.000000	0.348616
1391.000000	0.260020
1392.000000	0.195354
1393.000000	0.194336
1394.000000	0.238125
1395.000000	0.341997
1396.000000	0.463181
1397.000000	0.546177
1398.000000	0.556869
1399.000000	0.532938
1400.000000	0.470309
1401.000000	0.389350
1402.000000	0.303809
1403.000000	0.224377
1404.000000	0.172951
1405.000000	0.145455
1406.000000	0.142909
1407.000000	0.166331
1408.000000	0.227432
1409.000000	0.322139
1410.000000	0.446378
1411.000000	0.540067
1412.000000	0.534975
1413.000000	0.437722
1414.000000	0.323667
1415.000000	0.237107
1416.000000	0.182625
1417.000000	0.152074
1418.000000	0.157166
1419.000000	0.201974
1420.000000	0.266639
1421.000000	0.324685
1422.000000	0.393424
1423.000000	0.472346
1424.000000	0.550759
1425.000000	0.587420
1426.000000	0.569090
1427.000000	0.490167
1428.000000	0.363382
1429.000000	0.261038
1430.000000	0.195864
1431.000000	0.161749
1432.000000	0.171932
1433.000000	0.204520
1434.000000	0.256965
1435.000000	0.326213
1436.000000	0.418883
1437.000000	0.517663
1438.000000	0.572145
1439.000000	0.580291
1440.000000	0.540576
1441.000000	0.445360
1442.000000	0.327231
1443.000000	0.229469
1444.000000	0.176006
1445.000000	0.176515
1446.000000	0.248818
1447.000000	0.371529
1448.000000	0.487621
1449.000000	0.561452
1450.000000	0.586911
1451.000000	0.583856
1452.000000	0.546177
1453.000000	0.451979
1454.000000	0.355745
1455.000000	0.272749
1456.000000	0.210630
1457.000000	0.164804
1458.000000	0.165822
1459.000000	0.203501
1460.000000	0.261038
1461.000000	0.337924
1462.000000	0.438231
1463.000000	0.526319
1464.000000	0.579273
1465.000000	0.550250
1466.000000	0.487112
1467.000000	0.412263
1468.000000	0.318575
1469.000000	0.235579
1470.000000	0.181607
1471.000000	0.172441
1472.000000	0.209102
1473.000000	0.297699
1474.000000	0.419901
1475.000000	0.524282
1476.000000	0.572654
1477.000000	0.556360
1478.000000	0.494750
1479.000000	0.413282
1480.000000	0.314502
1481.000000	0.232015
1482.000000	0.176515
1483.000000	0.151056
1484.000000	0.162767
1485.000000	0.219795
1486.000000	0.321121
1487.000000	0.425502
1488.000000	0.518172
1489.000000	0.578255
1490.000000	0.596076
1491.000000	0.559924
1492.000000	0.483039
1493.000000	0.390878
1494.000000	0.295662
1495.000000	0.218267
1496.000000	0.169386
1497.000000	0.158185
1498.000000	0.182625
1499.000000	0.245763
1500.000000	0.367965
1501.000000	0.490167
1502.000000	0.563998
1503.000000	0.593021
1504.000000	0.608805
1505.000000	0.607278
1506.000000	0.551268
1507.000000	0.473364
1508.000000	0.380185
1509.000000	0.279878
1510.000000	0.205029
1511.000000	0.173460
1512.000000	0.211648
1513.000000	0.298208
1514.000000	0.412263
1515.000000	0.506461
1516.000000	0.570617
1517.000000	0.590475
1518.000000	0.565016
1519.000000	0.498314
1520.000000	0.420410
1521.000000	0.293116
1522.000000	0.206047
1523.000000	0.169386
1524.000000	0.172951
1525.000000	0.240671
1526.000000	0.341488
1527.000000	0.458598
1528.000000	0.534466
1529.000000	0.549741
1530.000000	0.475910
1531.000000	0.357782
1532.000000	0.276313
1533.000000	0.217249
1534.000000	0.169386
1535.000000	0.146983
1536.000000	0.155129
1537.000000	0.174478
1538.000000	0.215212
1539.000000	0.303809
1540.000000	0.428048
1541.000000	0.521736
1542.000000	0.579782
1543.000000	0.603714
1544.000000	0.576727
1545.000000	0.490676
1546.000000	0.377639
1547.000000	0.296680
1548.000000	0.223359
1549.000000	0.172441
1550.000000	0.147492
1551.000000	0.146983
1552.000000	0.186189
1553.000000	0.281405
1554.000000	0.372548
1555.000000	0.456562
1556.000000	0.540067
1557.000000	0.589966
1558.000000	0.598622
1559.000000	0.555342
1560.000000	0.470309
1561.000000	0.357782
1562.000000	0.265111
1563.000000	0.198919
1564.000000	0.201464
1565.000000	0.266130
1566.000000	0.380694
1567.000000	0.486603
1568.000000	0.563489
1569.000000	0.576727
1570.000000	0.543631
1571.000000	0.497296
1572.000000	0.419901
1573.000000	0.312465
1574.000000	0.227432
1575.000000	0.173969
1576.000000	0.150038
1577.000000	0.177533
1578.000000	0.252382
1579.000000	0.339960
1580.000000	0.447396
1581.000000	0.531920
1582.000000	0.581819
1583.000000	0.571126
1584.000000	0.526828
1585.000000	0.478456
1586.000000	0.416337
1587.000000	0.330286
1588.000000	0.242199
1589.000000	0.183134
1590.000000	0.191790
1591.000000	0.271222
1592.000000	0.367456
1593.000000	0.467764
1594.000000	0.544649
1595.000000	0.588947
1596.000000	0.611351
1597.000000	0.599640
1598.000000	0.547195
1599.000000	0.461653
1600.000000	0.363382
1601.000000	0.272749
1602.000000	0.208084
1603.000000	0.167859
1604.000000	0.180588
1605.000000	0.252891
1606.000000	0.363382
1607.000000	0.474892
1608.000000	0.556360
1609.000000	0.595058
1610.000000	0.603714
1611.000000	0.578255
1612.000000	0.522245
1613.000000	0.435685
1614.000000	0.346580
1615.000000	0.261547
1616.000000	0.194336
1617.000000	0.161749
1618.000000	0.164804
1619.000000	0.209102
1620.000000	0.288534
1621.000000	0.387823
1622.000000	0.485585
1623.000000	0.560943
1624.000000	0.590984
1625.000000	0.562979
1626.000000	0.473874
1627.000000	0.354726
1628.000000	0.249327
1629.000000	0.185680
1630.000000	0.168877
1631.000000	0.205538
1632.000000	0.298717
1633.000000	0.420919
1634.000000	0.518681
1635.000000	0.578764
1636.000000	0.544140
1637.000000	0.450452
1638.000000	0.364401
1639.000000	0.301772
1640.000000	0.240162
1641.000000	0.185680
1642.000000	0.158185
1643.000000	0.168368
1644.000000	0.228451
1645.000000	0.325194
1646.000000	0.432121
1647.000000	0.523264
1648.000000	0.582328
1649.000000	0.603714
1650.000000	0.572654
1651.000000	0.502897
1652.000000	0.426011
1653.000000	0.303300
1654.000000	0.215721
1655.000000	0.195864
1656.000000	0.254928
1657.000000	0.369493
1658.000000	0.479475
1659.000000	0.556869
1660.000000	0.595567
1661.000000	0.607278
1662.000000	0.584874
1663.000000	0.528355
1664.000000	0.470819
1665.000000	0.410736
1666.000000	0.342506
1667.000000	0.265111
1668.000000	0.199428
1669.000000	0.165313
1670.000000	0.171932
1671.000000	0.222341
1672.000000	0.289552
1673.000000	0.366947
1674.000000	0.444851
1675.000000	0.520209
1676.000000	0.578255
1677.000000	0.599131
1678.000000	0.575709
1679.000000	0.534975
1680.000000	0.456562
1681.000000	0.358800
1682.000000	0.270203
1683.000000	0.197900
1684.000000	0.177533
1685.000000	0.227432
1686.000000	0.323667
1687.000000	0.438231
1688.000000	0.532938
1689.000000	0.585383
1690.000000	0.590475
1691.000000	0.534975
1692.000000	0.425502
1693.000000	0.310937
1694.000000	0.225396
1695.000000	0.175496
1696.000000	0.161749
1697.000000	0.197391
1698.000000	0.288534
1699.000000	0.404626
1700.000000	0.507988
1701.000000	0.575200
1702.000000	0.593530
1703.000000	0.571635
1704.000000	0.517663
1705.000000	0.433140
1706.000000	0.330286
1707.000000	0.234052
1708.000000	0.181607
1709.000000	0.173460
1710.000000	0.187717
1711.000000	0.253400
1712.000000	0.357272
1713.000000	0.454525
1714.000000	0.527846
1715.000000	0.580291
1716.000000	0.607278
1717.000000	0.607787
1718.000000	0.549741
1719.000000	0.446378
1720.000000	0.340979
1721.000000	0.249836
1722.000000	0.189753
1723.000000	0.178552
1724.000000	0.234561
1725.000000	0.352181
1726.000000	0.472346
1727.000000	0.552796
1728.000000	0.597603
1729.000000	0.609824
1730.000000	0.559924
1731.000000	0.443323
1732.000000	0.338433
1733.000000	0.259001
1734.000000	0.196882
1735.000000	0.167859
1736.000000	0.187208
1737.000000	0.254928
1738.000000	0.348616
1739.000000	0.435176
1740.000000	0.514608
1741.000000	0.575709
1742.000000	0.608296
1743.000000	0.605241
1744.000000	0.552287
1745.000000	0.450452
1746.000000	0.352181
1747.000000	0.285479
1748.000000	0.224377
1749.000000	0.179570
1750.000000	0.150547
1751.000000	0.151565
1752.000000	0.199428
1753.000000	0.258492
1754.000000	0.338433
1755.000000	0.443832
1756.000000	0.537521
1757.000000	0.582837
1758.000000	0.557379
1759.000000	0.483039
1760.000000	0.374075
1761.000000	0.276823
1762.000000	0.205029
1763.000000	0.183643
1764.000000	0.236088
1765.000000	0.315011
1766.000000	0.422956
1767.000000	0.524282
1768.000000	0.574181
1769.000000	0.565016
1770.000000	0.496277
1771.000000	0.387823
1772.000000	0.290061
1773.000000	0.213685
1774.000000	0.168877
1775.000000	0.158185
1776.000000	0.210120
1777.000000	0.314502
1778.000000	0.437213
1779.000000	0.527846
1780.000000	0.582837
1781.000000	0.590475
1782.000000	0.564507
1783.000000	0.531411
1784.000000	0.472346
1785.000000	0.402589
1786.000000	0.328249
1787.000000	0.251364
1788.000000	0.190263
1789.000000	0.176515
1790.000000	0.214194
1791.000000	0.266130
1792.000000	0.333850
1793.000000	0.421429
1794.000000	0.517663
1795.000000	0.580291
1796.000000	0.584874
1797.000000	0.537521
1798.000000	0.470819
1799.000000	0.383240
1800.000000	0.283442
1801.000000	0.206047
1802.000000	0.187208
1803.000000	0.221322
1804.000000	0.270203
1805.000000	0.333850
1806.000000	0.419392
1807.000000	0.501878
1808.000000	0.570617
1809.000000	0.603714
1810.000000	0.611351
1811.000000	0.606259
1812.000000	0.554833
1813.000000	0.451470
1814.000000	0.344543
1815.000000	0.258492
1816.000000	0.196882
1817.000000	0.170405
1818.000000	0.209611
1819.000000	0.290570
1820.000000	0.387314
1821.000000	0.495259
1822.000000	0.568580
1823.000000	0.601677
1824.000000	0.602695
1825.000000	0.568071
1826.000000	0.503915
1827.000000	0.400552
1828.000000	0.283951
1829.000000	0.206556
1830.000000	0.173460
1831.000000	0.176515
1832.000000	0.188735
1833.000000	0.229978
1834.000000	0.297699
1835.000000	0.375603
1836.000000	0.463181
1837.000000	0.544649
1838.000000	0.592512
1839.000000	0.593021
1840.000000	0.524791
1841.000000	0.408699
1842.000000	0.305846
1843.000000	0.242708
1844.000000	0.187717
1845.000000	0.193827
1846.000000	0.257983
1847.000000	0.327740
1848.000000	0.398006
1849.000000	0.480493
1850.000000	0.557888
1851.000000	0.594548
1852.000000	0.592002
1853.000000	0.540067
1854.000000	0.439759
1855.000000	0.338433
1856.000000	0.241689
1857.000000	0.186698
1858.000000	0.174478
1859.000000	0.205538
1860.000000	0.277841
1861.000000	0.379676
1862.000000	0.478456
1863.000000	0.553814
1864.000000	0.584874
1865.000000	0.571126
1866.000000	0.521736
1867.000000	0.450961
1868.000000	0.384259
1869.000000	0.313992
1870.000000	0.264602
1871.000000	0.222850
1872.000000	0.191790
1873.000000	0.161240
1874.000000	0.150038
1875.000000	0.173460
1876.000000	0.254419
1877.000000	0.367965
1878.000000	0.481002
1879.000000	0.559924
1880.000000	0.597094
1881.000000	0.599640
1882.000000	0.563489
1883.000000	0.501369
1884.000000	0.400552
1885.000000	0.287515
1886.000000	0.215212
1887.000000	0.171423
1888.000000	0.156148
1889.000000	0.175496
1890.000000	0.224887
1891.000000	0.284969
1892.000000	0.343525
1893.000000	0.413791
1894.000000	0.486094
1895.000000	0.544140
1896.000000	0.590984
1897.000000	0.616443
1898.000000	0.610842
1899.000000	0.562979
1900.000000	0.499842
1901.000000	0.420919
1902.000000	0.328249
1903.000000	0.247799
1904.000000	0.191281
1905.000000	0.161240
1906.000000	0.162767
1907.000000	0.197900
1908.000000	0.272240
1909.000000	0.370002
1910.000000	0.469800
1911.000000	0.544140
1912.000000	0.593021
1913.000000	0.600149
1914.000000	0.561961
1915.000000	0.493732
1916.000000	0.410736
1917.000000	0.320612
1918.000000	0.245763
1919.000000	0.188735
1920.000000	0.160730
1921.000000	0.176006
1922.000000	0.229469
1923.000000	0.312974
1924.000000	0.414809
1925.000000	0.503915
1926.000000	0.569599
1927.000000	0.602695
1928.000000	0.591493
1929.000000	0.545158
1930.000000	0.478965
1931.000000	0.393424
1932.000000	0.311956
1933.000000	0.237616
1934.000000	0.183134
1935.000000	0.172951
1936.000000	0.202483
1937.000000	0.269694
1938.000000	0.356763
1939.000000	0.456562
1940.000000	0.530901
1941.000000	0.582837
1942.000000	0.612370
1943.000000	0.615934
1944.000000	0.584874
1945.000000	0.529883
1946.000000	0.456562
1947.000000	0.372038
1948.000000	0.289552
1949.000000	0.224377
1950.000000	0.179570
1951.000000	0.155639
1952.000000	0.185680
1953.000000	0.248309
1954.000000	0.304827
1955.000000	0.381204
1956.000000	0.477438
1957.000000	0.546177
1958.000000	0.590984
1959.000000	0.614915
1960.000000	0.626117
1961.000000	0.585892
1962.000000	0.510534
1963.000000	0.429575
1964.000000	0.344034
1965.000000	0.267148
1966.000000	0.201464
1967.000000	0.185680
1968.000000	0.209102
1969.000000	0.265111
1970.000000	0.323667
1971.000000	0.399534
1972.000000	0.471837
1973.000000	0.546177
1974.000000	0.590475
1975.000000	0.583856
1976.000000	0.552796
1977.000000	0.497805
1978.000000	0.415318
1979.000000	0.332323
1980.000000	0.249327
1981.000000	0.191790
1982.000000	0.179570
1983.000000	0.211139
1984.000000	0.280387
1985.000000	0.379167
1986.000000	0.487621
1987.000000	0.562979
1988.000000	0.584365
1989.000000	0.558397
1990.000000	0.489149
1991.000000	0.399025
1992.000000	0.312974
1993.000000	0.241689
1994.000000	0.198919
1995.000000	0.168877
1996.000000	0.152074
1997.000000	0.176515
1998.000000	0.218267
1999.000000	0.295153
2000.000000	0.392915
2001.000000	0.480493
2002.000000	0.545667
2003.000000	0.584365
2004.000000	0.605750
2005.000000	0.618989
2006.000000	0.622044
2007.000000	0.586402
2008.000000	0.500351
2009.000000	0.418883
2010.000000	0.357782
2011.000000	0.321121
2012.000000	0.269185
2013.000000	0.210630
2014.000000	0.170914
2015.000000	0.175496
2016.000000	0.211139
2017.000000	0.268167
2018.000000	0.338433
2019.000000	0.413282
2020.000000	0.474892
2021.000000	0.519699
2022.000000	0.563998
2023.000000	0.600658
2024.000000	0.612370
2025.000000	0.600149
2026.000000	0.479475
2027.000000	0.383749
2028.000000	0.314502
2029.000000	0.243726
2030.000000	0.190772
2031.000000	0.160221
2032.000000	0.156657
2033.000000	0.198409
2034.000000	0.269694
2035.000000	0.334359
2036.000000	0.422447
2037.000000	0.525300
2038.000000	0.575709
2039.000000	0.577236
2040.000000	0.513080
2041.000000	0.414809
2042.000000	0.319084
2043.000000	0.236088
2044.000000	0.184152
2045.000000	0.161749
2046.000000	0.165822
2047.000000	0.210120
2048.000000	0.289043
2049.000000	0.389860
2050.000000	0.473364
2051.000000	0.534975
2052.000000	0.577746
2053.000000	0.607787
2054.000000	0.617970
2055.000000	0.591493
2056.000000	0.533447
2057.000000	0.479475
2058.000000	0.424993
2059.000000	0.351671
2060.000000	0.277841
2061.000000	0.218776
2062.000000	0.180588
2063.000000	0.154620
2064.000000	0.155129
2065.000000	0.190263
2066.000000	0.241180
2067.000000	0.308391
2068.000000	0.378658
2069.000000	0.454525
2070.000000	0.514099
2071.000000	0.556869
2072.000000	0.597603
2073.000000	0.616443
2074.000000	0.609824
2075.000000	0.558397
2076.000000	0.462672
2077.000000	0.356254
2078.000000	0.265111
2079.000000	0.200446
2080.000000	0.165313
2081.000000	0.153602
2082.000000	0.176006
2083.000000	0.232015
2084.000000	0.305846
2085.000000	0.405644
2086.000000	0.495768
2087.000000	0.564507
2088.000000	0.589457
2089.000000	0.580291
2090.000000	0.548723
2091.000000	0.472855
2092.000000	0.379167
2093.000000	0.276823
2094.000000	0.204010
2095.000000	0.178042
2096.000000	0.178552
2097.000000	0.195864
2098.000000	0.228960
2099.000000	0.289552
2100.000000	0.364401
2101.000000	0.445869
2102.000000	0.515626
2103.000000	0.571635
2104.000000	0.602186
2105.000000	0.593021
2106.000000	0.554833
2107.000000	0.497805
2108.000000	0.431612
2109.000000	0.354217
2110.000000	0.264093
2111.000000	0.200446
2112.000000	0.164804
2113.000000	0.155129
2114.000000	0.178552
2115.000000	0.226414
2116.000000	0.307373
2117.000000	0.400552
2118.000000	0.475910
2119.000000	0.540576
2120.000000	0.585383
2121.000000	0.610333
2122.000000	0.612879
2123.000000	0.589457
2124.000000	0.545667
2125.000000	0.479984
2126.000000	0.415318
2127.000000	0.356763
2128.000000	0.283951
2129.000000	0.214194
2130.000000	0.176515
2131.000000	0.189753
2132.000000	0.223359
2133.000000	0.263584
2134.000000	0.314502
2135.000000	0.386805
2136.000000	0.460126
2137.000000	0.525810
2138.000000	0.577236
2139.000000	0.603204
2140.000000	0.596076
2141.000000	0.563489
2142.000000	0.499842
2143.000000	0.405135
2144.000000	0.300245
2145.000000	0.223868
2146.000000	0.178552
2147.000000	0.164295
2148.000000	0.185171
2149.000000	0.246272
2150.000000	0.338433
2151.000000	0.437722
2152.000000	0.518681
2153.000000	0.577236
2154.000000	0.598622
2155.000000	0.573672
2156.000000	0.509516
2157.000000	0.416846
2158.000000	0.304827
2159.000000	0.221322
2160.000000	0.177533
2161.000000	0.161240
2162.000000	0.193827
2163.000000	0.289552
2164.000000	0.390369
2165.000000	0.475910
2166.000000	0.538030
2167.000000	0.585383
2168.000000	0.610842
2169.000000	0.622044
2170.000000	0.625608
2171.000000	0.617461
2172.000000	0.584365
2173.000000	0.530901
2174.000000	0.476929
2175.000000	0.426520
2176.000000	0.338433
2177.000000	0.240671
2178.000000	0.192808
2179.000000	0.199428
2180.000000	0.247290
2181.000000	0.317557
2182.000000	0.397497
2183.000000	0.470819
2184.000000	0.508498
2185.000000	0.530901
2186.000000	0.567053
2187.000000	0.601677
2188.000000	0.605241
2189.000000	0.557888
2190.000000	0.471328
2191.000000	0.385277
2192.000000	0.292098
2193.000000	0.215212
2194.000000	0.181607
2195.000000	0.208084
2196.000000	0.267148
2197.000000	0.381204
2198.000000	0.484057
2199.000000	0.555342
2200.000000	0.594548
2201.000000	0.598113
2202.000000	0.577236
2203.000000	0.562470
2204.000000	0.512062
2205.000000	0.425502
2206.000000	0.324685
2207.000000	0.241180
2208.000000	0.185171
2209.000000	0.161749
2210.000000	0.167859
2211.000000	0.195864
2212.000000	0.244235
2213.000000	0.326213
2214.000000	0.406153
2215.000000	0.467764
2216.000000	0.541085
2217.000000	0.587420
2218.000000	0.600149
2219.000000	0.580291
2220.000000	0.539048
2221.000000	0.483548
2222.000000	0.411245
2223.000000	0.345052
2224.000000	0.265111
2225.000000	0.197900
2226.000000	0.164804
2227.000000	0.159203
2228.000000	0.174478
2229.000000	0.235070
2230.000000	0.315520
2231.000000	0.397497
2232.000000	0.473874
2233.000000	0.531411
2234.000000	0.575709
2235.000000	0.605750
2236.000000	0.616443
2237.000000	0.609314
2238.000000	0.565525
2239.000000	0.486094
2240.000000	0.404626
2241.000000	0.319593
2242.000000	0.245763
2243.000000	0.190263
2244.000000	0.159712
2245.000000	0.155129
2246.000000	0.180079
2247.000000	0.255437
2248.000000	0.312465
2249.000000	0.362873
2250.000000	0.436704
2251.000000	0.504424
2252.000000	0.555851
2253.000000	0.592512
2254.000000	0.614915
2255.000000	0.609314
2256.000000	0.566544
2257.000000	0.493222
2258.000000	0.407172
2259.000000	0.323158
2260.000000	0.243217
2261.000000	0.187208
2262.000000	0.165313
2263.000000	0.174987
2264.000000	0.209102
2265.000000	0.267148
2266.000000	0.349126
2267.000000	0.438231
2268.000000	0.521227
2269.000000	0.576218
2270.000000	0.604223
2271.000000	0.602695
2272.000000	0.574181
2273.000000	0.501878
2274.000000	0.432121
2275.000000	0.368983
2276.000000	0.303300
2277.000000	0.235070
2278.000000	0.183643
2279.000000	0.161749
2280.000000	0.164804
2281.000000	0.206556
2282.000000	0.302790
2283.000000	0.423465
2284.000000	0.510534
2285.000000	0.566544
2286.000000	0.600149
2287.000000	0.602695
2288.000000	0.566544
2289.000000	0.522755
2290.000000	0.468273
2291.000000	0.375603
2292.000000	0.277841
2293.000000	0.204010
2294.000000	0.169896
2295.000000	0.176006
2296.000000	0.225905
2297.000000	0.310428
2298.000000	0.405644
2299.000000	0.490167
2300.000000	0.559924
2301.000000	0.596585
2302.000000	0.603204
2303.000000	0.581310
2304.000000	0.546686
2305.000000	0.513080
2306.000000	0.454016
2307.000000	0.387314
2308.000000	0.325703
2309.000000	0.254928
2310.000000	0.202992
2311.000000	0.169386
2312.000000	0.151056
2313.000000	0.170405
2314.000000	0.211648
2315.000000	0.244235
2316.000000	0.311446
2317.000000	0.401571
2318.000000	0.501369
2319.000000	0.562979
2320.000000	0.563998
2321.000000	0.528865
2322.000000	0.472855
2323.000000	0.401061
2324.000000	0.315011
2325.000000	0.241689
2326.000000	0.199937
2327.000000	0.170914
2328.000000	0.160221
2329.000000	0.188735
2330.000000	0.252891
2331.000000	0.311446
2332.000000	0.401061
2333.000000	0.506970
2334.000000	0.570108
2335.000000	0.597603
2336.000000	0.586911
2337.000000	0.579782
2338.000000	0.541085
2339.000000	0.469291
2340.000000	0.389350
2341.000000	0.295153
2342.000000	0.220813
2343.000000	0.178042
2344.000000	0.153093
2345.000000	0.155129
2346.000000	0.164804
2347.000000	0.185680
2348.000000	0.237107
2349.000000	0.320612
2350.000000	0.401571
2351.000000	0.477438
2352.000000	0.543122
2353.000000	0.581310
2354.000000	0.597094
2355.000000	0.581819
2356.000000	0.533956
2357.000000	0.462672
2358.000000	0.387314
2359.000000	0.332832
2360.000000	0.265111
2361.000000	0.208084
2362.000000	0.180079
2363.000000	0.195354
2364.000000	0.234561
2365.000000	0.288024
2366.000000	0.375603
2367.000000	0.482020
2368.000000	0.554833
2369.000000	0.586402
2370.000000	0.581819
2371.000000	0.536502
2372.000000	0.456562
2373.000000	0.365928
2374.000000	0.296680
2375.000000	0.219795
2376.000000	0.174478
2377.000000	0.163276
2378.000000	0.155129
2379.000000	0.170914
2380.000000	0.213685
2381.000000	0.295662
2382.000000	0.388841
2383.000000	0.496277
2384.000000	0.559415
2385.000000	0.581310
2386.000000	0.590984
2387.000000	0.561961
2388.000000	0.485076
2389.000000	0.370511
2390.000000	0.289552
2391.000000	0.225905
2392.000000	0.181097
2393.000000	0.161240
2394.000000	0.157166
2395.000000	0.181607
2396.000000	0.235579
2397.000000	0.343015
2398.000000	0.448415
2399.000000	0.522755
2400.000000	0.574690
2401.000000	0.597094
2402.000000	0.608805
2403.000000	0.604223
2404.000000	0.557379
2405.000000	0.477947
2406.000000	0.376621
2407.000000	0.259001
2408.000000	0.193827
2409.000000	0.175496
2410.000000	0.181607
2411.000000	0.204010
2412.000000	0.249327
2413.000000	0.287515
2414.000000	0.363382
2415.000000	0.456562
2416.000000	0.541085
2417.000000	0.574690
2418.000000	0.593021
2419.000000	0.580291
2420.000000	0.544649
2421.000000	0.486603
2422.000000	0.397497
2423.000000	0.284460
2424.000000	0.207575
2425.000000	0.174987
2426.000000	0.161240
2427.000000	0.157166
2428.000000	0.173460
2429.000000	0.215212
2430.000000	0.250345
2431.000000	0.297699
2432.000000	0.375603
2433.000000	0.450961
2434.000000	0.514608
2435.000000	0.569090
2436.000000	0.592512
2437.000000	0.582328
2438.000000	0.545667
2439.000000	0.484057
2440.000000	0.392915
2441.000000	0.311446
2442.000000	0.246781
2443.000000	0.199937
2444.000000	0.163785
2445.000000	0.155129
2446.000000	0.190772
2447.000000	0.268167
2448.000000	0.357782
2449.000000	0.432121
2450.000000	0.503915
2451.000000	0.563489
2452.000000	0.596585
2453.000000	0.599131
2454.000000	0.574181
2455.000000	0.531920
2456.000000	0.454525
2457.000000	0.374075
2458.000000	0.276823
2459.000000	0.211648
2460.000000	0.196882
2461.000000	0.195354
2462.000000	0.248818
2463.000000	0.352181
2464.000000	0.451470
2465.000000	0.525810
2466.000000	0.577746
2467.000000	0.605241
2468.000000	0.616443
2469.000000	0.611860
2470.000000	0.565525
2471.000000	0.513080
2472.000000	0.448924
2473.000000	0.385786
2474.000000	0.308391
2475.000000	0.224887
2476.000000	0.184662
2477.000000	0.184662
2478.000000	0.211648
2479.000000	0.272749
2480.000000	0.353708
2481.000000	0.411754
2482.000000	0.450961
2483.000000	0.519190
2484.000000	0.573672
2485.000000	0.597603
2486.000000	0.589457
2487.000000	0.547195
2488.000000	0.482530
2489.000000	0.419901
2490.000000	0.301772
2491.000000	0.223868
2492.000000	0.194845
2493.000000	0.168877
2494.000000	0.169386
2495.000000	0.180079
2496.000000	0.245763
2497.000000	0.322139
2498.000000	0.390878
2499.000000	0.473874
2500.000000	0.539557
2501.000000	0.584874
2502.000000	0.579273
2503.000000	0.539557
2504.000000	0.499332
2505.000000	0.454016
2506.000000	0.373057
2507.000000	0.301263
2508.000000	0.235579
2509.000000	0.186698
2510.000000	0.167350
2511.000000	0.164295
2512.000000	0.182116
2513.000000	0.244235
2514.000000	0.298208
2515.000000	0.384259
2516.000000	0.471328
2517.000000	0.528865
2518.000000	0.574690
2519.000000	0.582837
2520.000000	0.553814
2521.000000	0.493222
2522.000000	0.471328
2523.000000	0.399534
2524.000000	0.328249
2525.000000	0.242708
2526.000000	0.189244
2527.000000	0.161749
2528.000000	0.184662
2529.000000	0.230997
2530.000000	0.342506
2531.000000	0.434667
2532.000000	0.506970
2533.000000	0.567562
2534.000000	0.593021
2535.000000	0.584874
2536.000000	0.566544
2537.000000	0.536502
2538.000000	0.464708
2539.000000	0.381204
2540.000000	0.307882
2541.000000	0.246781
2542.000000	0.196373
2543.000000	0.163276
2544.000000	0.156148
2545.000000	0.185680
2546.000000	0.248309
2547.000000	0.324685
2548.000000	0.386295
2549.000000	0.445360
2550.000000	0.502897
2551.000000	0.557888
2552.000000	0.593021
2553.000000	0.601677
2554.000000	0.586402
2555.000000	0.526828
2556.000000	0.425502
2557.000000	0.312974
2558.000000	0.223868
2559.000000	0.177024
2560.000000	0.165822
2561.000000	0.191281
2562.000000	0.249836
2563.000000	0.312465
2564.000000	0.367456
2565.000000	0.453507
2566.000000	0.523773
2567.000000	0.574181
2568.000000	0.580801
2569.000000	0.532429
2570.000000	0.466745
2571.000000	0.413282
2572.000000	0.345052
2573.000000	0.256455
2574.000000	0.191281
2575.000000	0.169386
2576.000000	0.198409
2577.000000	0.258492
2578.000000	0.320612
2579.000000	0.370511
2580.000000	0.394442
2581.000000	0.419901
2582.000000	0.458089
2583.000000	0.517154
2584.000000	0.569599
2585.000000	0.601168
2586.000000	0.615425
2587.000000	0.604732
2588.000000	0.557888
2589.000000	0.488131
2590.000000	0.409208
2591.000000	0.337414
2592.000000	0.264602
2593.000000	0.207065
