0.000000	0.254928
1.000000	0.274277
2.000000	0.304827
3.000000	0.326213
4.000000	0.318575
5.000000	0.322139
6.000000	0.341997
7.000000	0.359818
8.000000	0.389350
9.000000	0.380185
10.000000	0.357782
11.000000	0.355236
12.000000	0.375603
13.000000	0.349126
14.000000	0.263584
15.000000	0.200955
16.000000	0.168877
17.000000	0.152074
18.000000	0.143928
19.000000	0.137817
20.000000	0.136799
21.000000	0.136290
22.000000	0.135781
23.000000	0.137817
24.000000	0.138836
25.000000	0.167859
26.000000	0.229469
27.000000	0.347089
28.000000	0.478456
29.000000	0.532938
30.000000	0.498314
31.000000	0.418373
32.000000	0.324176
33.000000	0.246272
34.000000	0.189753
35.000000	0.173460
36.000000	0.190772
37.000000	0.256965
38.000000	0.388841
39.000000	0.504933
40.000000	0.476929
41.000000	0.354217
42.000000	0.246781
43.000000	0.213176
44.000000	0.249836
45.000000	0.341488
46.000000	0.454525
47.000000	0.539557
48.000000	0.570617
49.000000	0.534466
50.000000	0.446378
51.000000	0.324176
52.000000	0.232015
53.000000	0.236088
54.000000	0.324176
55.000000	0.452488
56.000000	0.542103
57.000000	0.547704
58.000000	0.465218
59.000000	0.343525
60.000000	0.242708
61.000000	0.215721
62.000000	0.304318
63.000000	0.443323
64.000000	0.529883
65.000000	0.505443
66.000000	0.406153
67.000000	0.280896
68.000000	0.232015
69.000000	0.296171
70.000000	0.441796
71.000000	0.530901
72.000000	0.518681
73.000000	0.416337
74.000000	0.293625
75.000000	0.218267
76.000000	0.234561
77.000000	0.332323
78.000000	0.466745
79.000000	0.548723
80.000000	0.550759
81.000000	0.490167
82.000000	0.384768
83.000000	0.279368
84.000000	0.210120
85.000000	0.210630
86.000000	0.303300
87.000000	0.451470
88.000000	0.527337
89.000000	0.467764
90.000000	0.338433
91.000000	0.241689
92.000000	0.239143
93.000000	0.347089
94.000000	0.484057
95.000000	0.550250
96.000000	0.511043
97.000000	0.377130
98.000000	0.257474
99.000000	0.218267
100.000000	0.285479
101.000000	0.439250
102.000000	0.531920
103.000000	0.531920
104.000000	0.460126
105.000000	0.333850
106.000000	0.238125
107.000000	0.245763
108.000000	0.352181
109.000000	0.478965
110.000000	0.527846
111.000000	0.435685
112.000000	0.312974
113.000000	0.224377
114.000000	0.207575
115.000000	0.270712
116.000000	0.396988
117.000000	0.511553
118.000000	0.516644
119.000000	0.439759
120.000000	0.320612
121.000000	0.227432
122.000000	0.252891
123.000000	0.368474
124.000000	0.493222
125.000000	0.538030
126.000000	0.479475
127.000000	0.362873
128.000000	0.249327
129.000000	0.262056
130.000000	0.383240
131.000000	0.500860
132.000000	0.557888
133.000000	0.525810
134.000000	0.413282
135.000000	0.276823
136.000000	0.229469
137.000000	0.297190
138.000000	0.429066
139.000000	0.527337
140.000000	0.517663
141.000000	0.414300
142.000000	0.281405
143.000000	0.214194
144.000000	0.257983
145.000000	0.390369
146.000000	0.511043
147.000000	0.534975
148.000000	0.454525
149.000000	0.322648
150.000000	0.228960
151.000000	0.256455
152.000000	0.382731
153.000000	0.503406
154.000000	0.558397
155.000000	0.496787
156.000000	0.359818
157.000000	0.243217
158.000000	0.210630
159.000000	0.283442
160.000000	0.429066
161.000000	0.523773
162.000000	0.489149
163.000000	0.362873
164.000000	0.245763
165.000000	0.219795
166.000000	0.305336
167.000000	0.445869
168.000000	0.539048
169.000000	0.535484
170.000000	0.422956
171.000000	0.281914
172.000000	0.219795
173.000000	0.272749
174.000000	0.402589
175.000000	0.522245
176.000000	0.556869
177.000000	0.464708
178.000000	0.304318
179.000000	0.255437
180.000000	0.331814
181.000000	0.463181
182.000000	0.546177
183.000000	0.533447
184.000000	0.428048
185.000000	0.289043
186.000000	0.257983
187.000000	0.353199
188.000000	0.467254
189.000000	0.552287
190.000000	0.516644
191.000000	0.385277
192.000000	0.263075
193.000000	0.268676
194.000000	0.379676
195.000000	0.503406
196.000000	0.543122
197.000000	0.471328
198.000000	0.343525
199.000000	0.239653
200.000000	0.225905
201.000000	0.315520
202.000000	0.457071
203.000000	0.531920
204.000000	0.445869
205.000000	0.301263
206.000000	0.223359
207.000000	0.248309
208.000000	0.368983
209.000000	0.498823
210.000000	0.542103
211.000000	0.458598
212.000000	0.313992
213.000000	0.244744
214.000000	0.319084
215.000000	0.455543
216.000000	0.539048
217.000000	0.487621
218.000000	0.350144
219.000000	0.246272
220.000000	0.253910
221.000000	0.350144
222.000000	0.479475
223.000000	0.532429
224.000000	0.450452
225.000000	0.317557
226.000000	0.226414
227.000000	0.248818
228.000000	0.385277
229.000000	0.499842
230.000000	0.457580
231.000000	0.328249
232.000000	0.230487
233.000000	0.205029
234.000000	0.265621
235.000000	0.423465
236.000000	0.523773
237.000000	0.498314
238.000000	0.382222
239.000000	0.265111
240.000000	0.288024
241.000000	0.426011
242.000000	0.522755
243.000000	0.517663
244.000000	0.442814
245.000000	0.331304
246.000000	0.236598
247.000000	0.242199
248.000000	0.342506
249.000000	0.481002
250.000000	0.513589
251.000000	0.426011
252.000000	0.318575
253.000000	0.266130
254.000000	0.377639
255.000000	0.496787
256.000000	0.564507
257.000000	0.569599
258.000000	0.438740
259.000000	0.291079
260.000000	0.229469
261.000000	0.338433
262.000000	0.482020
263.000000	0.502387
264.000000	0.396988
265.000000	0.267148
266.000000	0.230487
267.000000	0.309410
268.000000	0.445869
269.000000	0.530901
270.000000	0.502897
271.000000	0.399534
272.000000	0.279368
273.000000	0.213685
274.000000	0.293625
275.000000	0.413282
276.000000	0.515626
277.000000	0.507479
278.000000	0.380694
279.000000	0.254419
280.000000	0.221832
281.000000	0.291589
282.000000	0.384259
283.000000	0.487621
284.000000	0.554833
285.000000	0.510025
286.000000	0.406153
287.000000	0.288024
288.000000	0.210120
289.000000	0.239143
290.000000	0.349635
291.000000	0.477438
292.000000	0.549232
293.000000	0.537521
294.000000	0.463690
295.000000	0.365928
296.000000	0.262566
297.000000	0.193318
298.000000	0.211648
299.000000	0.313992
300.000000	0.430594
301.000000	0.524282
302.000000	0.578764
303.000000	0.555342
304.000000	0.428048
305.000000	0.281405
306.000000	0.237107
307.000000	0.303300
308.000000	0.417864
309.000000	0.516135
310.000000	0.569599
311.000000	0.545667
312.000000	0.463181
313.000000	0.350144
314.000000	0.249327
315.000000	0.185680
316.000000	0.181097
317.000000	0.267148
318.000000	0.394951
319.000000	0.502387
320.000000	0.549232
321.000000	0.481511
322.000000	0.345052
323.000000	0.241689
324.000000	0.286497
325.000000	0.426520
326.000000	0.527846
327.000000	0.530901
328.000000	0.446378
329.000000	0.352690
330.000000	0.266130
331.000000	0.204520
332.000000	0.163276
333.000000	0.157675
334.000000	0.169386
335.000000	0.209611
336.000000	0.318066
337.000000	0.463690
338.000000	0.546177
339.000000	0.562470
340.000000	0.498314
341.000000	0.373566
342.000000	0.251873
343.000000	0.208593
344.000000	0.246781
345.000000	0.341997
346.000000	0.463181
347.000000	0.549232
348.000000	0.584874
349.000000	0.569090
350.000000	0.477947
351.000000	0.353199
352.000000	0.248818
353.000000	0.204520
354.000000	0.278859
355.000000	0.376112
356.000000	0.472855
357.000000	0.550759
358.000000	0.589966
359.000000	0.569090
360.000000	0.479475
361.000000	0.353199
362.000000	0.242708
363.000000	0.200955
364.000000	0.258492
365.000000	0.390369
366.000000	0.510534
367.000000	0.562470
368.000000	0.561961
369.000000	0.510534
370.000000	0.403098
371.000000	0.285479
372.000000	0.207065
373.000000	0.214194
374.000000	0.302790
375.000000	0.458089
376.000000	0.493222
377.000000	0.449433
378.000000	0.409717
379.000000	0.328249
380.000000	0.232524
381.000000	0.191281
382.000000	0.221832
383.000000	0.297699
384.000000	0.380185
385.000000	0.455543
386.000000	0.544649
387.000000	0.570108
388.000000	0.519699
389.000000	0.437722
390.000000	0.313483
391.000000	0.219286
392.000000	0.198919
393.000000	0.262566
394.000000	0.355745
395.000000	0.462672
396.000000	0.535484
397.000000	0.585892
398.000000	0.560434
399.000000	0.463690
400.000000	0.326722
401.000000	0.230487
402.000000	0.187717
403.000000	0.227942
404.000000	0.333850
405.000000	0.450452
406.000000	0.540576
407.000000	0.522755
408.000000	0.459108
409.000000	0.365419
410.000000	0.259001
411.000000	0.199428
412.000000	0.248309
413.000000	0.371020
414.000000	0.496277
415.000000	0.562979
416.000000	0.548723
417.000000	0.473364
418.000000	0.389860
419.000000	0.292098
420.000000	0.207575
421.000000	0.186189
422.000000	0.222850
423.000000	0.323158
424.000000	0.446378
425.000000	0.538030
426.000000	0.590984
427.000000	0.596076
428.000000	0.540067
429.000000	0.440777
430.000000	0.318066
431.000000	0.224377
432.000000	0.175496
433.000000	0.179061
434.000000	0.252891
435.000000	0.381713
436.000000	0.505952
437.000000	0.559924
438.000000	0.526828
439.000000	0.417864
440.000000	0.280387
441.000000	0.208593
442.000000	0.223868
443.000000	0.324176
444.000000	0.459617
445.000000	0.548723
446.000000	0.567053
447.000000	0.523773
448.000000	0.438231
449.000000	0.321630
450.000000	0.225905
451.000000	0.187717
452.000000	0.232524
453.000000	0.339451
454.000000	0.467254
455.000000	0.552287
456.000000	0.566544
457.000000	0.499332
458.000000	0.376112
459.000000	0.279368
460.000000	0.206047
461.000000	0.201974
462.000000	0.273258
463.000000	0.389350
464.000000	0.505952
465.000000	0.535993
466.000000	0.466745
467.000000	0.365928
468.000000	0.264602
469.000000	0.205538
470.000000	0.222341
471.000000	0.313483
472.000000	0.439759
473.000000	0.534975
474.000000	0.517154
475.000000	0.418883
476.000000	0.301263
477.000000	0.215212
478.000000	0.201974
479.000000	0.290570
480.000000	0.409717
481.000000	0.515626
482.000000	0.574181
483.000000	0.584874
484.000000	0.547195
485.000000	0.459617
486.000000	0.341488
487.000000	0.236598
488.000000	0.201464
489.000000	0.257983
490.000000	0.349126
491.000000	0.434158
492.000000	0.521736
493.000000	0.581310
494.000000	0.592512
495.000000	0.562470
496.000000	0.482020
497.000000	0.340979
498.000000	0.236088
499.000000	0.188735
500.000000	0.204520
501.000000	0.275295
502.000000	0.406153
503.000000	0.522755
504.000000	0.568580
505.000000	0.518681
506.000000	0.387314
507.000000	0.268167
508.000000	0.196882
509.000000	0.189753
510.000000	0.273767
511.000000	0.420919
512.000000	0.527337
513.000000	0.542103
514.000000	0.488640
515.000000	0.395461
516.000000	0.287515
517.000000	0.207065
518.000000	0.172441
519.000000	0.180588
520.000000	0.293116
521.000000	0.441286
522.000000	0.538030
523.000000	0.530901
524.000000	0.449942
525.000000	0.332323
526.000000	0.230487
527.000000	0.187208
528.000000	0.185680
529.000000	0.220304
530.000000	0.319593
531.000000	0.442305
532.000000	0.539048
533.000000	0.580801
534.000000	0.568580
535.000000	0.482530
536.000000	0.335378
537.000000	0.240671
538.000000	0.273258
539.000000	0.388841
540.000000	0.502897
541.000000	0.565016
542.000000	0.545667
543.000000	0.463181
544.000000	0.370002
545.000000	0.271731
546.000000	0.202992
547.000000	0.198919
548.000000	0.251364
549.000000	0.358291
550.000000	0.479475
551.000000	0.557888
552.000000	0.592512
553.000000	0.588438
554.000000	0.514608
555.000000	0.393424
556.000000	0.275295
557.000000	0.200955
558.000000	0.182625
559.000000	0.255946
560.000000	0.382222
561.000000	0.497805
562.000000	0.540067
563.000000	0.533956
564.000000	0.476929
565.000000	0.360327
566.000000	0.247799
567.000000	0.210120
568.000000	0.256965
569.000000	0.354217
570.000000	0.459108
571.000000	0.543122
572.000000	0.592002
573.000000	0.603204
574.000000	0.527846
575.000000	0.392405
576.000000	0.266639
577.000000	0.213685
578.000000	0.263584
579.000000	0.317557
580.000000	0.350653
581.000000	0.405644
582.000000	0.479984
583.000000	0.556869
584.000000	0.585383
585.000000	0.529374
586.000000	0.412773
587.000000	0.284460
588.000000	0.208593
589.000000	0.213176
590.000000	0.307882
591.000000	0.436704
592.000000	0.532938
593.000000	0.495259
594.000000	0.349126
595.000000	0.245763
596.000000	0.252382
597.000000	0.321121
598.000000	0.420410
599.000000	0.517154
600.000000	0.574690
601.000000	0.557379
602.000000	0.454525
603.000000	0.333850
604.000000	0.238634
605.000000	0.195354
606.000000	0.236088
607.000000	0.346580
608.000000	0.466745
609.000000	0.550250
610.000000	0.562470
611.000000	0.540067
612.000000	0.475401
613.000000	0.368474
614.000000	0.257983
615.000000	0.211648
616.000000	0.269694
617.000000	0.389860
618.000000	0.498823
619.000000	0.566034
620.000000	0.550250
621.000000	0.451470
622.000000	0.327740
623.000000	0.230487
624.000000	0.194336
625.000000	0.233543
626.000000	0.324685
627.000000	0.433140
628.000000	0.527337
629.000000	0.583346
630.000000	0.595567
631.000000	0.532429
632.000000	0.390878
633.000000	0.262566
634.000000	0.216740
635.000000	0.207575
636.000000	0.247799
637.000000	0.345561
638.000000	0.456052
639.000000	0.544649
640.000000	0.592002
641.000000	0.608805
642.000000	0.562979
643.000000	0.430084
644.000000	0.294135
645.000000	0.215212
646.000000	0.217758
647.000000	0.290570
648.000000	0.394442
649.000000	0.503406
650.000000	0.538539
651.000000	0.475401
652.000000	0.360327
653.000000	0.261038
654.000000	0.194336
655.000000	0.183643
656.000000	0.218776
657.000000	0.300754
658.000000	0.412263
659.000000	0.514608
660.000000	0.573672
661.000000	0.581819
662.000000	0.535993
663.000000	0.436704
664.000000	0.317047
665.000000	0.224377
666.000000	0.185680
667.000000	0.210120
668.000000	0.287515
669.000000	0.398006
670.000000	0.507479
671.000000	0.552287
672.000000	0.515626
673.000000	0.430594
674.000000	0.321630
675.000000	0.232015
676.000000	0.185171
677.000000	0.209611
678.000000	0.297699
679.000000	0.419901
680.000000	0.522755
681.000000	0.541594
682.000000	0.486094
683.000000	0.370511
684.000000	0.256965
685.000000	0.199428
686.000000	0.236598
687.000000	0.365928
688.000000	0.486094
689.000000	0.560943
690.000000	0.560943
691.000000	0.498314
692.000000	0.415318
693.000000	0.331304
694.000000	0.243726
695.000000	0.190772
696.000000	0.220304
697.000000	0.335378
698.000000	0.470819
699.000000	0.552287
700.000000	0.576727
701.000000	0.524282
702.000000	0.419392
703.000000	0.305336
704.000000	0.218267
705.000000	0.197391
706.000000	0.278350
707.000000	0.380185
708.000000	0.478456
709.000000	0.555342
710.000000	0.576727
711.000000	0.548723
712.000000	0.452488
713.000000	0.308391
714.000000	0.219286
715.000000	0.191281
716.000000	0.245254
717.000000	0.363892
718.000000	0.482020
719.000000	0.558397
720.000000	0.578764
721.000000	0.528355
722.000000	0.431612
723.000000	0.322648
724.000000	0.229469
725.000000	0.192808
726.000000	0.228960
727.000000	0.321630
728.000000	0.449942
729.000000	0.542612
730.000000	0.561961
731.000000	0.492204
732.000000	0.374075
733.000000	0.263584
734.000000	0.196882
735.000000	0.199937
736.000000	0.274786
737.000000	0.401571
738.000000	0.514608
739.000000	0.566544
740.000000	0.535484
741.000000	0.427029
742.000000	0.289043
743.000000	0.221322
744.000000	0.250855
745.000000	0.340470
746.000000	0.460126
747.000000	0.548213
748.000000	0.587929
749.000000	0.567053
750.000000	0.477947
751.000000	0.352690
752.000000	0.241180
753.000000	0.216740
754.000000	0.289043
755.000000	0.395970
756.000000	0.506970
757.000000	0.573672
758.000000	0.595567
759.000000	0.499332
760.000000	0.344543
761.000000	0.240671
762.000000	0.190263
763.000000	0.218776
764.000000	0.309410
765.000000	0.451470
766.000000	0.529374
767.000000	0.525300
768.000000	0.454016
769.000000	0.330795
770.000000	0.229469
771.000000	0.192299
772.000000	0.222850
773.000000	0.268676
774.000000	0.316029
775.000000	0.376112
776.000000	0.457580
777.000000	0.541085
778.000000	0.583856
779.000000	0.581819
780.000000	0.528355
781.000000	0.419901
782.000000	0.303809
783.000000	0.216231
784.000000	0.187717
785.000000	0.221322
786.000000	0.317557
787.000000	0.444341
788.000000	0.535993
789.000000	0.539048
790.000000	0.460635
791.000000	0.337924
792.000000	0.234561
793.000000	0.202483
794.000000	0.259001
795.000000	0.389860
796.000000	0.508498
797.000000	0.565525
798.000000	0.564507
799.000000	0.530392
800.000000	0.451470
801.000000	0.331304
802.000000	0.230997
803.000000	0.205029
804.000000	0.271222
805.000000	0.387823
806.000000	0.499842
807.000000	0.556360
808.000000	0.523773
809.000000	0.420410
810.000000	0.304827
811.000000	0.224887
812.000000	0.177024
813.000000	0.187208
814.000000	0.252382
815.000000	0.358291
816.000000	0.478965
817.000000	0.554833
818.000000	0.565525
819.000000	0.505443
820.000000	0.405135
821.000000	0.308901
822.000000	0.218267
823.000000	0.191790
824.000000	0.189753
825.000000	0.222341
826.000000	0.328758
827.000000	0.439250
828.000000	0.527846
829.000000	0.578764
830.000000	0.571635
831.000000	0.506461
832.000000	0.406662
833.000000	0.285479
834.000000	0.214194
835.000000	0.249836
836.000000	0.359818
837.000000	0.478965
838.000000	0.555342
839.000000	0.566034
840.000000	0.502897
841.000000	0.370002
842.000000	0.250855
843.000000	0.207575
844.000000	0.252891
845.000000	0.336905
846.000000	0.447396
847.000000	0.535993
848.000000	0.572145
849.000000	0.505443
850.000000	0.373057
851.000000	0.261038
852.000000	0.200955
853.000000	0.196373
854.000000	0.254928
855.000000	0.356763
856.000000	0.465218
857.000000	0.547195
858.000000	0.555342
859.000000	0.480493
860.000000	0.361346
861.000000	0.251364
862.000000	0.189753
863.000000	0.177533
864.000000	0.209102
865.000000	0.301263
866.000000	0.422447
867.000000	0.522755
868.000000	0.560434
869.000000	0.524791
870.000000	0.419901
871.000000	0.297190
872.000000	0.212157
873.000000	0.184662
874.000000	0.217758
875.000000	0.305846
876.000000	0.424484
877.000000	0.526828
878.000000	0.554833
879.000000	0.482530
880.000000	0.355236
881.000000	0.252891
882.000000	0.189244
883.000000	0.179061
884.000000	0.230997
885.000000	0.343525
886.000000	0.475401
887.000000	0.543631
888.000000	0.523773
889.000000	0.452997
890.000000	0.352690
891.000000	0.249836
892.000000	0.194336
893.000000	0.226923
894.000000	0.313992
895.000000	0.408699
896.000000	0.502387
897.000000	0.566034
898.000000	0.571126
899.000000	0.511043
900.000000	0.405135
901.000000	0.289043
902.000000	0.207065
903.000000	0.193318
904.000000	0.252891
905.000000	0.371020
906.000000	0.490167
907.000000	0.557888
908.000000	0.560434
909.000000	0.510534
910.000000	0.422956
911.000000	0.308901
912.000000	0.217249
913.000000	0.177533
914.000000	0.194845
915.000000	0.282423
916.000000	0.417864
917.000000	0.522755
918.000000	0.570617
919.000000	0.573163
920.000000	0.477947
921.000000	0.351671
922.000000	0.244235
923.000000	0.195864
924.000000	0.218776
925.000000	0.305336
926.000000	0.432630
927.000000	0.531920
928.000000	0.564507
929.000000	0.515626
930.000000	0.414300
931.000000	0.331304
932.000000	0.250345
933.000000	0.188226
934.000000	0.170405
935.000000	0.230997
936.000000	0.355236
937.000000	0.471837
938.000000	0.548723
939.000000	0.552287
940.000000	0.506970
941.000000	0.405135
942.000000	0.297699
943.000000	0.210630
944.000000	0.187717
945.000000	0.249836
946.000000	0.390369
947.000000	0.509007
948.000000	0.549741
949.000000	0.499332
950.000000	0.401061
951.000000	0.309919
952.000000	0.229469
953.000000	0.177533
954.000000	0.192299
955.000000	0.230487
956.000000	0.283951
957.000000	0.358291
958.000000	0.438740
959.000000	0.522755
960.000000	0.577236
961.000000	0.599131
962.000000	0.587420
963.000000	0.524282
964.000000	0.441796
965.000000	0.337924
966.000000	0.251873
967.000000	0.193827
968.000000	0.159203
969.000000	0.163276
970.000000	0.202483
971.000000	0.294135
972.000000	0.396988
973.000000	0.497805
974.000000	0.563998
975.000000	0.589966
976.000000	0.575709
977.000000	0.507988
978.000000	0.401061
979.000000	0.285479
980.000000	0.205029
981.000000	0.180079
982.000000	0.210630
983.000000	0.286497
984.000000	0.387314
985.000000	0.488640
986.000000	0.559415
987.000000	0.572654
988.000000	0.509516
989.000000	0.403607
990.000000	0.287006
991.000000	0.207065
992.000000	0.196882
993.000000	0.250855
994.000000	0.357272
995.000000	0.476420
996.000000	0.552796
997.000000	0.575709
998.000000	0.548213
999.000000	0.450961
1000.000000	0.329268
1001.000000	0.237616
1002.000000	0.179570
1003.000000	0.164804
1004.000000	0.174987
1005.000000	0.195864
1006.000000	0.226414
1007.000000	0.299226
1008.000000	0.414300
1009.000000	0.518172
1010.000000	0.574181
1011.000000	0.570108
1012.000000	0.518172
1013.000000	0.420410
1014.000000	0.310937
1015.000000	0.220813
1016.000000	0.185680
1017.000000	0.208084
1018.000000	0.278350
1019.000000	0.389860
1020.000000	0.486094
1021.000000	0.559924
1022.000000	0.589966
1023.000000	0.577236
1024.000000	0.494750
1025.000000	0.418373
1026.000000	0.359818
1027.000000	0.262566
1028.000000	0.192808
1029.000000	0.177533
1030.000000	0.215721
1031.000000	0.293116
1032.000000	0.394951
1033.000000	0.492204
1034.000000	0.558906
1035.000000	0.594548
1036.000000	0.601677
1037.000000	0.559415
1038.000000	0.457580
1039.000000	0.335887
1040.000000	0.229978
1041.000000	0.201974
1042.000000	0.227942
1043.000000	0.281914
1044.000000	0.370002
1045.000000	0.465218
1046.000000	0.545158
1047.000000	0.576218
1048.000000	0.555851
1049.000000	0.472855
1050.000000	0.347598
1051.000000	0.239143
1052.000000	0.194336
1053.000000	0.207575
1054.000000	0.257474
1055.000000	0.319084
1056.000000	0.375603
1057.000000	0.439759
1058.000000	0.507988
1059.000000	0.569599
1060.000000	0.592002
1061.000000	0.569599
1062.000000	0.501369
1063.000000	0.395461
1064.000000	0.287515
1065.000000	0.207065
1066.000000	0.176006
1067.000000	0.208593
1068.000000	0.283442
1069.000000	0.396988
1070.000000	0.498314
1071.000000	0.562470
1072.000000	0.598622
1073.000000	0.603204
1074.000000	0.573672
1075.000000	0.474383
1076.000000	0.349635
1077.000000	0.252382
1078.000000	0.190772
1079.000000	0.158185
1080.000000	0.170914
1081.000000	0.223359
1082.000000	0.293625
1083.000000	0.382731
1084.000000	0.484566
1085.000000	0.556360
1086.000000	0.575709
1087.000000	0.528865
1088.000000	0.450961
1089.000000	0.367965
1090.000000	0.278350
1091.000000	0.206047
1092.000000	0.164295
1093.000000	0.170914
1094.000000	0.228451
1095.000000	0.328249
1096.000000	0.445360
1097.000000	0.537521
1098.000000	0.568580
1099.000000	0.533956
1100.000000	0.451470
1101.000000	0.354726
1102.000000	0.256455
1103.000000	0.189753
1104.000000	0.156148
1105.000000	0.158185
1106.000000	0.217758
1107.000000	0.308391
1108.000000	0.397497
1109.000000	0.487112
1110.000000	0.555851
1111.000000	0.592512
1112.000000	0.585383
1113.000000	0.527337
1114.000000	0.440777
1115.000000	0.353708
1116.000000	0.263584
1117.000000	0.195354
1118.000000	0.164295
1119.000000	0.178552
1120.000000	0.229469
1121.000000	0.306355
1122.000000	0.385277
1123.000000	0.464708
1124.000000	0.529883
1125.000000	0.579273
1126.000000	0.591493
1127.000000	0.549232
1128.000000	0.449942
1129.000000	0.331304
1130.000000	0.234561
1131.000000	0.178042
1132.000000	0.153093
1133.000000	0.169896
1134.000000	0.232524
1135.000000	0.327231
1136.000000	0.422956
1137.000000	0.511553
1138.000000	0.571126
1139.000000	0.595567
1140.000000	0.565016
1141.000000	0.490167
1142.000000	0.381713
1143.000000	0.280387
1144.000000	0.204520
1145.000000	0.167350
1146.000000	0.186698
1147.000000	0.250855
1148.000000	0.341997
1149.000000	0.433649
1150.000000	0.517663
1151.000000	0.573672
1152.000000	0.567562
1153.000000	0.482530
1154.000000	0.379676
1155.000000	0.277841
1156.000000	0.208084
1157.000000	0.164804
1158.000000	0.171932
1159.000000	0.236088
1160.000000	0.333850
1161.000000	0.431103
1162.000000	0.507479
1163.000000	0.570108
1164.000000	0.584874
1165.000000	0.555851
1166.000000	0.486603
1167.000000	0.381713
1168.000000	0.286497
1169.000000	0.211648
1170.000000	0.173460
1171.000000	0.194336
1172.000000	0.254419
1173.000000	0.339960
1174.000000	0.424993
1175.000000	0.507479
1176.000000	0.566544
1177.000000	0.600149
1178.000000	0.601677
1179.000000	0.546686
1180.000000	0.407681
1181.000000	0.287006
1182.000000	0.209102
1183.000000	0.167350
1184.000000	0.162258
1185.000000	0.210630
1186.000000	0.306355
1187.000000	0.433649
1188.000000	0.532429
1189.000000	0.571635
1190.000000	0.553305
1191.000000	0.492713
1192.000000	0.412263
1193.000000	0.334359
1194.000000	0.245763
1195.000000	0.184662
1196.000000	0.187208
1197.000000	0.252382
1198.000000	0.341997
1199.000000	0.433140
1200.000000	0.521227
1201.000000	0.576218
1202.000000	0.601168
1203.000000	0.596076
1204.000000	0.530901
1205.000000	0.396479
1206.000000	0.267657
1207.000000	0.197900
1208.000000	0.194845
1209.000000	0.241180
1210.000000	0.264602
1211.000000	0.271222
1212.000000	0.304827
1213.000000	0.349635
1214.000000	0.410227
1215.000000	0.464199
1216.000000	0.504933
1217.000000	0.533956
1218.000000	0.574181
1219.000000	0.599640
1220.000000	0.578255
1221.000000	0.515626
1222.000000	0.431612
1223.000000	0.328758
1224.000000	0.234052
1225.000000	0.182625
1226.000000	0.194336
1227.000000	0.262056
1228.000000	0.366437
1229.000000	0.471328
1230.000000	0.550250
1231.000000	0.590475
1232.000000	0.580801
1233.000000	0.504424
1234.000000	0.392405
1235.000000	0.278859
1236.000000	0.201464
1237.000000	0.173969
1238.000000	0.209102
1239.000000	0.280896
1240.000000	0.380694
1241.000000	0.492204
1242.000000	0.561961
1243.000000	0.569090
1244.000000	0.534975
1245.000000	0.456562
1246.000000	0.348107
1247.000000	0.265621
1248.000000	0.206556
1249.000000	0.164295
1250.000000	0.199428
1251.000000	0.318066
1252.000000	0.419901
1253.000000	0.502387
1254.000000	0.563998
1255.000000	0.590475
1256.000000	0.566544
1257.000000	0.500860
1258.000000	0.407172
1259.000000	0.318575
1260.000000	0.246272
1261.000000	0.192808
1262.000000	0.155639
1263.000000	0.151056
1264.000000	0.207065
1265.000000	0.291589
1266.000000	0.368474
1267.000000	0.419901
1268.000000	0.481511
1269.000000	0.542103
1270.000000	0.585383
1271.000000	0.601677
1272.000000	0.575709
1273.000000	0.478965
1274.000000	0.331304
1275.000000	0.225905
1276.000000	0.180588
1277.000000	0.189753
1278.000000	0.241689
1279.000000	0.345561
1280.000000	0.462163
1281.000000	0.547704
1282.000000	0.579273
1283.000000	0.560434
1284.000000	0.498314
1285.000000	0.409717
1286.000000	0.326213
1287.000000	0.237616
1288.000000	0.179570
1289.000000	0.173460
1290.000000	0.207575
1291.000000	0.293116
1292.000000	0.414300
1293.000000	0.519190
1294.000000	0.566544
1295.000000	0.558906
1296.000000	0.493222
1297.000000	0.393933
1298.000000	0.291589
1299.000000	0.208593
1300.000000	0.162767
1301.000000	0.141382
1302.000000	0.160730
1303.000000	0.259511
1304.000000	0.390369
1305.000000	0.493732
1306.000000	0.562470
1307.000000	0.596585
1308.000000	0.609824
1309.000000	0.589966
1310.000000	0.526828
1311.000000	0.417355
1312.000000	0.303809
1313.000000	0.220304
1314.000000	0.170405
1315.000000	0.144437
1316.000000	0.139854
1317.000000	0.184152
1318.000000	0.230997
1319.000000	0.297699
1320.000000	0.408699
1321.000000	0.508498
1322.000000	0.572145
1323.000000	0.584874
1324.000000	0.567053
1325.000000	0.542612
1326.000000	0.483039
1327.000000	0.387314
1328.000000	0.280896
1329.000000	0.201974
1330.000000	0.185680
1331.000000	0.225396
1332.000000	0.339451
1333.000000	0.468782
1334.000000	0.550250
1335.000000	0.569090
1336.000000	0.505443
1337.000000	0.413791
1338.000000	0.316538
1339.000000	0.230487
1340.000000	0.174478
1341.000000	0.153602
1342.000000	0.178552
1343.000000	0.260529
1344.000000	0.377130
1345.000000	0.458598
1346.000000	0.517154
1347.000000	0.563489
1348.000000	0.597603
1349.000000	0.592002
1350.000000	0.541085
1351.000000	0.480493
1352.000000	0.389350
1353.000000	0.315011
1354.000000	0.241689
1355.000000	0.183643
1356.000000	0.156148
1357.000000	0.177024
1358.000000	0.251364
1359.000000	0.350653
1360.000000	0.441286
1361.000000	0.521227
1362.000000	0.577236
1363.000000	0.588438
1364.000000	0.550250
1365.000000	0.465727
1366.000000	0.360327
1367.000000	0.260020
1368.000000	0.191281
1369.000000	0.163276
1370.000000	0.176006
1371.000000	0.221322
1372.000000	0.336396
1373.000000	0.458089
1374.000000	0.544649
1375.000000	0.575709
1376.000000	0.561452
1377.000000	0.525300
1378.000000	0.468782
1379.000000	0.386295
1380.000000	0.291589
1381.000000	0.216231
1382.000000	0.168368
1383.000000	0.172441
1384.000000	0.207065
1385.000000	0.269185
1386.000000	0.357272
1387.000000	0.457580
1388.000000	0.541594
1389.000000	0.582328
1390.000000	0.553814
1391.000000	0.493222
1392.000000	0.403098
1393.000000	0.299226
1394.000000	0.217758
1395.000000	0.168877
1396.000000	0.166840
1397.000000	0.206047
1398.000000	0.264602
1399.000000	0.336396
1400.000000	0.420919
1401.000000	0.505443
1402.000000	0.568071
1403.000000	0.593530
1404.000000	0.575709
1405.000000	0.511043
1406.000000	0.418373
1407.000000	0.312974
1408.000000	0.225905
1409.000000	0.173969
1410.000000	0.161749
1411.000000	0.203501
1412.000000	0.277332
1413.000000	0.370002
1414.000000	0.466236
1415.000000	0.548213
1416.000000	0.586402
1417.000000	0.583346
1418.000000	0.531920
1419.000000	0.459108
1420.000000	0.369493
1421.000000	0.282423
1422.000000	0.204010
1423.000000	0.168368
1424.000000	0.179570
1425.000000	0.227942
1426.000000	0.304827
1427.000000	0.405644
1428.000000	0.502897
1429.000000	0.569599
1430.000000	0.581310
1431.000000	0.518172
1432.000000	0.416846
1433.000000	0.298717
1434.000000	0.214194
1435.000000	0.173969
1436.000000	0.205029
1437.000000	0.281405
1438.000000	0.367965
1439.000000	0.455543
1440.000000	0.541085
1441.000000	0.574690
1442.000000	0.545667
1443.000000	0.465218
1444.000000	0.353199
1445.000000	0.247799
1446.000000	0.183643
1447.000000	0.164804
1448.000000	0.184662
1449.000000	0.250855
1450.000000	0.339451
1451.000000	0.443832
1452.000000	0.535484
1453.000000	0.576727
1454.000000	0.542612
1455.000000	0.456052
1456.000000	0.370002
1457.000000	0.289043
1458.000000	0.217758
1459.000000	0.169386
1460.000000	0.186698
1461.000000	0.279368
1462.000000	0.391387
1463.000000	0.500351
1464.000000	0.569090
1465.000000	0.587929
1466.000000	0.555342
1467.000000	0.496787
1468.000000	0.430084
1469.000000	0.335887
1470.000000	0.239653
1471.000000	0.179570
1472.000000	0.168877
1473.000000	0.219795
1474.000000	0.304827
1475.000000	0.407172
1476.000000	0.498314
1477.000000	0.563489
1478.000000	0.599640
1479.000000	0.605241
1480.000000	0.595058
1481.000000	0.586402
1482.000000	0.504424
1483.000000	0.377130
1484.000000	0.278859
1485.000000	0.210120
1486.000000	0.164804
1487.000000	0.149019
1488.000000	0.168368
1489.000000	0.226414
1490.000000	0.312465
1491.000000	0.424484
1492.000000	0.519190
1493.000000	0.576727
1494.000000	0.587929
1495.000000	0.545158
1496.000000	0.453507
1497.000000	0.322648
1498.000000	0.222341
1499.000000	0.178552
1500.000000	0.184662
1501.000000	0.227432
1502.000000	0.282423
1503.000000	0.319593
1504.000000	0.383240
1505.000000	0.481002
1506.000000	0.555342
1507.000000	0.579782
1508.000000	0.507988
1509.000000	0.395461
1510.000000	0.287515
1511.000000	0.206556
1512.000000	0.172441
1513.000000	0.189753
1514.000000	0.234052
1515.000000	0.284969
1516.000000	0.388332
1517.000000	0.503915
1518.000000	0.569599
1519.000000	0.586911
1520.000000	0.568580
1521.000000	0.519190
1522.000000	0.441286
1523.000000	0.364910
1524.000000	0.274277
1525.000000	0.197391
1526.000000	0.165822
1527.000000	0.163785
1528.000000	0.203501
1529.000000	0.274786
1530.000000	0.334869
1531.000000	0.417355
1532.000000	0.506461
1533.000000	0.569090
1534.000000	0.583346
1535.000000	0.555851
1536.000000	0.493732
1537.000000	0.395461
1538.000000	0.299226
1539.000000	0.218776
1540.000000	0.171423
1541.000000	0.167350
1542.000000	0.217758
1543.000000	0.301263
1544.000000	0.393424
1545.000000	0.498314
1546.000000	0.559415
1547.000000	0.554323
1548.000000	0.520718
1549.000000	0.454525
1550.000000	0.370002
1551.000000	0.257983
1552.000000	0.191281
1553.000000	0.178552
1554.000000	0.227942
1555.000000	0.329268
1556.000000	0.458598
1557.000000	0.544649
1558.000000	0.586911
1559.000000	0.602695
1560.000000	0.566034
1561.000000	0.476420
1562.000000	0.343525
1563.000000	0.248309
1564.000000	0.186698
1565.000000	0.168877
1566.000000	0.183643
1567.000000	0.214703
1568.000000	0.269185
1569.000000	0.336396
1570.000000	0.412263
1571.000000	0.498314
1572.000000	0.564507
1573.000000	0.600149
1574.000000	0.598113
1575.000000	0.563998
1576.000000	0.485076
1577.000000	0.364401
1578.000000	0.251364
1579.000000	0.189753
1580.000000	0.181097
1581.000000	0.216231
1582.000000	0.253910
1583.000000	0.275804
1584.000000	0.301263
1585.000000	0.397497
1586.000000	0.510534
1587.000000	0.571126
1588.000000	0.584365
1589.000000	0.528865
1590.000000	0.417864
1591.000000	0.302790
1592.000000	0.217758
1593.000000	0.178042
1594.000000	0.201974
1595.000000	0.285479
1596.000000	0.381713
1597.000000	0.469291
1598.000000	0.543631
1599.000000	0.587929
1600.000000	0.603714
1601.000000	0.583346
1602.000000	0.524282
1603.000000	0.427029
1604.000000	0.307373
1605.000000	0.222850
1606.000000	0.173969
1607.000000	0.149529
1608.000000	0.157675
1609.000000	0.268676
1610.000000	0.407172
1611.000000	0.490167
1612.000000	0.550759
1613.000000	0.587420
1614.000000	0.541594
1615.000000	0.441796
1616.000000	0.352690
1617.000000	0.306864
1618.000000	0.261547
1619.000000	0.204520
1620.000000	0.183643
1621.000000	0.254419
1622.000000	0.362873
1623.000000	0.466745
1624.000000	0.548213
1625.000000	0.582328
1626.000000	0.556869
1627.000000	0.486094
1628.000000	0.412263
1629.000000	0.349635
1630.000000	0.253400
1631.000000	0.193318
1632.000000	0.160221
1633.000000	0.154111
1634.000000	0.208084
1635.000000	0.246272
1636.000000	0.319593
1637.000000	0.387314
1638.000000	0.483548
1639.000000	0.548213
1640.000000	0.585383
1641.000000	0.549741
1642.000000	0.473874
1643.000000	0.387823
1644.000000	0.316029
1645.000000	0.233543
1646.000000	0.182625
1647.000000	0.187717
1648.000000	0.267148
1649.000000	0.378658
1650.000000	0.470309
1651.000000	0.539048
1652.000000	0.586402
1653.000000	0.603204
1654.000000	0.565016
1655.000000	0.487621
1656.000000	0.385277
1657.000000	0.276823
1658.000000	0.200955
1659.000000	0.183643
1660.000000	0.223868
1661.000000	0.283951
1662.000000	0.332832
1663.000000	0.399025
1664.000000	0.478965
1665.000000	0.550250
1666.000000	0.594039
1667.000000	0.596585
1668.000000	0.544649
1669.000000	0.439250
1670.000000	0.309410
1671.000000	0.218776
1672.000000	0.174987
1673.000000	0.179061
1674.000000	0.225396
1675.000000	0.322139
1676.000000	0.448415
1677.000000	0.539557
1678.000000	0.538030
1679.000000	0.482020
1680.000000	0.399025
1681.000000	0.303300
1682.000000	0.222341
1683.000000	0.172951
1684.000000	0.165313
1685.000000	0.210120
1686.000000	0.297699
1687.000000	0.408190
1688.000000	0.506970
1689.000000	0.569599
1690.000000	0.567053
1691.000000	0.519190
1692.000000	0.434667
1693.000000	0.336396
1694.000000	0.248818
1695.000000	0.188226
1696.000000	0.157166
1697.000000	0.157166
1698.000000	0.177024
1699.000000	0.221832
1700.000000	0.311956
1701.000000	0.407172
1702.000000	0.491186
1703.000000	0.558397
1704.000000	0.590475
1705.000000	0.566544
1706.000000	0.500860
1707.000000	0.421938
1708.000000	0.337414
1709.000000	0.259511
1710.000000	0.198919
1711.000000	0.160221
1712.000000	0.146983
1713.000000	0.158694
1714.000000	0.217758
1715.000000	0.296171
1716.000000	0.380694
1717.000000	0.473874
1718.000000	0.546177
1719.000000	0.592002
1720.000000	0.593530
1721.000000	0.551778
1722.000000	0.479984
1723.000000	0.385277
1724.000000	0.280896
1725.000000	0.206556
1726.000000	0.173969
1727.000000	0.200446
1728.000000	0.263584
1729.000000	0.380185
1730.000000	0.498314
1731.000000	0.565016
1732.000000	0.574181
1733.000000	0.528865
1734.000000	0.457071
1735.000000	0.381204
1736.000000	0.305846
1737.000000	0.239143
1738.000000	0.189244
1739.000000	0.161749
1740.000000	0.177533
1741.000000	0.241180
1742.000000	0.336905
1743.000000	0.440777
1744.000000	0.527846
1745.000000	0.582328
1746.000000	0.593021
1747.000000	0.526319
1748.000000	0.399534
1749.000000	0.288024
1750.000000	0.212157
1751.000000	0.168877
1752.000000	0.154620
1753.000000	0.171932
1754.000000	0.235579
1755.000000	0.332832
1756.000000	0.440777
1757.000000	0.525810
1758.000000	0.581819
1759.000000	0.600658
1760.000000	0.580291
1761.000000	0.522755
1762.000000	0.447396
1763.000000	0.351671
1764.000000	0.251364
1765.000000	0.193827
1766.000000	0.193827
1767.000000	0.238125
1768.000000	0.308901
1769.000000	0.406153
1770.000000	0.501369
1771.000000	0.568071
1772.000000	0.601677
1773.000000	0.603204
1774.000000	0.576727
1775.000000	0.521227
1776.000000	0.444851
1777.000000	0.355745
1778.000000	0.266130
1779.000000	0.201464
1780.000000	0.164295
1781.000000	0.160730
1782.000000	0.199428
1783.000000	0.266130
1784.000000	0.341997
1785.000000	0.436704
1786.000000	0.513589
1787.000000	0.572145
1788.000000	0.590984
1789.000000	0.551778
1790.000000	0.460635
1791.000000	0.357782
1792.000000	0.262056
1793.000000	0.197391
1794.000000	0.219286
1795.000000	0.293116
1796.000000	0.352181
1797.000000	0.406153
1798.000000	0.484057
1799.000000	0.548723
1800.000000	0.592512
1801.000000	0.587929
1802.000000	0.535993
1803.000000	0.429575
1804.000000	0.303809
1805.000000	0.220304
1806.000000	0.211648
1807.000000	0.268676
1808.000000	0.375093
1809.000000	0.491186
1810.000000	0.560434
1811.000000	0.573672
1812.000000	0.526828
1813.000000	0.452488
1814.000000	0.369493
1815.000000	0.289043
1816.000000	0.217758
1817.000000	0.173460
1818.000000	0.159203
1819.000000	0.169386
1820.000000	0.180588
1821.000000	0.207065
1822.000000	0.228960
1823.000000	0.270203
1824.000000	0.316029
1825.000000	0.425502
1826.000000	0.527337
1827.000000	0.539557
1828.000000	0.463690
1829.000000	0.359818
1830.000000	0.277841
1831.000000	0.214194
1832.000000	0.170914
1833.000000	0.157675
1834.000000	0.166331
1835.000000	0.178552
1836.000000	0.219795
1837.000000	0.298717
1838.000000	0.373057
1839.000000	0.444851
1840.000000	0.516644
1841.000000	0.575709
1842.000000	0.584874
1843.000000	0.524282
1844.000000	0.440777
1845.000000	0.366437
1846.000000	0.301772
1847.000000	0.234561
1848.000000	0.185680
1849.000000	0.166840
1850.000000	0.191790
1851.000000	0.228960
1852.000000	0.282933
1853.000000	0.372038
1854.000000	0.489149
1855.000000	0.563489
1856.000000	0.581819
1857.000000	0.550250
1858.000000	0.489149
1859.000000	0.409208
1860.000000	0.317557
1861.000000	0.231506
1862.000000	0.179570
1863.000000	0.167350
1864.000000	0.191790
1865.000000	0.247290
1866.000000	0.338942
1867.000000	0.444341
1868.000000	0.521227
1869.000000	0.577236
1870.000000	0.607787
1871.000000	0.608296
1872.000000	0.571126
1873.000000	0.496277
1874.000000	0.382731
1875.000000	0.286497
1876.000000	0.209611
1877.000000	0.173460
1878.000000	0.180588
1879.000000	0.222850
1880.000000	0.307882
1881.000000	0.420919
1882.000000	0.521227
1883.000000	0.580291
1884.000000	0.608805
1885.000000	0.619498
1886.000000	0.612879
1887.000000	0.585892
1888.000000	0.531411
1889.000000	0.452997
1890.000000	0.370511
1891.000000	0.295153
1892.000000	0.232524
1893.000000	0.181097
1894.000000	0.158185
1895.000000	0.166331
1896.000000	0.232524
1897.000000	0.349635
1898.000000	0.453507
1899.000000	0.532938
1900.000000	0.583856
1901.000000	0.611860
1902.000000	0.621535
1903.000000	0.602186
1904.000000	0.538030
1905.000000	0.455034
1906.000000	0.352690
1907.000000	0.256965
1908.000000	0.193827
1909.000000	0.177533
1910.000000	0.200955
1911.000000	0.260529
1912.000000	0.341488
1913.000000	0.432630
1914.000000	0.523264
1915.000000	0.578764
1916.000000	0.594548
1917.000000	0.580801
1918.000000	0.550250
1919.000000	0.503915
1920.000000	0.445869
1921.000000	0.340979
1922.000000	0.249836
1923.000000	0.190263
1924.000000	0.180588
1925.000000	0.242199
1926.000000	0.346580
1927.000000	0.430084
1928.000000	0.476420
1929.000000	0.511553
1930.000000	0.547704
1931.000000	0.590984
1932.000000	0.597603
1933.000000	0.547704
1934.000000	0.430594
1935.000000	0.319084
1936.000000	0.243726
1937.000000	0.187208
1938.000000	0.159203
1939.000000	0.160730
1940.000000	0.203501
1941.000000	0.264093
1942.000000	0.342506
1943.000000	0.430594
1944.000000	0.486603
1945.000000	0.544140
1946.000000	0.590984
1947.000000	0.598113
1948.000000	0.557888
1949.000000	0.482530
1950.000000	0.418373
1951.000000	0.328758
1952.000000	0.246781
1953.000000	0.189753
1954.000000	0.163276
1955.000000	0.169896
1956.000000	0.224377
1957.000000	0.320612
1958.000000	0.420410
1959.000000	0.487112
1960.000000	0.546177
1961.000000	0.590475
1962.000000	0.600658
1963.000000	0.574690
1964.000000	0.503406
1965.000000	0.405135
1966.000000	0.291079
1967.000000	0.212157
1968.000000	0.181097
1969.000000	0.181607
1970.000000	0.266130
1971.000000	0.368474
1972.000000	0.447906
1973.000000	0.513080
1974.000000	0.564507
1975.000000	0.597603
1976.000000	0.586911
1977.000000	0.569599
1978.000000	0.539557
1979.000000	0.456562
1980.000000	0.353708
1981.000000	0.259511
1982.000000	0.198409
1983.000000	0.164804
1984.000000	0.158694
1985.000000	0.165313
1986.000000	0.194336
1987.000000	0.249327
1988.000000	0.323158
1989.000000	0.417355
1990.000000	0.502897
1991.000000	0.566544
1992.000000	0.596585
1993.000000	0.593530
1994.000000	0.549232
1995.000000	0.464199
1996.000000	0.346580
1997.000000	0.252891
1998.000000	0.191790
1999.000000	0.164295
2000.000000	0.172441
2001.000000	0.209102
2002.000000	0.257474
2003.000000	0.333850
2004.000000	0.419901
2005.000000	0.491186
2006.000000	0.549232
2007.000000	0.592002
2008.000000	0.613897
2009.000000	0.621535
2010.000000	0.622044
2011.000000	0.619498
2012.000000	0.577746
2013.000000	0.477947
2014.000000	0.363382
2015.000000	0.289552
2016.000000	0.221322
2017.000000	0.177533
2018.000000	0.162767
2019.000000	0.198409
2020.000000	0.233033
2021.000000	0.298208
2022.000000	0.374075
2023.000000	0.464199
2024.000000	0.539048
2025.000000	0.587929
2026.000000	0.600149
2027.000000	0.564507
2028.000000	0.497296
2029.000000	0.395970
2030.000000	0.307373
2031.000000	0.256455
2032.000000	0.209102
2033.000000	0.173460
2034.000000	0.151565
2035.000000	0.143928
2036.000000	0.142909
2037.000000	0.168877
2038.000000	0.249836
2039.000000	0.353199
2040.000000	0.449433
2041.000000	0.530392
2042.000000	0.579782
2043.000000	0.563998
2044.000000	0.487112
2045.000000	0.392915
2046.000000	0.298717
2047.000000	0.235070
2048.000000	0.189753
2049.000000	0.159203
2050.000000	0.145964
2051.000000	0.153602
2052.000000	0.176515
2053.000000	0.210120
2054.000000	0.275295
2055.000000	0.382222
2056.000000	0.494750
2057.000000	0.562979
2058.000000	0.590475
2059.000000	0.579782
2060.000000	0.525810
2061.000000	0.478456
2062.000000	0.439759
2063.000000	0.396988
2064.000000	0.331304
2065.000000	0.238634
2066.000000	0.186698
2067.000000	0.173969
2068.000000	0.199937
2069.000000	0.262056
2070.000000	0.336396
2071.000000	0.391896
2072.000000	0.452488
2073.000000	0.520718
2074.000000	0.575709
2075.000000	0.601677
2076.000000	0.593021
2077.000000	0.564507
2078.000000	0.520209
2079.000000	0.446378
2080.000000	0.378658
2081.000000	0.325703
2082.000000	0.260529
2083.000000	0.200955
2084.000000	0.170914
2085.000000	0.186189
2086.000000	0.219795
2087.000000	0.278350
2088.000000	0.360327
2089.000000	0.446378
2090.000000	0.527846
2091.000000	0.579273
2092.000000	0.602695
2093.000000	0.585383
2094.000000	0.535484
2095.000000	0.482530
2096.000000	0.420410
2097.000000	0.336396
2098.000000	0.264602
2099.000000	0.207065
2100.000000	0.169386
2101.000000	0.159712
2102.000000	0.209611
2103.000000	0.272240
2104.000000	0.353199
2105.000000	0.441286
2106.000000	0.523264
2107.000000	0.578764
2108.000000	0.608296
2109.000000	0.615425
2110.000000	0.554833
2111.000000	0.464708
2112.000000	0.383749
2113.000000	0.300754
2114.000000	0.228960
2115.000000	0.182116
2116.000000	0.185680
2117.000000	0.227432
2118.000000	0.254419
2119.000000	0.283442
2120.000000	0.312974
2121.000000	0.382222
2122.000000	0.469291
2123.000000	0.530901
2124.000000	0.575200
2125.000000	0.605750
2126.000000	0.611860
2127.000000	0.591493
2128.000000	0.540576
2129.000000	0.467254
2130.000000	0.382222
2131.000000	0.302281
2132.000000	0.222850
2133.000000	0.178552
2134.000000	0.168877
2135.000000	0.181607
2136.000000	0.219795
2137.000000	0.283951
2138.000000	0.346070
2139.000000	0.417355
2140.000000	0.499332
2141.000000	0.562470
2142.000000	0.598622
2143.000000	0.601677
2144.000000	0.558906
2145.000000	0.488131
2146.000000	0.386295
2147.000000	0.289043
2148.000000	0.216231
2149.000000	0.174478
2150.000000	0.165313
2151.000000	0.197900
2152.000000	0.277332
2153.000000	0.372038
2154.000000	0.469800
2155.000000	0.547704
2156.000000	0.567562
2157.000000	0.586402
2158.000000	0.598622
2159.000000	0.570617
2160.000000	0.524282
2161.000000	0.461144
2162.000000	0.370002
2163.000000	0.276823
2164.000000	0.205029
2165.000000	0.182116
2166.000000	0.201974
2167.000000	0.262566
2168.000000	0.328758
2169.000000	0.395461
2170.000000	0.452997
2171.000000	0.505443
2172.000000	0.555851
2173.000000	0.593530
2174.000000	0.598113
2175.000000	0.573163
2176.000000	0.520209
2177.000000	0.423974
2178.000000	0.311446
2179.000000	0.228451
2180.000000	0.180079
2181.000000	0.156148
2182.000000	0.146983
2183.000000	0.156148
2184.000000	0.187208
2185.000000	0.252382
2186.000000	0.335887
2187.000000	0.414809
2188.000000	0.483548
2189.000000	0.543122
2190.000000	0.582328
2191.000000	0.606259
2192.000000	0.617970
2193.000000	0.603714
2194.000000	0.572654
2195.000000	0.523264
2196.000000	0.456052
2197.000000	0.379167
2198.000000	0.306864
2199.000000	0.248309
2200.000000	0.194845
2201.000000	0.163276
2202.000000	0.157166
2203.000000	0.192299
2204.000000	0.282423
2205.000000	0.384768
2206.000000	0.477438
2207.000000	0.544649
2208.000000	0.585383
2209.000000	0.607278
2210.000000	0.608296
2211.000000	0.569090
2212.000000	0.484566
2213.000000	0.381204
2214.000000	0.266130
2215.000000	0.201464
2216.000000	0.198919
2217.000000	0.216231
2218.000000	0.252382
2219.000000	0.318066
2220.000000	0.404626
2221.000000	0.493732
2222.000000	0.555851
2223.000000	0.581310
2224.000000	0.589457
2225.000000	0.578764
2226.000000	0.534466
2227.000000	0.472855
2228.000000	0.381204
2229.000000	0.290061
2230.000000	0.218776
2231.000000	0.176006
2232.000000	0.167350
2233.000000	0.191281
2234.000000	0.240162
2235.000000	0.328758
2236.000000	0.422447
2237.000000	0.497296
2238.000000	0.554323
2239.000000	0.590984
2240.000000	0.598113
2241.000000	0.588947
2242.000000	0.577746
2243.000000	0.533956
2244.000000	0.445360
2245.000000	0.333850
2246.000000	0.250345
2247.000000	0.195354
2248.000000	0.167859
2249.000000	0.179061
2250.000000	0.227942
2251.000000	0.287515
2252.000000	0.346580
2253.000000	0.432121
2254.000000	0.518172
2255.000000	0.574181
2256.000000	0.595058
2257.000000	0.591493
2258.000000	0.576727
2259.000000	0.541085
2260.000000	0.478965
2261.000000	0.404626
2262.000000	0.334359
2263.000000	0.265621
2264.000000	0.207575
2265.000000	0.177533
2266.000000	0.200955
2267.000000	0.227432
2268.000000	0.271222
2269.000000	0.352690
2270.000000	0.452488
2271.000000	0.534466
2272.000000	0.581819
2273.000000	0.603204
2274.000000	0.602186
2275.000000	0.577746
2276.000000	0.524282
2277.000000	0.446378
2278.000000	0.353199
2279.000000	0.265621
2280.000000	0.204520
2281.000000	0.173460
2282.000000	0.206556
2283.000000	0.271222
2284.000000	0.342506
2285.000000	0.420919
2286.000000	0.505952
2287.000000	0.565016
2288.000000	0.599131
2289.000000	0.611860
2290.000000	0.616443
2291.000000	0.616952
2292.000000	0.601168
2293.000000	0.559924
2294.000000	0.490676
2295.000000	0.394442
2296.000000	0.296680
2297.000000	0.220304
2298.000000	0.176006
2299.000000	0.179570
2300.000000	0.221322
2301.000000	0.301772
2302.000000	0.382731
2303.000000	0.449433
2304.000000	0.509516
2305.000000	0.559924
2306.000000	0.595567
2307.000000	0.610333
2308.000000	0.589966
2309.000000	0.521227
2310.000000	0.443323
2311.000000	0.382731
2312.000000	0.311446
2313.000000	0.241689
2314.000000	0.189244
2315.000000	0.171932
2316.000000	0.211648
2317.000000	0.299226
2318.000000	0.403607
2319.000000	0.482530
2320.000000	0.537521
2321.000000	0.580801
2322.000000	0.607278
2323.000000	0.607787
2324.000000	0.585383
2325.000000	0.570617
2326.000000	0.543631
2327.000000	0.486094
2328.000000	0.376621
2329.000000	0.280896
2330.000000	0.217758
2331.000000	0.175496
2332.000000	0.170405
2333.000000	0.197391
2334.000000	0.244744
2335.000000	0.335887
2336.000000	0.441286
2337.000000	0.518681
2338.000000	0.573163
2339.000000	0.603204
2340.000000	0.617461
2341.000000	0.607278
2342.000000	0.540067
2343.000000	0.466745
2344.000000	0.409208
2345.000000	0.336905
2346.000000	0.261038
2347.000000	0.206556
2348.000000	0.172951
2349.000000	0.153093
2350.000000	0.158185
2351.000000	0.190263
2352.000000	0.246781
2353.000000	0.337414
2354.000000	0.422447
2355.000000	0.513589
2356.000000	0.571635
2357.000000	0.600149
2358.000000	0.609824
2359.000000	0.607787
2360.000000	0.576727
2361.000000	0.498823
2362.000000	0.395970
2363.000000	0.298208
2364.000000	0.225396
2365.000000	0.179570
2366.000000	0.172441
2367.000000	0.190772
2368.000000	0.234052
2369.000000	0.333341
2370.000000	0.434158
2371.000000	0.510025
2372.000000	0.544140
2373.000000	0.533447
2374.000000	0.558397
2375.000000	0.544140
2376.000000	0.487112
2377.000000	0.415318
2378.000000	0.324176
2379.000000	0.242708
2380.000000	0.192808
2381.000000	0.162258
2382.000000	0.164295
2383.000000	0.187717
2384.000000	0.253400
2385.000000	0.323667
2386.000000	0.421429
2387.000000	0.487621
2388.000000	0.544649
2389.000000	0.586402
2390.000000	0.593530
2391.000000	0.577746
2392.000000	0.571126
2393.000000	0.535484
2394.000000	0.457580
2395.000000	0.349635
2396.000000	0.249327
2397.000000	0.190772
2398.000000	0.178552
2399.000000	0.215721
2400.000000	0.288024
2401.000000	0.379676
2402.000000	0.476420
2403.000000	0.548723
2404.000000	0.589966
2405.000000	0.605241
2406.000000	0.589966
2407.000000	0.556360
2408.000000	0.508498
2409.000000	0.460126
2410.000000	0.418883
2411.000000	0.366437
2412.000000	0.290061
2413.000000	0.211139
2414.000000	0.173969
2415.000000	0.155129
2416.000000	0.161240
2417.000000	0.223868
2418.000000	0.339960
2419.000000	0.442814
2420.000000	0.506461
2421.000000	0.559415
2422.000000	0.594548
2423.000000	0.597094
2424.000000	0.535993
2425.000000	0.437722
2426.000000	0.328249
2427.000000	0.251364
2428.000000	0.200955
2429.000000	0.170914
2430.000000	0.154111
2431.000000	0.161749
2432.000000	0.215212
2433.000000	0.276313
2434.000000	0.337414
2435.000000	0.431612
2436.000000	0.522755
2437.000000	0.575709
2438.000000	0.595058
2439.000000	0.566034
2440.000000	0.518681
2441.000000	0.451470
2442.000000	0.339960
2443.000000	0.244235
2444.000000	0.189753
2445.000000	0.167350
2446.000000	0.164295
2447.000000	0.192808
2448.000000	0.259001
2449.000000	0.335887
2450.000000	0.430084
2451.000000	0.502387
2452.000000	0.561961
2453.000000	0.581310
2454.000000	0.550250
2455.000000	0.483039
2456.000000	0.399534
2457.000000	0.331814
2458.000000	0.265621
2459.000000	0.218267
2460.000000	0.180588
2461.000000	0.155129
2462.000000	0.148510
2463.000000	0.143928
2464.000000	0.150547
2465.000000	0.153093
2466.000000	0.149019
2467.000000	0.165822
2468.000000	0.225396
2469.000000	0.300245
2470.000000	0.392405
2471.000000	0.490167
2472.000000	0.554833
2473.000000	0.592002
2474.000000	0.602186
2475.000000	0.584365
2476.000000	0.530901
2477.000000	0.436704
2478.000000	0.323667
2479.000000	0.236088
2480.000000	0.184152
2481.000000	0.176006
2482.000000	0.187208
2483.000000	0.212666
2484.000000	0.268676
2485.000000	0.366437
2486.000000	0.463181
2487.000000	0.529374
2488.000000	0.575709
2489.000000	0.602186
2490.000000	0.607787
2491.000000	0.594548
2492.000000	0.534466
2493.000000	0.435176
2494.000000	0.352181
2495.000000	0.287515
2496.000000	0.234052
2497.000000	0.186698
2498.000000	0.162767
2499.000000	0.170405
2500.000000	0.218267
2501.000000	0.279878
2502.000000	0.360327
2503.000000	0.450452
2504.000000	0.518681
2505.000000	0.571635
2506.000000	0.597094
2507.000000	0.595058
2508.000000	0.559924
2509.000000	0.490167
2510.000000	0.414300
2511.000000	0.359818
2512.000000	0.303300
2513.000000	0.246272
2514.000000	0.201974
2515.000000	0.169386
2516.000000	0.150038
2517.000000	0.151056
2518.000000	0.161240
2519.000000	0.209611
2520.000000	0.330286
2521.000000	0.445360
2522.000000	0.516135
2523.000000	0.567562
2524.000000	0.598622
2525.000000	0.604223
2526.000000	0.583856
2527.000000	0.520209
2528.000000	0.447906
2529.000000	0.368983
2530.000000	0.292098
2531.000000	0.228960
2532.000000	0.180588
2533.000000	0.165822
2534.000000	0.207575
2535.000000	0.279878
2536.000000	0.349635
2537.000000	0.413282
2538.000000	0.487621
2539.000000	0.556360
2540.000000	0.583346
2541.000000	0.572654
2542.000000	0.551778
2543.000000	0.501369
2544.000000	0.414809
2545.000000	0.290061
2546.000000	0.210120
2547.000000	0.172441
2548.000000	0.154620
2549.000000	0.146473
2550.000000	0.182116
2551.000000	0.243217
2552.000000	0.298208
2553.000000	0.377130
2554.000000	0.476420
2555.000000	0.544649
2556.000000	0.585383
2557.000000	0.604223
2558.000000	0.600658
2559.000000	0.575200
2560.000000	0.520209
2561.000000	0.422447
2562.000000	0.302790
2563.000000	0.215721
2564.000000	0.180079
2565.000000	0.174987
2566.000000	0.183643
2567.000000	0.201464
2568.000000	0.228451
2569.000000	0.272749
2570.000000	0.340979
2571.000000	0.413282
2572.000000	0.480493
2573.000000	0.548723
2574.000000	0.543631
2575.000000	0.448415
2576.000000	0.350144
2577.000000	0.287515
2578.000000	0.275804
2579.000000	0.240671
2580.000000	0.211139
2581.000000	0.174987
2582.000000	0.151056
2583.000000	0.144946
2584.000000	0.165313
2585.000000	0.208593
2586.000000	0.234052
2587.000000	0.265111
2588.000000	0.312465
2589.000000	0.343015
2590.000000	0.356254
2591.000000	0.355745
2592.000000	0.374075
2593.000000	0.390369
