0.000000	0.651576
1.000000	0.650558
2.000000	0.648012
3.000000	0.648012
4.000000	0.648521
5.000000	0.648521
6.000000	0.648012
7.000000	0.649030
8.000000	0.648521
9.000000	0.649030
10.000000	0.650049
11.000000	0.651576
12.000000	0.652085
13.000000	0.652085
14.000000	0.649539
15.000000	0.648012
16.000000	0.645975
17.000000	0.647503
18.000000	0.636301
19.000000	0.586402
20.000000	0.490676
21.000000	0.368474
22.000000	0.263075
23.000000	0.209102
24.000000	0.213685
25.000000	0.279878
26.000000	0.389350
27.000000	0.498314
28.000000	0.573672
29.000000	0.593021
30.000000	0.552796
31.000000	0.460126
32.000000	0.338433
33.000000	0.242199
34.000000	0.224377
35.000000	0.294644
36.000000	0.413282
37.000000	0.526319
38.000000	0.568580
39.000000	0.518681
40.000000	0.394951
41.000000	0.272749
42.000000	0.231506
43.000000	0.286497
44.000000	0.403607
45.000000	0.519190
46.000000	0.571635
47.000000	0.520718
48.000000	0.396988
49.000000	0.272749
50.000000	0.222850
51.000000	0.261547
52.000000	0.363892
53.000000	0.487112
54.000000	0.558906
55.000000	0.535484
56.000000	0.430084
57.000000	0.302281
58.000000	0.222850
59.000000	0.236598
60.000000	0.337414
61.000000	0.470309
62.000000	0.551778
63.000000	0.525810
64.000000	0.413791
65.000000	0.283951
66.000000	0.216231
67.000000	0.238634
68.000000	0.350144
69.000000	0.476929
70.000000	0.556869
71.000000	0.535484
72.000000	0.411754
73.000000	0.278350
74.000000	0.219795
75.000000	0.276823
76.000000	0.408699
77.000000	0.526828
78.000000	0.560943
79.000000	0.503406
80.000000	0.378658
81.000000	0.258492
82.000000	0.216231
83.000000	0.290061
84.000000	0.426011
85.000000	0.535993
86.000000	0.561961
87.000000	0.488131
88.000000	0.354726
89.000000	0.241689
90.000000	0.222341
91.000000	0.308901
92.000000	0.447396
93.000000	0.545667
94.000000	0.545158
95.000000	0.441286
96.000000	0.297699
97.000000	0.223359
98.000000	0.262566
99.000000	0.390878
100.000000	0.519699
101.000000	0.547704
102.000000	0.465727
103.000000	0.327231
104.000000	0.229469
105.000000	0.239143
106.000000	0.353199
107.000000	0.489658
108.000000	0.559415
109.000000	0.521227
110.000000	0.396479
111.000000	0.265621
112.000000	0.226414
113.000000	0.304827
114.000000	0.446887
115.000000	0.549741
116.000000	0.548723
117.000000	0.445360
118.000000	0.304827
119.000000	0.225396
120.000000	0.261547
121.000000	0.389350
122.000000	0.519699
123.000000	0.557379
124.000000	0.472855
125.000000	0.336905
126.000000	0.234052
127.000000	0.241180
128.000000	0.353708
129.000000	0.491695
130.000000	0.561961
131.000000	0.519190
132.000000	0.389860
133.000000	0.263584
134.000000	0.217249
135.000000	0.297190
136.000000	0.452488
137.000000	0.546686
138.000000	0.534466
139.000000	0.424993
140.000000	0.287006
141.000000	0.230487
142.000000	0.301772
143.000000	0.429575
144.000000	0.540576
145.000000	0.566034
146.000000	0.479984
147.000000	0.337924
148.000000	0.238125
149.000000	0.256455
150.000000	0.380185
151.000000	0.511043
152.000000	0.559924
153.000000	0.485076
154.000000	0.346580
155.000000	0.240162
156.000000	0.242199
157.000000	0.341997
158.000000	0.479475
159.000000	0.559415
160.000000	0.528355
161.000000	0.411245
162.000000	0.282933
163.000000	0.221322
164.000000	0.276313
165.000000	0.414809
166.000000	0.529883
167.000000	0.537521
168.000000	0.423465
169.000000	0.283951
170.000000	0.227942
171.000000	0.301263
172.000000	0.439250
173.000000	0.542103
174.000000	0.528355
175.000000	0.402589
176.000000	0.271731
177.000000	0.220304
178.000000	0.278859
179.000000	0.417355
180.000000	0.531920
181.000000	0.529374
182.000000	0.414809
183.000000	0.277332
184.000000	0.229978
185.000000	0.306864
186.000000	0.447396
187.000000	0.543122
188.000000	0.513589
189.000000	0.380694
190.000000	0.254419
191.000000	0.227432
192.000000	0.315011
193.000000	0.456562
194.000000	0.544649
195.000000	0.506970
196.000000	0.373057
197.000000	0.250345
198.000000	0.239653
199.000000	0.346580
200.000000	0.486603
201.000000	0.546177
202.000000	0.478965
203.000000	0.338433
204.000000	0.229978
205.000000	0.201464
206.000000	0.271222
207.000000	0.403607
208.000000	0.521736
209.000000	0.556869
210.000000	0.473874
211.000000	0.329268
212.000000	0.228960
213.000000	0.247290
214.000000	0.368983
215.000000	0.503915
216.000000	0.554833
217.000000	0.472346
218.000000	0.323158
219.000000	0.232524
220.000000	0.281405
221.000000	0.415828
222.000000	0.531920
223.000000	0.549741
224.000000	0.451979
225.000000	0.304827
226.000000	0.226923
227.000000	0.284969
228.000000	0.434158
229.000000	0.539048
230.000000	0.510025
231.000000	0.371020
232.000000	0.247290
233.000000	0.234052
234.000000	0.336396
235.000000	0.476420
236.000000	0.555851
237.000000	0.508498
238.000000	0.375603
239.000000	0.256965
240.000000	0.234561
241.000000	0.333850
242.000000	0.481511
243.000000	0.549232
244.000000	0.489658
245.000000	0.366437
246.000000	0.248309
247.000000	0.212157
248.000000	0.277841
249.000000	0.424484
250.000000	0.537011
251.000000	0.555342
252.000000	0.462163
253.000000	0.317557
254.000000	0.227942
255.000000	0.264093
256.000000	0.385277
257.000000	0.510025
258.000000	0.570617
259.000000	0.527337
260.000000	0.393424
261.000000	0.262566
262.000000	0.212666
263.000000	0.271731
264.000000	0.386805
265.000000	0.512062
266.000000	0.562470
267.000000	0.474383
268.000000	0.320102
269.000000	0.228451
270.000000	0.236598
271.000000	0.326213
272.000000	0.457580
273.000000	0.556869
274.000000	0.559415
275.000000	0.460126
276.000000	0.322648
277.000000	0.225905
278.000000	0.230997
279.000000	0.346580
280.000000	0.485076
281.000000	0.557888
282.000000	0.503406
283.000000	0.364910
284.000000	0.247290
285.000000	0.205538
286.000000	0.251873
287.000000	0.373566
288.000000	0.504424
289.000000	0.570108
290.000000	0.531411
291.000000	0.430594
292.000000	0.316029
293.000000	0.222341
294.000000	0.213685
295.000000	0.304827
296.000000	0.434158
297.000000	0.542103
298.000000	0.596585
299.000000	0.559415
300.000000	0.434158
301.000000	0.293116
302.000000	0.218776
303.000000	0.230487
304.000000	0.321121
305.000000	0.454525
306.000000	0.553814
307.000000	0.566544
308.000000	0.484057
309.000000	0.364401
310.000000	0.251873
311.000000	0.197391
312.000000	0.242708
313.000000	0.352690
314.000000	0.476929
315.000000	0.563998
316.000000	0.593021
317.000000	0.536502
318.000000	0.423974
319.000000	0.304827
320.000000	0.216740
321.000000	0.207575
322.000000	0.291589
323.000000	0.420919
324.000000	0.533956
325.000000	0.577236
326.000000	0.539048
327.000000	0.430084
328.000000	0.313992
329.000000	0.222341
330.000000	0.191790
331.000000	0.246781
332.000000	0.384768
333.000000	0.514608
334.000000	0.578764
335.000000	0.570617
336.000000	0.513589
337.000000	0.412773
338.000000	0.302790
339.000000	0.216231
340.000000	0.206047
341.000000	0.281405
342.000000	0.400043
343.000000	0.513080
344.000000	0.579273
345.000000	0.561961
346.000000	0.462672
347.000000	0.339451
348.000000	0.235579
349.000000	0.195354
350.000000	0.226414
351.000000	0.332832
352.000000	0.451470
353.000000	0.549741
354.000000	0.594039
355.000000	0.568071
356.000000	0.468273
357.000000	0.333850
358.000000	0.231506
359.000000	0.199937
360.000000	0.257983
361.000000	0.379167
362.000000	0.500351
363.000000	0.576218
364.000000	0.578255
365.000000	0.506970
366.000000	0.392405
367.000000	0.281405
368.000000	0.204010
369.000000	0.182625
370.000000	0.211648
371.000000	0.274786
372.000000	0.371020
373.000000	0.484057
374.000000	0.568071
375.000000	0.588947
376.000000	0.529883
377.000000	0.396479
378.000000	0.273767
379.000000	0.198919
380.000000	0.172441
381.000000	0.191790
382.000000	0.273767
383.000000	0.397497
384.000000	0.514608
385.000000	0.581819
386.000000	0.577746
387.000000	0.499842
388.000000	0.370002
389.000000	0.250855
390.000000	0.212666
391.000000	0.255946
392.000000	0.352690
393.000000	0.462163
394.000000	0.549741
395.000000	0.602186
396.000000	0.618989
397.000000	0.584874
398.000000	0.480493
399.000000	0.338433
400.000000	0.236598
401.000000	0.259001
402.000000	0.368983
403.000000	0.486094
404.000000	0.568580
405.000000	0.599640
406.000000	0.552287
407.000000	0.417864
408.000000	0.280896
409.000000	0.211648
410.000000	0.241180
411.000000	0.339960
412.000000	0.456562
413.000000	0.551268
414.000000	0.586911
415.000000	0.552287
416.000000	0.474383
417.000000	0.389350
418.000000	0.283442
419.000000	0.205029
420.000000	0.171932
421.000000	0.203501
422.000000	0.306864
423.000000	0.424993
424.000000	0.531920
425.000000	0.593021
426.000000	0.608296
427.000000	0.556869
428.000000	0.427029
429.000000	0.280896
430.000000	0.223359
431.000000	0.244744
432.000000	0.319593
433.000000	0.439250
434.000000	0.541085
435.000000	0.577236
436.000000	0.514099
437.000000	0.379167
438.000000	0.254928
439.000000	0.209611
440.000000	0.255946
441.000000	0.373566
442.000000	0.493732
443.000000	0.572145
444.000000	0.581819
445.000000	0.511043
446.000000	0.388841
447.000000	0.270712
448.000000	0.200446
449.000000	0.206556
450.000000	0.284969
451.000000	0.391387
452.000000	0.499842
453.000000	0.574181
454.000000	0.579273
455.000000	0.517663
456.000000	0.403607
457.000000	0.282423
458.000000	0.202483
459.000000	0.178042
460.000000	0.230487
461.000000	0.345561
462.000000	0.479475
463.000000	0.563998
464.000000	0.582328
465.000000	0.547704
466.000000	0.480493
467.000000	0.379676
468.000000	0.268676
469.000000	0.200446
470.000000	0.208593
471.000000	0.285479
472.000000	0.403607
473.000000	0.517663
474.000000	0.578764
475.000000	0.561452
476.000000	0.463690
477.000000	0.334359
478.000000	0.229469
479.000000	0.197900
480.000000	0.259001
481.000000	0.382731
482.000000	0.504933
483.000000	0.573672
484.000000	0.552796
485.000000	0.462163
486.000000	0.340979
487.000000	0.235070
488.000000	0.185680
489.000000	0.215721
490.000000	0.302281
491.000000	0.417864
492.000000	0.525810
493.000000	0.583856
494.000000	0.567053
495.000000	0.487112
496.000000	0.369493
497.000000	0.256965
498.000000	0.190772
499.000000	0.196882
500.000000	0.282423
501.000000	0.414809
502.000000	0.528355
503.000000	0.578764
504.000000	0.548723
505.000000	0.450452
506.000000	0.312465
507.000000	0.218267
508.000000	0.216740
509.000000	0.295153
510.000000	0.392405
511.000000	0.493732
512.000000	0.570108
513.000000	0.574690
514.000000	0.487621
515.000000	0.361346
516.000000	0.245763
517.000000	0.192808
518.000000	0.211648
519.000000	0.301772
520.000000	0.413282
521.000000	0.519190
522.000000	0.581310
523.000000	0.571635
524.000000	0.507479
525.000000	0.413282
526.000000	0.304827
527.000000	0.213685
528.000000	0.173969
529.000000	0.199937
530.000000	0.288534
531.000000	0.419901
532.000000	0.533447
533.000000	0.566034
534.000000	0.521227
535.000000	0.414809
536.000000	0.303809
537.000000	0.220304
538.000000	0.173460
539.000000	0.198409
540.000000	0.292098
541.000000	0.401571
542.000000	0.519699
543.000000	0.571635
544.000000	0.533956
545.000000	0.419392
546.000000	0.286497
547.000000	0.204520
548.000000	0.197900
549.000000	0.275804
550.000000	0.399534
551.000000	0.511553
552.000000	0.577746
553.000000	0.567562
554.000000	0.483039
555.000000	0.361346
556.000000	0.245763
557.000000	0.191281
558.000000	0.215212
559.000000	0.321630
560.000000	0.455543
561.000000	0.552287
562.000000	0.571635
563.000000	0.510534
564.000000	0.407172
565.000000	0.295662
566.000000	0.208084
567.000000	0.187208
568.000000	0.250855
569.000000	0.364401
570.000000	0.484057
571.000000	0.568071
572.000000	0.579782
573.000000	0.511553
574.000000	0.394442
575.000000	0.275804
576.000000	0.197900
577.000000	0.188735
578.000000	0.243726
579.000000	0.349635
580.000000	0.471837
581.000000	0.559924
582.000000	0.569090
583.000000	0.487112
584.000000	0.358800
585.000000	0.244235
586.000000	0.189753
587.000000	0.216231
588.000000	0.305336
589.000000	0.385786
590.000000	0.484566
591.000000	0.567053
592.000000	0.593530
593.000000	0.550759
594.000000	0.434158
595.000000	0.299735
596.000000	0.209611
597.000000	0.200955
598.000000	0.275804
599.000000	0.395970
600.000000	0.512062
601.000000	0.569090
602.000000	0.544649
603.000000	0.452488
604.000000	0.331814
605.000000	0.233543
606.000000	0.180079
607.000000	0.201464
608.000000	0.280387
609.000000	0.405644
610.000000	0.523264
611.000000	0.577746
612.000000	0.564507
613.000000	0.484057
614.000000	0.366437
615.000000	0.249836
616.000000	0.190263
617.000000	0.210120
618.000000	0.309919
619.000000	0.439759
620.000000	0.544649
621.000000	0.578764
622.000000	0.526828
623.000000	0.412263
624.000000	0.284460
625.000000	0.202483
626.000000	0.206556
627.000000	0.281914
628.000000	0.411245
629.000000	0.522755
630.000000	0.581310
631.000000	0.572145
632.000000	0.492713
633.000000	0.379676
634.000000	0.259001
635.000000	0.189244
636.000000	0.186189
637.000000	0.259511
638.000000	0.381204
639.000000	0.505952
640.000000	0.573672
641.000000	0.559415
642.000000	0.468273
643.000000	0.348107
644.000000	0.240671
645.000000	0.179570
646.000000	0.191281
647.000000	0.275804
648.000000	0.393424
649.000000	0.504933
650.000000	0.573163
651.000000	0.568071
652.000000	0.493222
653.000000	0.360327
654.000000	0.244744
655.000000	0.185171
656.000000	0.199428
657.000000	0.289552
658.000000	0.408699
659.000000	0.522245
660.000000	0.577746
661.000000	0.555851
662.000000	0.464708
663.000000	0.338433
664.000000	0.237107
665.000000	0.186698
666.000000	0.218267
667.000000	0.317557
668.000000	0.442814
669.000000	0.545667
670.000000	0.576727
671.000000	0.536502
672.000000	0.445869
673.000000	0.328249
674.000000	0.224887
675.000000	0.185680
676.000000	0.227432
677.000000	0.329268
678.000000	0.461653
679.000000	0.556360
680.000000	0.583346
681.000000	0.544649
682.000000	0.449433
683.000000	0.315520
684.000000	0.218267
685.000000	0.211648
686.000000	0.278350
687.000000	0.387823
688.000000	0.498314
689.000000	0.571635
690.000000	0.580801
691.000000	0.500351
692.000000	0.367456
693.000000	0.247799
694.000000	0.199428
695.000000	0.242199
696.000000	0.343525
697.000000	0.465218
698.000000	0.556360
699.000000	0.596585
700.000000	0.571635
701.000000	0.472855
702.000000	0.325194
703.000000	0.222341
704.000000	0.193318
705.000000	0.276823
706.000000	0.420919
707.000000	0.532938
708.000000	0.559415
709.000000	0.477438
710.000000	0.348107
711.000000	0.238634
712.000000	0.182625
713.000000	0.181607
714.000000	0.244235
715.000000	0.349126
716.000000	0.465727
717.000000	0.555851
718.000000	0.588438
719.000000	0.540576
720.000000	0.422956
721.000000	0.304827
722.000000	0.211648
723.000000	0.188735
724.000000	0.242708
725.000000	0.352690
726.000000	0.468273
727.000000	0.558397
728.000000	0.586402
729.000000	0.531411
730.000000	0.422956
731.000000	0.308901
732.000000	0.214194
733.000000	0.187208
734.000000	0.237107
735.000000	0.348616
736.000000	0.476420
737.000000	0.563998
738.000000	0.577746
739.000000	0.523773
740.000000	0.448415
741.000000	0.346580
742.000000	0.243217
743.000000	0.183643
744.000000	0.193827
745.000000	0.280896
746.000000	0.412773
747.000000	0.528865
748.000000	0.579273
749.000000	0.545667
750.000000	0.449942
751.000000	0.326213
752.000000	0.226923
753.000000	0.174478
754.000000	0.181607
755.000000	0.257474
756.000000	0.376112
757.000000	0.496787
758.000000	0.571635
759.000000	0.568580
760.000000	0.473364
761.000000	0.336905
762.000000	0.229978
763.000000	0.187717
764.000000	0.217758
765.000000	0.312465
766.000000	0.443832
767.000000	0.546177
768.000000	0.590984
769.000000	0.578764
770.000000	0.498823
771.000000	0.376112
772.000000	0.259001
773.000000	0.189244
774.000000	0.191281
775.000000	0.272240
776.000000	0.395970
777.000000	0.511043
778.000000	0.577746
779.000000	0.573672
780.000000	0.494241
781.000000	0.368983
782.000000	0.253400
783.000000	0.194336
784.000000	0.217249
785.000000	0.302790
786.000000	0.422447
787.000000	0.529883
788.000000	0.588438
789.000000	0.585892
790.000000	0.514099
791.000000	0.383749
792.000000	0.257983
793.000000	0.200446
794.000000	0.227432
795.000000	0.321121
796.000000	0.448924
797.000000	0.549232
798.000000	0.585383
799.000000	0.551778
800.000000	0.453507
801.000000	0.327740
802.000000	0.226414
803.000000	0.182116
804.000000	0.216740
805.000000	0.316538
806.000000	0.439759
807.000000	0.539048
808.000000	0.587420
809.000000	0.553814
810.000000	0.447906
811.000000	0.313483
812.000000	0.216231
813.000000	0.176006
814.000000	0.198409
815.000000	0.300245
816.000000	0.445869
817.000000	0.548723
818.000000	0.573163
819.000000	0.519190
820.000000	0.414300
821.000000	0.289552
822.000000	0.206047
823.000000	0.206047
824.000000	0.290570
825.000000	0.419392
826.000000	0.531411
827.000000	0.582328
828.000000	0.548213
829.000000	0.439759
830.000000	0.313992
831.000000	0.216231
832.000000	0.185171
833.000000	0.234052
834.000000	0.349126
835.000000	0.479475
836.000000	0.565525
837.000000	0.566034
838.000000	0.491695
839.000000	0.373566
840.000000	0.255946
841.000000	0.189244
842.000000	0.192299
843.000000	0.275804
844.000000	0.406153
845.000000	0.525810
846.000000	0.580801
847.000000	0.551778
848.000000	0.458089
849.000000	0.333341
850.000000	0.227432
851.000000	0.186189
852.000000	0.222341
853.000000	0.327740
854.000000	0.461653
855.000000	0.559415
856.000000	0.593021
857.000000	0.552796
858.000000	0.449433
859.000000	0.329268
860.000000	0.224887
861.000000	0.186189
862.000000	0.224377
863.000000	0.325194
864.000000	0.442814
865.000000	0.544140
866.000000	0.588947
867.000000	0.557379
868.000000	0.450452
869.000000	0.321121
870.000000	0.221322
871.000000	0.186189
872.000000	0.226923
873.000000	0.323158
874.000000	0.440777
875.000000	0.529883
876.000000	0.592512
877.000000	0.606769
878.000000	0.564507
879.000000	0.468273
880.000000	0.341997
881.000000	0.234561
882.000000	0.185680
883.000000	0.217758
884.000000	0.325194
885.000000	0.455034
886.000000	0.552287
887.000000	0.574690
888.000000	0.505443
889.000000	0.380185
890.000000	0.262566
891.000000	0.192808
892.000000	0.191790
893.000000	0.259001
894.000000	0.363892
895.000000	0.484566
896.000000	0.570108
897.000000	0.595058
898.000000	0.561961
899.000000	0.476420
900.000000	0.359818
901.000000	0.246781
902.000000	0.187208
903.000000	0.200446
904.000000	0.275295
905.000000	0.385786
906.000000	0.499842
907.000000	0.579273
908.000000	0.611351
909.000000	0.584874
910.000000	0.515117
911.000000	0.414809
912.000000	0.295662
913.000000	0.207065
914.000000	0.180588
915.000000	0.221322
916.000000	0.315520
917.000000	0.429575
918.000000	0.536502
919.000000	0.585383
920.000000	0.562470
921.000000	0.452488
922.000000	0.323158
923.000000	0.225905
924.000000	0.175496
925.000000	0.185171
926.000000	0.254419
927.000000	0.371020
928.000000	0.495259
929.000000	0.575709
930.000000	0.593530
931.000000	0.540067
932.000000	0.424484
933.000000	0.298717
934.000000	0.207575
935.000000	0.181607
936.000000	0.227942
937.000000	0.332832
938.000000	0.456052
939.000000	0.553814
940.000000	0.588947
941.000000	0.559924
942.000000	0.485585
943.000000	0.387314
944.000000	0.277332
945.000000	0.197900
946.000000	0.185171
947.000000	0.230487
948.000000	0.326722
949.000000	0.446887
950.000000	0.548723
951.000000	0.578255
952.000000	0.531920
953.000000	0.418883
954.000000	0.300754
955.000000	0.209102
956.000000	0.176515
957.000000	0.194336
958.000000	0.269185
959.000000	0.382222
960.000000	0.499842
961.000000	0.578255
962.000000	0.592512
963.000000	0.542612
964.000000	0.449942
965.000000	0.341488
966.000000	0.239143
967.000000	0.182116
968.000000	0.192299
969.000000	0.252382
970.000000	0.340979
971.000000	0.444851
972.000000	0.511043
973.000000	0.571635
974.000000	0.614915
975.000000	0.629682
976.000000	0.595058
977.000000	0.489149
978.000000	0.373057
979.000000	0.265111
980.000000	0.192299
981.000000	0.172441
982.000000	0.222341
983.000000	0.318066
984.000000	0.448415
985.000000	0.549741
986.000000	0.581819
987.000000	0.544140
988.000000	0.450961
989.000000	0.341488
990.000000	0.248818
991.000000	0.183134
992.000000	0.172951
993.000000	0.214194
994.000000	0.295153
995.000000	0.404117
996.000000	0.509516
997.000000	0.581819
998.000000	0.601677
999.000000	0.576218
1000.000000	0.500351
1001.000000	0.395461
1002.000000	0.279878
1003.000000	0.199937
1004.000000	0.167350
1005.000000	0.186698
1006.000000	0.257983
1007.000000	0.362364
1008.000000	0.479475
1009.000000	0.566034
1010.000000	0.602695
1011.000000	0.595058
1012.000000	0.547195
1013.000000	0.460635
1014.000000	0.339960
1015.000000	0.238125
1016.000000	0.185680
1017.000000	0.179570
1018.000000	0.222850
1019.000000	0.313992
1020.000000	0.419392
1021.000000	0.514608
1022.000000	0.585383
1023.000000	0.609314
1024.000000	0.568071
1025.000000	0.482020
1026.000000	0.368983
1027.000000	0.270203
1028.000000	0.194845
1029.000000	0.163785
1030.000000	0.178552
1031.000000	0.242708
1032.000000	0.335887
1033.000000	0.445869
1034.000000	0.547704
1035.000000	0.587929
1036.000000	0.568071
1037.000000	0.503406
1038.000000	0.409717
1039.000000	0.304827
1040.000000	0.217249
1041.000000	0.173460
1042.000000	0.175496
1043.000000	0.223868
1044.000000	0.333850
1045.000000	0.464708
1046.000000	0.560434
1047.000000	0.601677
1048.000000	0.594548
1049.000000	0.540576
1050.000000	0.441286
1051.000000	0.323158
1052.000000	0.225905
1053.000000	0.186189
1054.000000	0.209611
1055.000000	0.273258
1056.000000	0.364910
1057.000000	0.451470
1058.000000	0.523773
1059.000000	0.584874
1060.000000	0.620516
1061.000000	0.629172
1062.000000	0.592512
1063.000000	0.509007
1064.000000	0.405644
1065.000000	0.303300
1066.000000	0.217758
1067.000000	0.170914
1068.000000	0.174987
1069.000000	0.230487
1070.000000	0.325703
1071.000000	0.432121
1072.000000	0.524282
1073.000000	0.589966
1074.000000	0.615425
1075.000000	0.583346
1076.000000	0.498314
1077.000000	0.401571
1078.000000	0.301263
1079.000000	0.216231
1080.000000	0.170405
1081.000000	0.172951
1082.000000	0.227942
1083.000000	0.321121
1084.000000	0.429575
1085.000000	0.532938
1086.000000	0.585892
1087.000000	0.578764
1088.000000	0.532429
1089.000000	0.443323
1090.000000	0.327740
1091.000000	0.229978
1092.000000	0.178042
1093.000000	0.174987
1094.000000	0.218267
1095.000000	0.294644
1096.000000	0.394442
1097.000000	0.495259
1098.000000	0.569090
1099.000000	0.609824
1100.000000	0.601168
1101.000000	0.541085
1102.000000	0.442814
1103.000000	0.340979
1104.000000	0.248818
1105.000000	0.185680
1106.000000	0.158694
1107.000000	0.166840
1108.000000	0.202483
1109.000000	0.260529
1110.000000	0.346070
1111.000000	0.450452
1112.000000	0.541594
1113.000000	0.598113
1114.000000	0.614915
1115.000000	0.586911
1116.000000	0.531411
1117.000000	0.442814
1118.000000	0.343525
1119.000000	0.242708
1120.000000	0.185171
1121.000000	0.179061
1122.000000	0.217758
1123.000000	0.292607
1124.000000	0.398006
1125.000000	0.503915
1126.000000	0.580291
1127.000000	0.598622
1128.000000	0.553305
1129.000000	0.461653
1130.000000	0.359309
1131.000000	0.261038
1132.000000	0.190772
1133.000000	0.170914
1134.000000	0.198409
1135.000000	0.264602
1136.000000	0.353199
1137.000000	0.453507
1138.000000	0.542612
1139.000000	0.599131
1140.000000	0.607278
1141.000000	0.571126
1142.000000	0.491695
1143.000000	0.385786
1144.000000	0.285479
1145.000000	0.206556
1146.000000	0.166840
1147.000000	0.169386
1148.000000	0.218267
1149.000000	0.301772
1150.000000	0.410736
1151.000000	0.511043
1152.000000	0.582837
1153.000000	0.608805
1154.000000	0.581819
1155.000000	0.505443
1156.000000	0.403607
1157.000000	0.303300
1158.000000	0.216740
1159.000000	0.171423
1160.000000	0.176515
1161.000000	0.221322
1162.000000	0.302790
1163.000000	0.415828
1164.000000	0.526319
1165.000000	0.583346
1166.000000	0.574181
1167.000000	0.533447
1168.000000	0.481002
1169.000000	0.406153
1170.000000	0.310428
1171.000000	0.225905
1172.000000	0.173460
1173.000000	0.170914
1174.000000	0.226414
1175.000000	0.339960
1176.000000	0.468782
1177.000000	0.558906
1178.000000	0.605750
1179.000000	0.607787
1180.000000	0.561452
1181.000000	0.481511
1182.000000	0.395970
1183.000000	0.305336
1184.000000	0.223868
1185.000000	0.172441
1186.000000	0.171423
1187.000000	0.207065
1188.000000	0.293116
1189.000000	0.389860
1190.000000	0.489149
1191.000000	0.570108
1192.000000	0.612370
1193.000000	0.607787
1194.000000	0.549232
1195.000000	0.438740
1196.000000	0.311956
1197.000000	0.219795
1198.000000	0.173460
1199.000000	0.173460
1200.000000	0.214194
1201.000000	0.304827
1202.000000	0.411245
1203.000000	0.513080
1204.000000	0.583346
1205.000000	0.608805
1206.000000	0.588438
1207.000000	0.520209
1208.000000	0.430594
1209.000000	0.331304
1210.000000	0.238634
1211.000000	0.180588
1212.000000	0.175496
1213.000000	0.237107
1214.000000	0.340979
1215.000000	0.446378
1216.000000	0.535993
1217.000000	0.596076
1218.000000	0.610842
1219.000000	0.584365
1220.000000	0.516135
1221.000000	0.418373
1222.000000	0.313483
1223.000000	0.225905
1224.000000	0.174478
1225.000000	0.166331
1226.000000	0.214194
1227.000000	0.310428
1228.000000	0.419901
1229.000000	0.517663
1230.000000	0.584874
1231.000000	0.614915
1232.000000	0.599640
1233.000000	0.541085
1234.000000	0.443832
1235.000000	0.339960
1236.000000	0.243217
1237.000000	0.184662
1238.000000	0.175496
1239.000000	0.218267
1240.000000	0.289552
1241.000000	0.384768
1242.000000	0.486094
1243.000000	0.568580
1244.000000	0.597603
1245.000000	0.579273
1246.000000	0.520209
1247.000000	0.432630
1248.000000	0.328758
1249.000000	0.234561
1250.000000	0.179061
1251.000000	0.165313
1252.000000	0.195354
1253.000000	0.270203
1254.000000	0.371529
1255.000000	0.467764
1256.000000	0.550250
1257.000000	0.602695
1258.000000	0.610842
1259.000000	0.572145
1260.000000	0.492204
1261.000000	0.393424
1262.000000	0.288024
1263.000000	0.209102
1264.000000	0.167859
1265.000000	0.180079
1266.000000	0.239653
1267.000000	0.337924
1268.000000	0.447396
1269.000000	0.542612
1270.000000	0.597603
1271.000000	0.611860
1272.000000	0.569599
1273.000000	0.481002
1274.000000	0.381204
1275.000000	0.285988
1276.000000	0.212666
1277.000000	0.168368
1278.000000	0.169386
1279.000000	0.216231
1280.000000	0.293116
1281.000000	0.390369
1282.000000	0.495259
1283.000000	0.572654
1284.000000	0.586402
1285.000000	0.520209
1286.000000	0.401571
1287.000000	0.279878
1288.000000	0.204520
1289.000000	0.200955
1290.000000	0.257983
1291.000000	0.351671
1292.000000	0.458089
1293.000000	0.547704
1294.000000	0.603204
1295.000000	0.627136
1296.000000	0.623571
1297.000000	0.583346
1298.000000	0.505443
1299.000000	0.419392
1300.000000	0.335378
1301.000000	0.257474
1302.000000	0.195864
1303.000000	0.162258
1304.000000	0.162767
1305.000000	0.194845
1306.000000	0.261038
1307.000000	0.359818
1308.000000	0.479475
1309.000000	0.564507
1310.000000	0.607278
1311.000000	0.605750
1312.000000	0.557888
1313.000000	0.487621
1314.000000	0.395461
1315.000000	0.299735
1316.000000	0.227432
1317.000000	0.175496
1318.000000	0.177533
1319.000000	0.250345
1320.000000	0.361855
1321.000000	0.487112
1322.000000	0.573163
1323.000000	0.599131
1324.000000	0.568071
1325.000000	0.483548
1326.000000	0.375093
1327.000000	0.272240
1328.000000	0.198409
1329.000000	0.166840
1330.000000	0.173460
1331.000000	0.228451
1332.000000	0.299226
1333.000000	0.384259
1334.000000	0.482020
1335.000000	0.561961
1336.000000	0.608805
1337.000000	0.622044
1338.000000	0.595567
1339.000000	0.517663
1340.000000	0.408699
1341.000000	0.297190
1342.000000	0.214194
1343.000000	0.171423
1344.000000	0.173969
1345.000000	0.218776
1346.000000	0.314502
1347.000000	0.428048
1348.000000	0.532938
1349.000000	0.593021
1350.000000	0.596585
1351.000000	0.553814
1352.000000	0.466745
1353.000000	0.359309
1354.000000	0.262056
1355.000000	0.193318
1356.000000	0.162258
1357.000000	0.175496
1358.000000	0.253400
1359.000000	0.364910
1360.000000	0.481002
1361.000000	0.566544
1362.000000	0.596585
1363.000000	0.575200
1364.000000	0.508498
1365.000000	0.411754
1366.000000	0.310937
1367.000000	0.229469
1368.000000	0.176515
1369.000000	0.168877
1370.000000	0.210630
1371.000000	0.277332
1372.000000	0.356763
1373.000000	0.447906
1374.000000	0.534466
1375.000000	0.596076
1376.000000	0.597603
1377.000000	0.553814
1378.000000	0.480493
1379.000000	0.396479
1380.000000	0.304318
1381.000000	0.218776
1382.000000	0.172951
1383.000000	0.181607
1384.000000	0.247799
1385.000000	0.337414
1386.000000	0.436195
1387.000000	0.529374
1388.000000	0.592512
1389.000000	0.614915
1390.000000	0.593530
1391.000000	0.526828
1392.000000	0.429575
1393.000000	0.322139
1394.000000	0.232524
1395.000000	0.178552
1396.000000	0.166331
1397.000000	0.202992
1398.000000	0.281405
1399.000000	0.377130
1400.000000	0.481511
1401.000000	0.565016
1402.000000	0.604732
1403.000000	0.596585
1404.000000	0.531920
1405.000000	0.439759
1406.000000	0.326722
1407.000000	0.233543
1408.000000	0.180588
1409.000000	0.180588
1410.000000	0.237616
1411.000000	0.326722
1412.000000	0.431612
1413.000000	0.528865
1414.000000	0.593530
1415.000000	0.608805
1416.000000	0.566034
1417.000000	0.487112
1418.000000	0.396988
1419.000000	0.305846
1420.000000	0.229469
1421.000000	0.178552
1422.000000	0.185171
1423.000000	0.242199
1424.000000	0.326213
1425.000000	0.423974
1426.000000	0.523264
1427.000000	0.588438
1428.000000	0.596585
1429.000000	0.546177
1430.000000	0.452488
1431.000000	0.345052
1432.000000	0.249327
1433.000000	0.186698
1434.000000	0.167859
1435.000000	0.198409
1436.000000	0.268676
1437.000000	0.371529
1438.000000	0.474383
1439.000000	0.557888
1440.000000	0.605750
1441.000000	0.612370
1442.000000	0.573672
1443.000000	0.495259
1444.000000	0.395970
1445.000000	0.293116
1446.000000	0.213685
1447.000000	0.171423
1448.000000	0.174478
1449.000000	0.224377
1450.000000	0.305846
1451.000000	0.404117
1452.000000	0.506461
1453.000000	0.580291
1454.000000	0.609314
1455.000000	0.588947
1456.000000	0.528355
1457.000000	0.436195
1458.000000	0.333341
1459.000000	0.241689
1460.000000	0.182625
1461.000000	0.166840
1462.000000	0.200446
1463.000000	0.276823
1464.000000	0.375093
1465.000000	0.482020
1466.000000	0.565016
1467.000000	0.605241
1468.000000	0.594548
1469.000000	0.543122
1470.000000	0.457580
1471.000000	0.351162
1472.000000	0.255946
1473.000000	0.191281
1474.000000	0.163276
1475.000000	0.177533
1476.000000	0.242199
1477.000000	0.340979
1478.000000	0.452488
1479.000000	0.544140
1480.000000	0.598622
1481.000000	0.601677
1482.000000	0.566544
1483.000000	0.498823
1484.000000	0.413282
1485.000000	0.321121
1486.000000	0.237107
1487.000000	0.181607
1488.000000	0.172441
1489.000000	0.209611
1490.000000	0.287006
1491.000000	0.382731
1492.000000	0.480493
1493.000000	0.561961
1494.000000	0.605750
1495.000000	0.599131
1496.000000	0.543122
1497.000000	0.449942
1498.000000	0.338433
1499.000000	0.242708
1500.000000	0.184662
1501.000000	0.170914
1502.000000	0.205538
1503.000000	0.287006
1504.000000	0.393424
1505.000000	0.501369
1506.000000	0.576727
1507.000000	0.595567
1508.000000	0.565016
1509.000000	0.498823
1510.000000	0.408190
1511.000000	0.305336
1512.000000	0.219286
1513.000000	0.177533
1514.000000	0.189244
1515.000000	0.250855
1516.000000	0.349126
1517.000000	0.454525
1518.000000	0.544140
1519.000000	0.599640
1520.000000	0.612370
1521.000000	0.586402
1522.000000	0.516644
1523.000000	0.417864
1524.000000	0.309919
1525.000000	0.221832
1526.000000	0.176006
1527.000000	0.170914
1528.000000	0.220813
1529.000000	0.318066
1530.000000	0.424993
1531.000000	0.520209
1532.000000	0.586402
1533.000000	0.612879
1534.000000	0.593530
1535.000000	0.532429
1536.000000	0.418883
1537.000000	0.289043
1538.000000	0.209611
1539.000000	0.191281
1540.000000	0.236088
1541.000000	0.319084
1542.000000	0.406662
1543.000000	0.489149
1544.000000	0.555342
1545.000000	0.601168
1546.000000	0.622553
1547.000000	0.611860
1548.000000	0.554833
1549.000000	0.472855
1550.000000	0.376621
1551.000000	0.286497
1552.000000	0.210120
1553.000000	0.172951
1554.000000	0.183134
1555.000000	0.242199
1556.000000	0.329268
1557.000000	0.428557
1558.000000	0.525300
1559.000000	0.588438
1560.000000	0.608805
1561.000000	0.580801
1562.000000	0.515626
1563.000000	0.416337
1564.000000	0.311956
1565.000000	0.223868
1566.000000	0.178042
1567.000000	0.184152
1568.000000	0.246781
1569.000000	0.352181
1570.000000	0.465218
1571.000000	0.553814
1572.000000	0.599131
1573.000000	0.588438
1574.000000	0.500860
1575.000000	0.392915
1576.000000	0.284460
1577.000000	0.207575
1578.000000	0.177024
1579.000000	0.197391
1580.000000	0.243726
1581.000000	0.307882
1582.000000	0.396479
1583.000000	0.494241
1584.000000	0.567053
1585.000000	0.607787
1586.000000	0.599640
1587.000000	0.531411
1588.000000	0.443832
1589.000000	0.350144
1590.000000	0.273258
1591.000000	0.215721
1592.000000	0.173460
1593.000000	0.153093
1594.000000	0.172441
1595.000000	0.243217
1596.000000	0.341488
1597.000000	0.456562
1598.000000	0.552796
1599.000000	0.599131
1600.000000	0.603204
1601.000000	0.552796
1602.000000	0.464708
1603.000000	0.369493
1604.000000	0.279368
1605.000000	0.207065
1606.000000	0.176006
1607.000000	0.194336
1608.000000	0.259511
1609.000000	0.350653
1610.000000	0.454016
1611.000000	0.544649
1612.000000	0.598622
1613.000000	0.615425
1614.000000	0.608805
1615.000000	0.566544
1616.000000	0.482020
1617.000000	0.377130
1618.000000	0.268676
1619.000000	0.199937
1620.000000	0.189244
1621.000000	0.239143
1622.000000	0.332832
1623.000000	0.448924
1624.000000	0.543631
1625.000000	0.598113
1626.000000	0.612879
1627.000000	0.585892
1628.000000	0.523264
1629.000000	0.430084
1630.000000	0.333341
1631.000000	0.251873
1632.000000	0.192299
1633.000000	0.165822
1634.000000	0.195864
1635.000000	0.269694
1636.000000	0.372038
1637.000000	0.474892
1638.000000	0.557379
1639.000000	0.603714
1640.000000	0.609314
1641.000000	0.571635
1642.000000	0.498314
1643.000000	0.388841
1644.000000	0.279878
1645.000000	0.206047
1646.000000	0.181607
1647.000000	0.206556
1648.000000	0.278350
1649.000000	0.369493
1650.000000	0.465218
1651.000000	0.548723
1652.000000	0.597603
1653.000000	0.599131
1654.000000	0.549741
1655.000000	0.458598
1656.000000	0.356763
1657.000000	0.262056
1658.000000	0.194845
1659.000000	0.173460
1660.000000	0.197900
1661.000000	0.266130
1662.000000	0.359309
1663.000000	0.456562
1664.000000	0.540576
1665.000000	0.596076
1666.000000	0.602695
1667.000000	0.549741
1668.000000	0.456052
1669.000000	0.341997
1670.000000	0.246781
1671.000000	0.188735
1672.000000	0.189244
1673.000000	0.238125
1674.000000	0.329777
1675.000000	0.438231
1676.000000	0.535484
1677.000000	0.590475
1678.000000	0.596585
1679.000000	0.549232
1680.000000	0.463181
1681.000000	0.369493
1682.000000	0.286497
1683.000000	0.211648
1684.000000	0.176515
1685.000000	0.191790
1686.000000	0.265111
1687.000000	0.373057
1688.000000	0.479475
1689.000000	0.560434
1690.000000	0.606259
1691.000000	0.601168
1692.000000	0.551268
1693.000000	0.486603
1694.000000	0.399025
1695.000000	0.285988
1696.000000	0.208084
1697.000000	0.191790
1698.000000	0.236598
1699.000000	0.331304
1700.000000	0.437213
1701.000000	0.533956
1702.000000	0.594039
1703.000000	0.608805
1704.000000	0.585892
1705.000000	0.526828
1706.000000	0.429575
1707.000000	0.322648
1708.000000	0.232015
1709.000000	0.180079
1710.000000	0.164295
1711.000000	0.183134
1712.000000	0.243217
1713.000000	0.327740
1714.000000	0.422956
1715.000000	0.513080
1716.000000	0.580291
1717.000000	0.612370
1718.000000	0.603714
1719.000000	0.560943
1720.000000	0.492204
1721.000000	0.406153
1722.000000	0.326213
1723.000000	0.254419
1724.000000	0.195864
1725.000000	0.164295
1726.000000	0.168368
1727.000000	0.204010
1728.000000	0.285479
1729.000000	0.399534
1730.000000	0.495768
1731.000000	0.566034
1732.000000	0.605241
1733.000000	0.607787
1734.000000	0.583346
1735.000000	0.523773
1736.000000	0.439759
1737.000000	0.341997
1738.000000	0.246272
1739.000000	0.189244
1740.000000	0.193827
1741.000000	0.247799
1742.000000	0.352181
1743.000000	0.454525
1744.000000	0.538539
1745.000000	0.594039
1746.000000	0.613388
1747.000000	0.590475
1748.000000	0.529883
1749.000000	0.446887
1750.000000	0.346580
1751.000000	0.255946
1752.000000	0.194336
1753.000000	0.161749
1754.000000	0.162767
1755.000000	0.204010
1756.000000	0.279878
1757.000000	0.371020
1758.000000	0.465218
1759.000000	0.550250
1760.000000	0.597094
1761.000000	0.594039
1762.000000	0.539557
1763.000000	0.439250
1764.000000	0.326722
1765.000000	0.236598
1766.000000	0.182625
1767.000000	0.163276
1768.000000	0.179061
1769.000000	0.220304
1770.000000	0.291589
1771.000000	0.374584
1772.000000	0.449433
1773.000000	0.526828
1774.000000	0.587420
1775.000000	0.588438
1776.000000	0.537521
1777.000000	0.448924
1778.000000	0.348616
1779.000000	0.257474
1780.000000	0.191281
1781.000000	0.163276
1782.000000	0.171423
1783.000000	0.215721
1784.000000	0.302281
1785.000000	0.413282
1786.000000	0.510025
1787.000000	0.578255
1788.000000	0.609824
1789.000000	0.601168
1790.000000	0.543122
1791.000000	0.455034
1792.000000	0.355745
1793.000000	0.264602
1794.000000	0.196373
1795.000000	0.168368
1796.000000	0.178552
1797.000000	0.222341
1798.000000	0.291079
1799.000000	0.375093
1800.000000	0.472346
1801.000000	0.555342
1802.000000	0.602695
1803.000000	0.607787
1804.000000	0.558397
1805.000000	0.470819
1806.000000	0.367456
1807.000000	0.273258
1808.000000	0.203501
1809.000000	0.169386
1810.000000	0.180588
1811.000000	0.242199
1812.000000	0.337924
1813.000000	0.424993
1814.000000	0.513589
1815.000000	0.581310
1816.000000	0.608296
1817.000000	0.587929
1818.000000	0.524791
1819.000000	0.435176
1820.000000	0.331814
1821.000000	0.235070
1822.000000	0.179570
1823.000000	0.168368
1824.000000	0.183643
1825.000000	0.239143
1826.000000	0.322139
1827.000000	0.412263
1828.000000	0.501878
1829.000000	0.570108
1830.000000	0.608805
1831.000000	0.611860
1832.000000	0.568071
1833.000000	0.502897
1834.000000	0.414300
1835.000000	0.323667
1836.000000	0.248818
1837.000000	0.189753
1838.000000	0.164295
1839.000000	0.182116
1840.000000	0.238634
1841.000000	0.328758
1842.000000	0.430084
1843.000000	0.523773
1844.000000	0.586402
1845.000000	0.604732
1846.000000	0.585383
1847.000000	0.536502
1848.000000	0.467764
1849.000000	0.378149
1850.000000	0.286497
1851.000000	0.212666
1852.000000	0.168877
1853.000000	0.164804
1854.000000	0.195354
1855.000000	0.262566
1856.000000	0.351671
1857.000000	0.444341
1858.000000	0.531920
1859.000000	0.589966
1860.000000	0.612879
1861.000000	0.595567
1862.000000	0.541085
1863.000000	0.464199
1864.000000	0.379167
1865.000000	0.288024
1866.000000	0.213685
1867.000000	0.169386
1868.000000	0.158185
1869.000000	0.174478
1870.000000	0.233033
1871.000000	0.322139
1872.000000	0.421938
1873.000000	0.513589
1874.000000	0.579782
1875.000000	0.603204
1876.000000	0.581819
1877.000000	0.520718
1878.000000	0.446378
1879.000000	0.360327
1880.000000	0.259511
1881.000000	0.192808
1882.000000	0.170914
1883.000000	0.196882
1884.000000	0.259001
1885.000000	0.344034
1886.000000	0.436195
1887.000000	0.507988
1888.000000	0.564507
1889.000000	0.604223
1890.000000	0.625608
1891.000000	0.617461
1892.000000	0.580801
1893.000000	0.533447
1894.000000	0.470309
1895.000000	0.387823
1896.000000	0.300245
1897.000000	0.223868
1898.000000	0.174478
1899.000000	0.167350
1900.000000	0.201974
1901.000000	0.262566
1902.000000	0.348616
1903.000000	0.436704
1904.000000	0.520718
1905.000000	0.583856
1906.000000	0.608296
1907.000000	0.588438
1908.000000	0.535484
1909.000000	0.460635
1910.000000	0.366437
1911.000000	0.274277
1912.000000	0.204010
1913.000000	0.166331
1914.000000	0.168877
1915.000000	0.212157
1916.000000	0.275295
1917.000000	0.350144
1918.000000	0.427029
1919.000000	0.501369
1920.000000	0.568580
1921.000000	0.602695
1922.000000	0.583346
1923.000000	0.521227
1924.000000	0.435685
1925.000000	0.353708
1926.000000	0.271222
1927.000000	0.202992
1928.000000	0.163785
1929.000000	0.158185
1930.000000	0.186698
1931.000000	0.255946
1932.000000	0.358291
1933.000000	0.454016
1934.000000	0.529374
1935.000000	0.587420
1936.000000	0.612879
1937.000000	0.605750
1938.000000	0.566544
1939.000000	0.498314
1940.000000	0.417355
1941.000000	0.332323
1942.000000	0.257474
1943.000000	0.198409
1944.000000	0.160730
1945.000000	0.152074
1946.000000	0.166331
1947.000000	0.206047
1948.000000	0.271731
1949.000000	0.358291
1950.000000	0.449942
1951.000000	0.525300
1952.000000	0.582837
1953.000000	0.611860
1954.000000	0.603714
1955.000000	0.559415
1956.000000	0.481511
1957.000000	0.386295
1958.000000	0.298717
1959.000000	0.232015
1960.000000	0.179570
1961.000000	0.153093
1962.000000	0.162767
1963.000000	0.210630
1964.000000	0.292098
1965.000000	0.394442
1966.000000	0.496787
1967.000000	0.571126
1968.000000	0.607278
1969.000000	0.606259
1970.000000	0.571126
1971.000000	0.502897
1972.000000	0.429575
1973.000000	0.349635
1974.000000	0.268167
1975.000000	0.201464
1976.000000	0.163785
1977.000000	0.159712
1978.000000	0.184662
1979.000000	0.234561
1980.000000	0.309410
1981.000000	0.388332
1982.000000	0.454525
1983.000000	0.518681
1984.000000	0.578255
1985.000000	0.608805
1986.000000	0.601677
1987.000000	0.560943
1988.000000	0.491186
1989.000000	0.399534
1990.000000	0.298717
1991.000000	0.215212
1992.000000	0.169896
1993.000000	0.161240
1994.000000	0.184152
1995.000000	0.235070
1996.000000	0.316538
1997.000000	0.415318
1998.000000	0.502897
1999.000000	0.571126
2000.000000	0.609314
2001.000000	0.616952
2002.000000	0.593530
2003.000000	0.538030
2004.000000	0.447906
2005.000000	0.348107
2006.000000	0.257474
2007.000000	0.190772
2008.000000	0.171423
2009.000000	0.195864
2010.000000	0.227942
2011.000000	0.266639
2012.000000	0.315011
2013.000000	0.389350
2014.000000	0.473364
2015.000000	0.549741
2016.000000	0.598113
2017.000000	0.605750
2018.000000	0.567053
2019.000000	0.494241
2020.000000	0.411754
2021.000000	0.326722
2022.000000	0.248309
2023.000000	0.188226
2024.000000	0.154620
2025.000000	0.141382
2026.000000	0.147492
2027.000000	0.179570
2028.000000	0.236598
2029.000000	0.308391
2030.000000	0.405135
2031.000000	0.498314
2032.000000	0.567053
2033.000000	0.607278
2034.000000	0.619498
2035.000000	0.608296
2036.000000	0.569090
2037.000000	0.488640
2038.000000	0.370002
2039.000000	0.266130
2040.000000	0.195864
2041.000000	0.163785
2042.000000	0.170405
2043.000000	0.206047
2044.000000	0.268167
2045.000000	0.351671
2046.000000	0.440268
2047.000000	0.512571
2048.000000	0.569090
2049.000000	0.604732
2050.000000	0.621026
2051.000000	0.597094
2052.000000	0.529374
2053.000000	0.448415
2054.000000	0.370511
2055.000000	0.289552
2056.000000	0.219795
2057.000000	0.172951
2058.000000	0.151565
2059.000000	0.154620
2060.000000	0.190263
2061.000000	0.247799
2062.000000	0.327231
2063.000000	0.408699
2064.000000	0.483039
2065.000000	0.549741
2066.000000	0.596585
2067.000000	0.614406
2068.000000	0.597603
2069.000000	0.544140
2070.000000	0.464708
2071.000000	0.377130
2072.000000	0.296171
2073.000000	0.222341
2074.000000	0.172441
2075.000000	0.154111
2076.000000	0.180079
2077.000000	0.255437
2078.000000	0.337924
2079.000000	0.423974
2080.000000	0.509516
2081.000000	0.573672
2082.000000	0.610333
2083.000000	0.610333
2084.000000	0.583346
2085.000000	0.538030
2086.000000	0.456052
2087.000000	0.364910
2088.000000	0.279878
2089.000000	0.212157
2090.000000	0.168877
2091.000000	0.150547
2092.000000	0.170405
2093.000000	0.225396
2094.000000	0.304827
2095.000000	0.401571
2096.000000	0.491695
2097.000000	0.566034
2098.000000	0.603204
2099.000000	0.609314
2100.000000	0.579782
2101.000000	0.519699
2102.000000	0.446887
2103.000000	0.371529
2104.000000	0.291079
2105.000000	0.217249
2106.000000	0.169386
2107.000000	0.155129
2108.000000	0.176006
2109.000000	0.233033
2110.000000	0.323158
2111.000000	0.412263
2112.000000	0.496787
2113.000000	0.559924
2114.000000	0.601168
2115.000000	0.623571
2116.000000	0.618989
2117.000000	0.593021
2118.000000	0.542612
2119.000000	0.465218
2120.000000	0.372038
2121.000000	0.287006
2122.000000	0.211648
2123.000000	0.168368
2124.000000	0.164295
2125.000000	0.199937
2126.000000	0.262056
2127.000000	0.335887
2128.000000	0.409208
2129.000000	0.488131
2130.000000	0.556360
2131.000000	0.601677
2132.000000	0.618989
2133.000000	0.614406
2134.000000	0.588438
2135.000000	0.530392
2136.000000	0.441796
2137.000000	0.349126
2138.000000	0.261547
2139.000000	0.193827
2140.000000	0.160221
2141.000000	0.161749
2142.000000	0.194336
2143.000000	0.259001
2144.000000	0.344034
2145.000000	0.414809
2146.000000	0.487621
2147.000000	0.554323
2148.000000	0.601677
2149.000000	0.620007
2150.000000	0.615934
2151.000000	0.587929
2152.000000	0.520209
2153.000000	0.416846
2154.000000	0.306355
2155.000000	0.218776
2156.000000	0.170405
2157.000000	0.164295
2158.000000	0.189753
2159.000000	0.236598
2160.000000	0.298717
2161.000000	0.375093
2162.000000	0.459617
2163.000000	0.533956
2164.000000	0.588438
2165.000000	0.615425
2166.000000	0.604223
2167.000000	0.578255
2168.000000	0.519699
2169.000000	0.435176
2170.000000	0.345052
2171.000000	0.266639
2172.000000	0.200446
2173.000000	0.162258
2174.000000	0.157166
2175.000000	0.189753
2176.000000	0.256965
2177.000000	0.355745
2178.000000	0.462672
2179.000000	0.548723
2180.000000	0.596076
2181.000000	0.605750
2182.000000	0.582328
2183.000000	0.526828
2184.000000	0.454525
2185.000000	0.365419
2186.000000	0.276313
2187.000000	0.205538
2188.000000	0.163276
2189.000000	0.154620
2190.000000	0.178042
2191.000000	0.237107
2192.000000	0.315011
2193.000000	0.408699
2194.000000	0.501369
2195.000000	0.571126
2196.000000	0.605750
2197.000000	0.602186
2198.000000	0.574690
2199.000000	0.514608
2200.000000	0.437722
2201.000000	0.359818
2202.000000	0.284969
2203.000000	0.217249
2204.000000	0.168368
2205.000000	0.155129
2206.000000	0.169896
2207.000000	0.213685
2208.000000	0.280387
2209.000000	0.362873
2210.000000	0.456052
2211.000000	0.544140
2212.000000	0.591493
2213.000000	0.598622
2214.000000	0.568071
2215.000000	0.511043
2216.000000	0.435685
2217.000000	0.341488
2218.000000	0.262566
2219.000000	0.200446
2220.000000	0.160730
2221.000000	0.157675
2222.000000	0.198919
2223.000000	0.273258
2224.000000	0.362364
2225.000000	0.450452
2226.000000	0.526828
2227.000000	0.580801
2228.000000	0.613388
2229.000000	0.620516
2230.000000	0.608805
2231.000000	0.584874
2232.000000	0.555851
2233.000000	0.505443
2234.000000	0.423465
2235.000000	0.329268
2236.000000	0.253400
2237.000000	0.191790
2238.000000	0.159203
2239.000000	0.162767
2240.000000	0.198409
2241.000000	0.263075
2242.000000	0.354726
2243.000000	0.450452
2244.000000	0.519190
2245.000000	0.573163
2246.000000	0.610333
2247.000000	0.627645
2248.000000	0.623571
2249.000000	0.592512
2250.000000	0.523264
2251.000000	0.424993
2252.000000	0.333341
2253.000000	0.256965
2254.000000	0.193827
2255.000000	0.158185
2256.000000	0.154111
2257.000000	0.193318
2258.000000	0.274786
2259.000000	0.362364
2260.000000	0.454525
2261.000000	0.538030
2262.000000	0.591493
2263.000000	0.609314
2264.000000	0.590984
2265.000000	0.541594
2266.000000	0.466236
2267.000000	0.374075
2268.000000	0.278350
2269.000000	0.205538
2270.000000	0.162767
2271.000000	0.155639
2272.000000	0.185680
2273.000000	0.244235
2274.000000	0.324176
2275.000000	0.414300
2276.000000	0.495259
2277.000000	0.560434
2278.000000	0.603714
2279.000000	0.624590
2280.000000	0.624081
2281.000000	0.602186
2282.000000	0.555342
2283.000000	0.494241
2284.000000	0.427029
2285.000000	0.356763
2286.000000	0.276823
2287.000000	0.205538
2288.000000	0.164295
2289.000000	0.151565
2290.000000	0.171932
2291.000000	0.230487
2292.000000	0.315011
2293.000000	0.404626
2294.000000	0.487112
2295.000000	0.559415
2296.000000	0.602695
2297.000000	0.616952
2298.000000	0.593021
2299.000000	0.537011
2300.000000	0.458598
2301.000000	0.368983
2302.000000	0.289552
2303.000000	0.220304
2304.000000	0.174987
2305.000000	0.148001
2306.000000	0.143928
2307.000000	0.159203
2308.000000	0.204520
2309.000000	0.276823
2310.000000	0.368983
2311.000000	0.463690
2312.000000	0.544140
2313.000000	0.593021
2314.000000	0.597094
2315.000000	0.560943
2316.000000	0.502387
2317.000000	0.428048
2318.000000	0.338942
2319.000000	0.252382
2320.000000	0.190263
2321.000000	0.155639
2322.000000	0.144946
2323.000000	0.165313
2324.000000	0.211139
2325.000000	0.280896
2326.000000	0.373057
2327.000000	0.464199
2328.000000	0.541085
2329.000000	0.593021
2330.000000	0.614915
2331.000000	0.607278
2332.000000	0.568580
2333.000000	0.497805
2334.000000	0.412773
2335.000000	0.332832
2336.000000	0.258492
2337.000000	0.197391
2338.000000	0.159203
2339.000000	0.151056
2340.000000	0.177533
2341.000000	0.228960
2342.000000	0.305336
2343.000000	0.389350
2344.000000	0.472855
2345.000000	0.546177
2346.000000	0.595567
2347.000000	0.616952
2348.000000	0.602186
2349.000000	0.559415
2350.000000	0.488640
2351.000000	0.399534
2352.000000	0.309919
2353.000000	0.226414
2354.000000	0.178552
2355.000000	0.178552
2356.000000	0.215212
2357.000000	0.267148
2358.000000	0.334359
2359.000000	0.417355
2360.000000	0.500351
2361.000000	0.570108
2362.000000	0.605750
2363.000000	0.605241
2364.000000	0.577746
2365.000000	0.520209
2366.000000	0.444341
2367.000000	0.363382
2368.000000	0.275804
2369.000000	0.211139
2370.000000	0.165822
2371.000000	0.151056
2372.000000	0.172951
2373.000000	0.222341
2374.000000	0.299735
2375.000000	0.387314
2376.000000	0.476929
2377.000000	0.553814
2378.000000	0.600149
2379.000000	0.616443
2380.000000	0.602186
2381.000000	0.559924
2382.000000	0.483039
2383.000000	0.392405
2384.000000	0.299226
2385.000000	0.221832
2386.000000	0.171932
2387.000000	0.152584
2388.000000	0.167859
2389.000000	0.225905
2390.000000	0.324685
2391.000000	0.432121
2392.000000	0.520209
2393.000000	0.582328
2394.000000	0.611351
2395.000000	0.594548
2396.000000	0.516135
2397.000000	0.408699
2398.000000	0.303300
2399.000000	0.225396
2400.000000	0.174478
2401.000000	0.146983
2402.000000	0.139854
2403.000000	0.145455
2404.000000	0.170914
2405.000000	0.219286
2406.000000	0.283951
2407.000000	0.338433
2408.000000	0.394442
2409.000000	0.471328
2410.000000	0.550250
2411.000000	0.596076
2412.000000	0.596076
2413.000000	0.551778
2414.000000	0.485585
2415.000000	0.405135
2416.000000	0.312465
2417.000000	0.226923
2418.000000	0.173969
2419.000000	0.153093
2420.000000	0.144437
2421.000000	0.155129
2422.000000	0.178552
2423.000000	0.225905
2424.000000	0.280896
2425.000000	0.352690
2426.000000	0.430594
2427.000000	0.504933
2428.000000	0.565016
2429.000000	0.606259
2430.000000	0.620516
2431.000000	0.612879
2432.000000	0.593021
2433.000000	0.547195
2434.000000	0.457580
2435.000000	0.344543
2436.000000	0.250855
2437.000000	0.187208
2438.000000	0.157166
2439.000000	0.169896
2440.000000	0.236598
2441.000000	0.340470
2442.000000	0.437722
2443.000000	0.518172
2444.000000	0.580291
2445.000000	0.608805
2446.000000	0.600149
2447.000000	0.555851
2448.000000	0.486603
2449.000000	0.406153
2450.000000	0.326213
2451.000000	0.245763
2452.000000	0.186698
2453.000000	0.158185
2454.000000	0.165313
2455.000000	0.198409
2456.000000	0.256965
2457.000000	0.340470
2458.000000	0.424484
2459.000000	0.500351
2460.000000	0.568071
2461.000000	0.606259
2462.000000	0.611351
2463.000000	0.580801
2464.000000	0.531411
2465.000000	0.470819
2466.000000	0.403098
2467.000000	0.326722
2468.000000	0.255437
2469.000000	0.198409
2470.000000	0.160221
2471.000000	0.141891
2472.000000	0.148001
2473.000000	0.181607
2474.000000	0.241180
2475.000000	0.324685
2476.000000	0.409717
2477.000000	0.486603
2478.000000	0.551778
2479.000000	0.599131
2480.000000	0.618480
2481.000000	0.605750
2482.000000	0.554833
2483.000000	0.488131
2484.000000	0.420410
2485.000000	0.344543
2486.000000	0.267148
2487.000000	0.202483
2488.000000	0.161749
2489.000000	0.155129
2490.000000	0.182116
2491.000000	0.231506
2492.000000	0.300245
2493.000000	0.384768
2494.000000	0.475910
2495.000000	0.550759
2496.000000	0.599131
2497.000000	0.613388
2498.000000	0.587929
2499.000000	0.537521
2500.000000	0.463181
2501.000000	0.388332
2502.000000	0.315520
2503.000000	0.240162
2504.000000	0.181607
2505.000000	0.161240
2506.000000	0.182116
2507.000000	0.240162
2508.000000	0.318066
2509.000000	0.411754
2510.000000	0.501878
2511.000000	0.568580
2512.000000	0.607787
2513.000000	0.617970
2514.000000	0.594548
2515.000000	0.540576
2516.000000	0.477438
2517.000000	0.394951
2518.000000	0.309919
2519.000000	0.239143
2520.000000	0.185680
2521.000000	0.152074
2522.000000	0.141382
2523.000000	0.151056
2524.000000	0.182116
2525.000000	0.244235
2526.000000	0.337414
2527.000000	0.431612
2528.000000	0.516644
2529.000000	0.579273
2530.000000	0.611351
2531.000000	0.608296
2532.000000	0.571126
2533.000000	0.510025
2534.000000	0.431103
2535.000000	0.339960
2536.000000	0.253910
2537.000000	0.190772
2538.000000	0.157166
2539.000000	0.154620
2540.000000	0.182116
2541.000000	0.227942
2542.000000	0.294135
2543.000000	0.377130
2544.000000	0.459617
2545.000000	0.535484
2546.000000	0.589457
2547.000000	0.615934
2548.000000	0.610333
2549.000000	0.572145
2550.000000	0.513080
2551.000000	0.439250
2552.000000	0.357782
2553.000000	0.271222
2554.000000	0.200446
2555.000000	0.162767
2556.000000	0.159712
2557.000000	0.217758
2558.000000	0.302790
2559.000000	0.395461
2560.000000	0.485076
2561.000000	0.555342
2562.000000	0.600149
2563.000000	0.620007
2564.000000	0.608805
2565.000000	0.566034
2566.000000	0.487112
2567.000000	0.393424
2568.000000	0.303300
2569.000000	0.237107
2570.000000	0.187717
2571.000000	0.154620
2572.000000	0.140363
2573.000000	0.158185
2574.000000	0.200955
2575.000000	0.272240
2576.000000	0.362873
2577.000000	0.449433
2578.000000	0.529374
2579.000000	0.585383
2580.000000	0.615934
2581.000000	0.618989
2582.000000	0.579782
2583.000000	0.514608
2584.000000	0.435176
2585.000000	0.351671
2586.000000	0.273767
2587.000000	0.214194
2588.000000	0.168877
2589.000000	0.146473
2590.000000	0.156657
2591.000000	0.208084
2592.000000	0.280896
2593.000000	0.389350
