24.000000	0.129671
25.000000	0.168877
26.000000	0.209102
27.000000	0.233033
28.000000	0.244235
29.000000	0.242199
30.000000	0.213176
31.000000	0.174987
32.000000	0.136799
33.000000	0.141891
34.000000	0.169896
35.000000	0.209102
36.000000	0.223359
37.000000	0.196882
38.000000	0.154111
39.000000	0.125597
40.000000	0.137308
41.000000	0.179061
42.000000	0.215721
43.000000	0.234561
44.000000	0.245254
45.000000	0.224377
46.000000	0.179570
47.000000	0.140873
48.000000	0.122033
49.000000	0.138327
50.000000	0.185171
51.000000	0.222341
52.000000	0.232524
53.000000	0.207065
54.000000	0.155129
55.000000	0.135272
56.000000	0.152584
57.000000	0.200955
58.000000	0.224377
59.000000	0.199428
60.000000	0.153602
61.000000	0.125597
62.000000	0.138836
63.000000	0.189753
64.000000	0.225396
65.000000	0.214703
66.000000	0.173460
67.000000	0.136290
68.000000	0.137817
69.000000	0.177024
70.000000	0.218267
71.000000	0.238125
72.000000	0.223868
73.000000	0.181607
74.000000	0.139345
75.000000	0.127634
76.000000	0.146983
77.000000	0.184152
78.000000	0.224377
79.000000	0.224377
80.000000	0.182116
81.000000	0.140873
82.000000	0.133744
83.000000	0.167859
84.000000	0.214194
85.000000	0.235579
86.000000	0.212157
87.000000	0.163276
88.000000	0.130180
89.000000	0.137308
90.000000	0.189244
91.000000	0.229469
92.000000	0.230487
93.000000	0.189244
94.000000	0.143418
95.000000	0.133744
96.000000	0.172951
97.000000	0.220304
98.000000	0.229978
99.000000	0.193827
100.000000	0.147492
101.000000	0.157166
102.000000	0.185171
103.000000	0.219795
104.000000	0.241689
105.000000	0.212157
106.000000	0.159203
107.000000	0.152584
108.000000	0.192808
109.000000	0.229469
110.000000	0.234052
111.000000	0.183643
112.000000	0.136799
113.000000	0.128652
114.000000	0.159712
115.000000	0.206047
116.000000	0.230487
117.000000	0.211139
118.000000	0.162767
119.000000	0.129161
120.000000	0.144946
121.000000	0.198409
122.000000	0.224887
123.000000	0.194845
124.000000	0.153093
125.000000	0.123561
126.000000	0.136799
127.000000	0.186189
128.000000	0.223868
129.000000	0.213176
130.000000	0.169896
131.000000	0.132726
132.000000	0.157166
133.000000	0.206556
134.000000	0.230997
135.000000	0.214703
136.000000	0.163276
137.000000	0.129671
138.000000	0.149529
139.000000	0.203501
140.000000	0.216231
141.000000	0.167350
142.000000	0.127125
143.000000	0.126106
144.000000	0.157675
145.000000	0.206047
146.000000	0.223359
147.000000	0.202992
148.000000	0.164804
149.000000	0.127634
150.000000	0.135272
151.000000	0.190772
152.000000	0.227942
153.000000	0.224887
154.000000	0.177533
155.000000	0.137308
156.000000	0.164295
157.000000	0.208593
158.000000	0.230487
159.000000	0.192808
160.000000	0.140873
161.000000	0.133744
162.000000	0.172441
163.000000	0.219286
164.000000	0.219795
165.000000	0.173969
166.000000	0.130689
167.000000	0.134762
168.000000	0.182625
169.000000	0.225905
170.000000	0.216740
171.000000	0.156657
172.000000	0.130689
173.000000	0.162258
174.000000	0.215212
175.000000	0.215721
176.000000	0.166331
177.000000	0.137817
178.000000	0.180079
179.000000	0.227942
180.000000	0.225905
181.000000	0.180588
182.000000	0.137308
183.000000	0.118978
184.000000	0.144946
185.000000	0.207065
186.000000	0.218776
187.000000	0.181097
188.000000	0.140873
189.000000	0.177533
190.000000	0.225396
191.000000	0.248309
192.000000	0.238634
193.000000	0.192808
194.000000	0.140873
195.000000	0.124070
196.000000	0.173969
197.000000	0.224887
198.000000	0.221832
199.000000	0.182625
200.000000	0.135781
201.000000	0.136290
202.000000	0.196373
203.000000	0.228451
204.000000	0.200955
205.000000	0.145964
206.000000	0.153602
207.000000	0.206556
208.000000	0.242708
209.000000	0.238634
210.000000	0.197900
211.000000	0.143928
212.000000	0.135272
213.000000	0.183643
214.000000	0.229978
215.000000	0.227942
216.000000	0.181607
217.000000	0.136799
218.000000	0.158694
219.000000	0.214703
220.000000	0.206556
221.000000	0.153093
222.000000	0.123051
223.000000	0.136799
224.000000	0.186189
225.000000	0.232015
226.000000	0.227432
227.000000	0.187717
228.000000	0.137817
229.000000	0.125597
230.000000	0.170405
231.000000	0.222341
232.000000	0.232015
233.000000	0.185680
234.000000	0.136290
235.000000	0.147492
236.000000	0.199937
237.000000	0.227942
238.000000	0.197900
239.000000	0.151565
240.000000	0.126106
241.000000	0.173460
242.000000	0.222341
243.000000	0.204520
244.000000	0.148510
245.000000	0.154111
246.000000	0.208593
247.000000	0.223359
248.000000	0.179570
249.000000	0.133235
250.000000	0.145455
251.000000	0.187208
252.000000	0.227942
253.000000	0.236598
254.000000	0.183134
255.000000	0.141382
256.000000	0.158694
257.000000	0.197391
258.000000	0.233033
259.000000	0.216231
260.000000	0.158694
261.000000	0.122033
262.000000	0.128652
263.000000	0.174478
264.000000	0.222341
265.000000	0.233543
266.000000	0.208084
267.000000	0.159712
268.000000	0.121524
269.000000	0.131198
270.000000	0.191790
271.000000	0.214703
272.000000	0.167350
273.000000	0.131198
274.000000	0.166840
275.000000	0.218267
276.000000	0.236598
277.000000	0.205538
278.000000	0.145455
279.000000	0.150547
280.000000	0.203501
281.000000	0.231506
282.000000	0.204010
283.000000	0.151056
284.000000	0.136290
285.000000	0.183134
286.000000	0.227432
287.000000	0.220304
288.000000	0.167859
289.000000	0.127125
290.000000	0.140363
291.000000	0.181097
292.000000	0.223359
293.000000	0.211139
294.000000	0.159712
295.000000	0.120505
296.000000	0.117960
297.000000	0.169896
298.000000	0.212157
299.000000	0.168368
300.000000	0.132217
301.000000	0.155639
302.000000	0.207065
303.000000	0.230487
304.000000	0.185680
305.000000	0.135272
306.000000	0.135272
307.000000	0.166840
308.000000	0.216231
309.000000	0.240671
310.000000	0.234052
311.000000	0.209102
312.000000	0.156148
313.000000	0.123561
314.000000	0.141891
315.000000	0.186698
316.000000	0.231506
317.000000	0.242199
318.000000	0.209102
319.000000	0.151565
320.000000	0.129671
321.000000	0.149529
322.000000	0.194336
323.000000	0.236088
324.000000	0.222850
325.000000	0.161749
326.000000	0.131707
327.000000	0.157166
328.000000	0.207575
329.000000	0.242708
330.000000	0.253910
331.000000	0.225905
332.000000	0.178552
333.000000	0.135272
334.000000	0.112359
335.000000	0.137817
336.000000	0.188226
337.000000	0.230997
338.000000	0.238634
339.000000	0.188226
340.000000	0.135781
341.000000	0.131198
342.000000	0.182625
343.000000	0.231506
344.000000	0.241180
345.000000	0.214703
346.000000	0.166331
347.000000	0.127125
348.000000	0.151056
349.000000	0.200955
350.000000	0.242199
351.000000	0.257983
352.000000	0.255437
353.000000	0.217249
354.000000	0.154620
355.000000	0.125088
356.000000	0.141382
357.000000	0.173460
358.000000	0.211139
359.000000	0.244744
360.000000	0.257474
361.000000	0.228960
362.000000	0.181607
363.000000	0.132726
364.000000	0.116432
365.000000	0.138836
366.000000	0.179061
367.000000	0.225396
368.000000	0.250345
369.000000	0.229469
370.000000	0.176515
371.000000	0.131198
372.000000	0.117450
373.000000	0.142400
374.000000	0.185680
375.000000	0.226923
376.000000	0.252382
377.000000	0.245254
378.000000	0.213176
379.000000	0.166840
380.000000	0.126616
381.000000	0.109813
382.000000	0.134762
383.000000	0.195354
384.000000	0.238125
385.000000	0.245254
386.000000	0.210120
387.000000	0.157675
388.000000	0.123051
389.000000	0.106249
390.000000	0.133235
391.000000	0.189753
392.000000	0.234052
393.000000	0.249327
394.000000	0.226414
395.000000	0.181097
396.000000	0.135781
397.000000	0.117960
398.000000	0.143928
399.000000	0.197391
400.000000	0.240162
401.000000	0.249836
402.000000	0.213685
403.000000	0.156148
404.000000	0.118469
405.000000	0.107267
406.000000	0.117960
407.000000	0.164295
408.000000	0.220304
409.000000	0.242708
410.000000	0.224887
411.000000	0.187717
412.000000	0.143418
413.000000	0.111849
414.000000	0.119996
415.000000	0.166840
416.000000	0.220813
417.000000	0.247290
418.000000	0.233543
419.000000	0.198409
420.000000	0.157675
421.000000	0.120505
422.000000	0.117960
423.000000	0.154111
424.000000	0.201974
425.000000	0.243217
426.000000	0.259001
427.000000	0.237107
428.000000	0.189244
429.000000	0.139854
430.000000	0.110322
431.000000	0.116941
432.000000	0.166331
433.000000	0.222341
434.000000	0.247799
435.000000	0.232524
436.000000	0.188735
437.000000	0.141891
438.000000	0.112359
439.000000	0.119487
440.000000	0.162767
441.000000	0.213685
442.000000	0.249327
443.000000	0.259511
444.000000	0.235070
445.000000	0.173969
446.000000	0.128143
447.000000	0.124579
448.000000	0.154111
449.000000	0.197900
450.000000	0.239653
451.000000	0.255946
452.000000	0.236088
453.000000	0.183134
454.000000	0.132217
455.000000	0.116941
456.000000	0.143928
457.000000	0.192299
458.000000	0.236088
459.000000	0.260020
460.000000	0.254928
461.000000	0.223359
462.000000	0.173969
463.000000	0.129671
464.000000	0.109813
465.000000	0.128652
466.000000	0.177533
467.000000	0.225905
468.000000	0.253400
469.000000	0.243217
470.000000	0.196882
471.000000	0.143928
472.000000	0.116941
473.000000	0.137817
474.000000	0.186189
475.000000	0.229978
476.000000	0.255437
477.000000	0.250855
478.000000	0.214703
479.000000	0.162258
480.000000	0.122542
481.000000	0.111340
482.000000	0.138836
483.000000	0.188226
484.000000	0.234561
485.000000	0.255437
486.000000	0.249836
487.000000	0.215212
488.000000	0.163785
489.000000	0.122542
490.000000	0.112868
491.000000	0.137817
492.000000	0.185171
493.000000	0.232015
494.000000	0.247290
495.000000	0.218267
496.000000	0.171932
497.000000	0.128652
498.000000	0.109813
499.000000	0.127634
500.000000	0.180079
501.000000	0.228960
502.000000	0.246781
503.000000	0.219795
504.000000	0.167350
505.000000	0.124070
506.000000	0.112359
507.000000	0.139345
508.000000	0.189244
509.000000	0.234561
510.000000	0.240162
511.000000	0.207065
512.000000	0.157675
513.000000	0.118469
514.000000	0.106249
515.000000	0.130180
516.000000	0.180079
517.000000	0.226923
518.000000	0.251873
519.000000	0.238634
520.000000	0.193827
521.000000	0.140363
522.000000	0.116432
523.000000	0.149019
524.000000	0.206047
525.000000	0.241689
526.000000	0.232524
527.000000	0.191281
528.000000	0.142909
529.000000	0.111340
530.000000	0.121015
531.000000	0.170914
532.000000	0.224887
533.000000	0.236598
534.000000	0.205029
535.000000	0.159203
536.000000	0.118469
537.000000	0.114395
538.000000	0.145964
539.000000	0.182625
540.000000	0.225396
541.000000	0.245763
542.000000	0.215721
543.000000	0.171932
544.000000	0.127634
545.000000	0.107267
546.000000	0.128143
547.000000	0.180588
548.000000	0.229469
549.000000	0.249327
550.000000	0.240162
551.000000	0.203501
552.000000	0.158185
553.000000	0.119996
554.000000	0.103193
555.000000	0.118978
556.000000	0.155639
557.000000	0.195864
558.000000	0.232524
559.000000	0.255437
560.000000	0.248818
561.000000	0.211648
562.000000	0.162258
563.000000	0.121015
564.000000	0.104721
565.000000	0.113886
566.000000	0.141382
567.000000	0.186698
568.000000	0.231506
569.000000	0.245763
570.000000	0.207575
571.000000	0.149019
572.000000	0.116941
573.000000	0.121524
574.000000	0.162767
575.000000	0.215721
576.000000	0.239143
577.000000	0.228960
578.000000	0.198919
579.000000	0.157166
580.000000	0.117960
581.000000	0.111849
582.000000	0.140873
583.000000	0.190263
584.000000	0.234561
585.000000	0.239653
586.000000	0.205029
587.000000	0.156657
588.000000	0.117450
589.000000	0.105230
590.000000	0.129671
591.000000	0.177024
592.000000	0.224377
593.000000	0.247799
594.000000	0.234052
595.000000	0.194336
596.000000	0.154111
597.000000	0.116432
598.000000	0.108794
599.000000	0.146473
600.000000	0.196882
601.000000	0.236598
602.000000	0.246781
603.000000	0.209102
604.000000	0.159203
605.000000	0.118978
606.000000	0.102175
607.000000	0.121015
608.000000	0.177024
609.000000	0.225396
610.000000	0.230997
611.000000	0.193318
612.000000	0.141891
613.000000	0.110322
614.000000	0.116432
615.000000	0.151056
616.000000	0.202483
617.000000	0.239653
618.000000	0.244744
619.000000	0.211648
620.000000	0.160730
621.000000	0.119996
622.000000	0.106758
623.000000	0.136290
624.000000	0.193318
625.000000	0.236088
626.000000	0.241689
627.000000	0.219286
628.000000	0.181097
629.000000	0.136799
630.000000	0.108794
631.000000	0.115923
632.000000	0.157166
633.000000	0.209611
634.000000	0.242199
635.000000	0.236598
636.000000	0.199428
637.000000	0.153093
638.000000	0.115923
639.000000	0.113886
640.000000	0.149019
641.000000	0.196373
642.000000	0.235579
643.000000	0.255946
644.000000	0.251364
645.000000	0.226923
646.000000	0.167859
647.000000	0.125597
648.000000	0.125597
649.000000	0.158185
650.000000	0.206556
651.000000	0.242708
652.000000	0.245763
653.000000	0.207575
654.000000	0.155639
655.000000	0.116941
656.000000	0.128143
657.000000	0.178552
658.000000	0.225396
659.000000	0.244235
660.000000	0.224377
661.000000	0.181097
662.000000	0.130689
663.000000	0.118469
664.000000	0.148001
665.000000	0.185171
666.000000	0.224887
667.000000	0.246272
668.000000	0.217249
669.000000	0.173969
670.000000	0.138327
671.000000	0.107776
672.000000	0.101157
673.000000	0.118469
674.000000	0.165313
675.000000	0.216740
676.000000	0.240671
677.000000	0.216231
678.000000	0.164295
679.000000	0.121015
680.000000	0.105230
681.000000	0.115414
682.000000	0.171932
683.000000	0.224377
684.000000	0.238634
685.000000	0.188735
686.000000	0.135781
687.000000	0.118978
688.000000	0.143418
689.000000	0.192299
690.000000	0.234561
691.000000	0.247290
692.000000	0.229978
693.000000	0.181607
694.000000	0.130180
695.000000	0.105739
696.000000	0.118469
697.000000	0.161749
698.000000	0.211139
699.000000	0.243726
700.000000	0.228451
701.000000	0.173969
702.000000	0.125597
703.000000	0.109304
704.000000	0.128143
705.000000	0.170914
706.000000	0.218776
707.000000	0.242708
708.000000	0.226414
709.000000	0.176515
710.000000	0.128143
711.000000	0.102175
712.000000	0.099629
713.000000	0.118978
714.000000	0.156148
715.000000	0.205538
716.000000	0.238634
717.000000	0.223868
718.000000	0.189244
719.000000	0.153093
720.000000	0.115414
721.000000	0.105230
722.000000	0.128652
723.000000	0.182625
724.000000	0.228451
725.000000	0.252382
726.000000	0.254928
727.000000	0.225396
728.000000	0.168877
729.000000	0.123561
730.000000	0.102175
731.000000	0.112359
732.000000	0.158694
733.000000	0.211139
734.000000	0.241689
735.000000	0.233543
736.000000	0.190263
737.000000	0.142909
738.000000	0.109304
739.000000	0.105230
740.000000	0.128652
741.000000	0.167350
742.000000	0.205029
743.000000	0.239653
744.000000	0.240671
745.000000	0.197900
746.000000	0.143418
747.000000	0.117450
748.000000	0.150547
749.000000	0.208593
750.000000	0.216231
751.000000	0.182116
752.000000	0.134762
753.000000	0.107267
754.000000	0.120505
755.000000	0.178042
756.000000	0.225396
757.000000	0.250345
758.000000	0.264093
759.000000	0.266130
760.000000	0.222341
761.000000	0.152584
762.000000	0.133235
763.000000	0.176006
764.000000	0.226414
765.000000	0.239143
766.000000	0.224377
767.000000	0.179061
768.000000	0.133235
769.000000	0.113886
770.000000	0.149019
771.000000	0.195864
772.000000	0.230997
773.000000	0.247290
774.000000	0.223868
775.000000	0.177533
776.000000	0.137308
777.000000	0.109304
778.000000	0.098102
779.000000	0.100648
780.000000	0.112359
781.000000	0.171932
782.000000	0.225396
783.000000	0.242199
784.000000	0.222850
785.000000	0.177533
786.000000	0.131198
787.000000	0.107267
788.000000	0.118978
789.000000	0.167859
790.000000	0.218267
791.000000	0.244235
792.000000	0.234052
793.000000	0.188226
794.000000	0.139854
795.000000	0.106249
796.000000	0.097083
797.000000	0.108285
798.000000	0.133235
799.000000	0.174987
800.000000	0.219795
801.000000	0.232015
802.000000	0.186698
803.000000	0.139854
804.000000	0.108794
805.000000	0.109304
806.000000	0.142909
807.000000	0.188226
808.000000	0.232015
809.000000	0.248309
810.000000	0.240162
811.000000	0.212157
812.000000	0.158185
813.000000	0.117450
814.000000	0.108794
815.000000	0.127634
816.000000	0.166331
817.000000	0.214703
818.000000	0.248309
819.000000	0.233033
820.000000	0.182116
821.000000	0.131707
822.000000	0.125597
823.000000	0.144437
824.000000	0.171423
825.000000	0.211648
826.000000	0.241689
827.000000	0.222850
828.000000	0.167350
829.000000	0.122542
830.000000	0.115923
831.000000	0.131707
832.000000	0.176515
833.000000	0.222341
834.000000	0.249836
835.000000	0.239143
836.000000	0.195864
837.000000	0.140873
838.000000	0.113886
839.000000	0.147492
840.000000	0.201974
841.000000	0.239143
842.000000	0.232015
843.000000	0.184662
844.000000	0.135272
845.000000	0.105739
846.000000	0.105230
847.000000	0.133744
848.000000	0.179061
849.000000	0.224377
850.000000	0.246781
851.000000	0.221832
852.000000	0.163785
853.000000	0.121524
854.000000	0.118978
855.000000	0.136290
856.000000	0.165822
857.000000	0.200446
858.000000	0.235579
859.000000	0.253910
860.000000	0.239143
861.000000	0.219795
862.000000	0.201974
863.000000	0.156657
864.000000	0.116941
865.000000	0.116941
866.000000	0.141891
867.000000	0.182116
868.000000	0.225396
869.000000	0.239653
870.000000	0.196882
871.000000	0.142909
872.000000	0.160730
873.000000	0.203501
874.000000	0.240671
875.000000	0.225396
876.000000	0.161240
877.000000	0.124070
878.000000	0.142909
879.000000	0.192299
880.000000	0.235579
881.000000	0.250345
882.000000	0.229469
883.000000	0.183134
884.000000	0.131198
885.000000	0.112359
886.000000	0.128652
887.000000	0.172441
888.000000	0.217758
889.000000	0.246272
890.000000	0.256455
891.000000	0.259001
892.000000	0.267148
893.000000	0.270203
894.000000	0.232524
895.000000	0.183643
896.000000	0.132726
897.000000	0.127634
898.000000	0.165822
899.000000	0.209102
900.000000	0.243217
901.000000	0.262056
902.000000	0.257983
903.000000	0.226923
904.000000	0.191281
905.000000	0.140873
906.000000	0.112868
907.000000	0.145455
908.000000	0.201464
909.000000	0.224377
910.000000	0.230487
911.000000	0.215721
912.000000	0.182116
913.000000	0.139345
914.000000	0.113886
915.000000	0.138836
916.000000	0.193827
917.000000	0.235070
918.000000	0.245254
919.000000	0.237616
920.000000	0.206047
921.000000	0.148510
922.000000	0.132217
923.000000	0.170914
924.000000	0.207575
925.000000	0.241180
926.000000	0.252382
927.000000	0.236598
928.000000	0.205538
929.000000	0.156148
930.000000	0.117450
931.000000	0.116432
932.000000	0.143418
933.000000	0.198409
934.000000	0.234052
935.000000	0.221322
936.000000	0.173460
937.000000	0.127634
938.000000	0.100648
939.000000	0.095047
940.000000	0.128652
941.000000	0.195864
942.000000	0.219795
943.000000	0.173969
944.000000	0.128652
945.000000	0.101157
946.000000	0.091992
947.000000	0.102684
948.000000	0.129161
949.000000	0.186189
950.000000	0.232524
951.000000	0.256455
952.000000	0.252382
953.000000	0.197900
954.000000	0.149529
955.000000	0.112868
956.000000	0.100138
957.000000	0.117960
958.000000	0.164804
959.000000	0.219286
960.000000	0.243726
961.000000	0.224377
962.000000	0.178552
963.000000	0.134253
964.000000	0.110322
965.000000	0.128143
966.000000	0.181097
967.000000	0.226923
968.000000	0.250855
969.000000	0.227942
970.000000	0.176006
971.000000	0.130180
972.000000	0.135781
973.000000	0.165822
974.000000	0.217249
975.000000	0.247799
976.000000	0.238125
977.000000	0.192808
978.000000	0.146473
979.000000	0.117960
980.000000	0.145964
981.000000	0.181607
982.000000	0.220813
983.000000	0.250855
984.000000	0.261547
985.000000	0.249327
986.000000	0.201464
987.000000	0.141382
988.000000	0.109304
989.000000	0.103703
990.000000	0.136290
991.000000	0.192808
992.000000	0.235070
993.000000	0.250855
994.000000	0.231506
995.000000	0.184152
996.000000	0.132217
997.000000	0.111340
998.000000	0.133235
999.000000	0.178042
1000.000000	0.223868
1001.000000	0.249836
1002.000000	0.247290
1003.000000	0.201464
1004.000000	0.154111
1005.000000	0.117960
1006.000000	0.096065
1007.000000	0.105739
1008.000000	0.146983
1009.000000	0.197391
1010.000000	0.238634
1011.000000	0.256455
1012.000000	0.234052
1013.000000	0.178042
1014.000000	0.126616
1015.000000	0.111340
1016.000000	0.134762
1017.000000	0.174987
1018.000000	0.216740
1019.000000	0.249836
1020.000000	0.262056
1021.000000	0.247290
1022.000000	0.199428
1023.000000	0.142909
1024.000000	0.113886
1025.000000	0.132726
1026.000000	0.173969
1027.000000	0.215212
1028.000000	0.248818
1029.000000	0.259511
1030.000000	0.233543
1031.000000	0.185171
1032.000000	0.138836
1033.000000	0.122033
1034.000000	0.155129
1035.000000	0.203501
1036.000000	0.242199
1037.000000	0.262566
1038.000000	0.240671
1039.000000	0.186189
1040.000000	0.135272
1041.000000	0.107267
1042.000000	0.113377
1043.000000	0.166331
1044.000000	0.215212
1045.000000	0.247290
1046.000000	0.259511
1047.000000	0.235579
1048.000000	0.179570
1049.000000	0.127125
1050.000000	0.109813
1051.000000	0.125088
1052.000000	0.188735
1053.000000	0.234561
1054.000000	0.240671
1055.000000	0.204520
1056.000000	0.148001
1057.000000	0.112359
1058.000000	0.101157
1059.000000	0.106758
1060.000000	0.118978
1061.000000	0.141891
1062.000000	0.181097
1063.000000	0.223868
1064.000000	0.252891
1065.000000	0.250345
1066.000000	0.219286
1067.000000	0.178552
1068.000000	0.134253
1069.000000	0.105230
1070.000000	0.105230
1071.000000	0.122033
1072.000000	0.147492
1073.000000	0.183134
1074.000000	0.225905
1075.000000	0.252891
1076.000000	0.249836
1077.000000	0.223359
1078.000000	0.187208
1079.000000	0.140363
1080.000000	0.109813
1081.000000	0.118978
1082.000000	0.154620
1083.000000	0.193827
1084.000000	0.232524
1085.000000	0.257983
1086.000000	0.267148
1087.000000	0.248818
1088.000000	0.207575
1089.000000	0.152584
1090.000000	0.115414
1091.000000	0.115923
1092.000000	0.149019
1093.000000	0.196373
1094.000000	0.236598
1095.000000	0.257474
1096.000000	0.233543
1097.000000	0.165822
1098.000000	0.124070
1099.000000	0.124579
1100.000000	0.153093
1101.000000	0.195864
1102.000000	0.236598
1103.000000	0.259001
1104.000000	0.254928
1105.000000	0.219795
1106.000000	0.179061
1107.000000	0.141891
1108.000000	0.109304
1109.000000	0.093519
1110.000000	0.099629
1111.000000	0.124070
1112.000000	0.160730
1113.000000	0.203501
1114.000000	0.240671
1115.000000	0.261038
1116.000000	0.265111
1117.000000	0.246272
1118.000000	0.211139
1119.000000	0.157675
1120.000000	0.115923
1121.000000	0.104721
1122.000000	0.112359
1123.000000	0.137308
1124.000000	0.184152
1125.000000	0.230487
1126.000000	0.253910
1127.000000	0.242708
1128.000000	0.214703
1129.000000	0.180588
1130.000000	0.146473
1131.000000	0.113886
1132.000000	0.101666
1133.000000	0.117450
1134.000000	0.152584
1135.000000	0.189244
1136.000000	0.229469
1137.000000	0.255437
1138.000000	0.257474
1139.000000	0.233543
1140.000000	0.202992
1141.000000	0.162767
1142.000000	0.125088
1143.000000	0.100648
1144.000000	0.090464
1145.000000	0.107776
1146.000000	0.150038
1147.000000	0.202483
1148.000000	0.243726
1149.000000	0.262056
1150.000000	0.254419
1151.000000	0.226923
1152.000000	0.177533
1153.000000	0.128652
1154.000000	0.102175
1155.000000	0.098102
1156.000000	0.117960
1157.000000	0.153602
1158.000000	0.201974
1159.000000	0.241180
1160.000000	0.258492
1161.000000	0.248309
1162.000000	0.213176
1163.000000	0.167859
1164.000000	0.122033
1165.000000	0.105739
1166.000000	0.116432
1167.000000	0.150547
1168.000000	0.194845
1169.000000	0.237616
1170.000000	0.259511
1171.000000	0.250345
1172.000000	0.219795
1173.000000	0.180079
1174.000000	0.138836
1175.000000	0.107267
1176.000000	0.091992
1177.000000	0.103703
1178.000000	0.146983
1179.000000	0.201464
1180.000000	0.242708
1181.000000	0.251873
1182.000000	0.247290
1183.000000	0.225396
1184.000000	0.183643
1185.000000	0.132217
1186.000000	0.105739
1187.000000	0.098102
1188.000000	0.132217
1189.000000	0.189753
1190.000000	0.235070
1191.000000	0.257983
1192.000000	0.260529
1193.000000	0.240671
1194.000000	0.207575
1195.000000	0.170405
1196.000000	0.139345
1197.000000	0.108794
1198.000000	0.099629
1199.000000	0.112868
1200.000000	0.156148
1201.000000	0.206556
1202.000000	0.238634
1203.000000	0.262566
1204.000000	0.252891
1205.000000	0.213176
1206.000000	0.173969
1207.000000	0.127634
1208.000000	0.108285
1209.000000	0.125597
1210.000000	0.171932
1211.000000	0.218776
1212.000000	0.245254
1213.000000	0.264093
1214.000000	0.273767
1215.000000	0.258492
1216.000000	0.217758
1217.000000	0.161749
1218.000000	0.118469
1219.000000	0.103703
1220.000000	0.118469
1221.000000	0.160730
1222.000000	0.210120
1223.000000	0.247799
1224.000000	0.267657
1225.000000	0.264602
1226.000000	0.242708
1227.000000	0.210630
1228.000000	0.165313
1229.000000	0.126616
1230.000000	0.100138
1231.000000	0.089955
1232.000000	0.098102
1233.000000	0.128652
1234.000000	0.181097
1235.000000	0.227432
1236.000000	0.254928
1237.000000	0.252891
1238.000000	0.235070
1239.000000	0.206556
1240.000000	0.174478
1241.000000	0.133235
1242.000000	0.107267
1243.000000	0.104212
1244.000000	0.133235
1245.000000	0.183643
1246.000000	0.230487
1247.000000	0.256455
1248.000000	0.254928
1249.000000	0.235579
1250.000000	0.200955
1251.000000	0.154111
1252.000000	0.115414
1253.000000	0.098102
1254.000000	0.110322
1255.000000	0.142909
1256.000000	0.177533
1257.000000	0.215721
1258.000000	0.249836
1259.000000	0.262566
1260.000000	0.249327
1261.000000	0.221832
1262.000000	0.185171
1263.000000	0.144946
1264.000000	0.113377
1265.000000	0.094538
1266.000000	0.089955
1267.000000	0.109304
1268.000000	0.152584
1269.000000	0.200446
1270.000000	0.240671
1271.000000	0.264602
1272.000000	0.268676
1273.000000	0.245254
1274.000000	0.204010
1275.000000	0.156657
1276.000000	0.120505
1277.000000	0.097593
1278.000000	0.096574
1279.000000	0.118978
1280.000000	0.157166
1281.000000	0.193827
1282.000000	0.228960
1283.000000	0.257983
1284.000000	0.267148
1285.000000	0.255946
1286.000000	0.225905
1287.000000	0.185171
1288.000000	0.144946
1289.000000	0.111849
1290.000000	0.097083
1291.000000	0.111849
1292.000000	0.151056
1293.000000	0.199428
1294.000000	0.238634
1295.000000	0.263075
1296.000000	0.264093
1297.000000	0.241689
1298.000000	0.193827
1299.000000	0.141891
1300.000000	0.108285
1301.000000	0.102175
1302.000000	0.122033
1303.000000	0.168368
1304.000000	0.224377
1305.000000	0.254928
1306.000000	0.257983
1307.000000	0.240671
1308.000000	0.206047
1309.000000	0.164804
1310.000000	0.123561
1311.000000	0.100138
1312.000000	0.099120
1313.000000	0.123051
1314.000000	0.166331
1315.000000	0.216740
1316.000000	0.252382
1317.000000	0.265621
1318.000000	0.256455
1319.000000	0.224887
1320.000000	0.187208
1321.000000	0.146473
1322.000000	0.112359
1323.000000	0.095047
1324.000000	0.108285
1325.000000	0.154111
1326.000000	0.197391
1327.000000	0.234561
1328.000000	0.261038
1329.000000	0.271222
1330.000000	0.267657
1331.000000	0.247290
1332.000000	0.209102
1333.000000	0.161749
1334.000000	0.120505
1335.000000	0.100648
1336.000000	0.121524
1337.000000	0.165822
1338.000000	0.208593
1339.000000	0.245254
1340.000000	0.266130
1341.000000	0.263075
1342.000000	0.229469
1343.000000	0.184152
1344.000000	0.140363
1345.000000	0.107267
1346.000000	0.094538
1347.000000	0.105739
1348.000000	0.143928
1349.000000	0.191790
1350.000000	0.234561
1351.000000	0.261038
1352.000000	0.264093
1353.000000	0.240671
1354.000000	0.195354
1355.000000	0.144946
1356.000000	0.110831
1357.000000	0.101666
1358.000000	0.125597
1359.000000	0.177533
1360.000000	0.230487
1361.000000	0.260529
1362.000000	0.262056
1363.000000	0.239143
1364.000000	0.198919
1365.000000	0.152074
1366.000000	0.117960
1367.000000	0.094538
1368.000000	0.092501
1369.000000	0.110322
1370.000000	0.148001
1371.000000	0.192808
1372.000000	0.234052
1373.000000	0.263075
1374.000000	0.265621
1375.000000	0.240671
1376.000000	0.197900
1377.000000	0.148510
1378.000000	0.111340
1379.000000	0.118469
1380.000000	0.146983
1381.000000	0.180079
1382.000000	0.218267
1383.000000	0.252382
1384.000000	0.271222
1385.000000	0.273258
1386.000000	0.260020
1387.000000	0.222850
1388.000000	0.173460
1389.000000	0.129161
1390.000000	0.101666
1391.000000	0.102175
1392.000000	0.125088
1393.000000	0.165313
1394.000000	0.217249
1395.000000	0.253400
1396.000000	0.263584
1397.000000	0.243217
1398.000000	0.202483
1399.000000	0.157675
1400.000000	0.117960
1401.000000	0.103193
1402.000000	0.127125
1403.000000	0.174987
1404.000000	0.222341
1405.000000	0.256455
1406.000000	0.271222
1407.000000	0.265621
1408.000000	0.243726
1409.000000	0.204520
1410.000000	0.153602
1411.000000	0.113886
1412.000000	0.098102
1413.000000	0.108794
1414.000000	0.145964
1415.000000	0.189753
1416.000000	0.230487
1417.000000	0.260020
1418.000000	0.268167
1419.000000	0.253910
1420.000000	0.224887
1421.000000	0.176006
1422.000000	0.129671
1423.000000	0.103193
1424.000000	0.108794
1425.000000	0.138327
1426.000000	0.180079
1427.000000	0.222341
1428.000000	0.254928
1429.000000	0.272749
1430.000000	0.269185
1431.000000	0.245763
1432.000000	0.198409
1433.000000	0.144437
1434.000000	0.109813
1435.000000	0.110831
1436.000000	0.139345
1437.000000	0.180588
1438.000000	0.227942
1439.000000	0.256965
1440.000000	0.250345
1441.000000	0.221832
1442.000000	0.186698
1443.000000	0.152584
1444.000000	0.117960
1445.000000	0.097083
1446.000000	0.102684
1447.000000	0.126616
1448.000000	0.166840
1449.000000	0.209611
1450.000000	0.245763
1451.000000	0.268676
1452.000000	0.278350
1453.000000	0.279878
1454.000000	0.271731
1455.000000	0.237107
1456.000000	0.189753
1457.000000	0.142909
1458.000000	0.109813
1459.000000	0.097083
1460.000000	0.114395
1461.000000	0.163785
1462.000000	0.216231
1463.000000	0.253910
1464.000000	0.268167
1465.000000	0.260020
1466.000000	0.223868
1467.000000	0.170405
1468.000000	0.124579
1469.000000	0.103193
1470.000000	0.114905
1471.000000	0.142909
1472.000000	0.187208
1473.000000	0.229469
1474.000000	0.260529
1475.000000	0.265111
1476.000000	0.236598
1477.000000	0.198919
1478.000000	0.153093
1479.000000	0.112868
1480.000000	0.102684
1481.000000	0.119996
1482.000000	0.159203
1483.000000	0.204520
1484.000000	0.242708
1485.000000	0.266639
1486.000000	0.274277
1487.000000	0.260529
1488.000000	0.222341
1489.000000	0.176515
1490.000000	0.133235
1491.000000	0.104212
1492.000000	0.103703
1493.000000	0.129671
1494.000000	0.170914
1495.000000	0.209611
1496.000000	0.245254
1497.000000	0.267657
1498.000000	0.270712
1499.000000	0.246272
1500.000000	0.197900
1501.000000	0.141891
1502.000000	0.107776
1503.000000	0.101157
1504.000000	0.124070
1505.000000	0.171932
1506.000000	0.224377
1507.000000	0.259001
1508.000000	0.266639
1509.000000	0.251873
1510.000000	0.217249
1511.000000	0.174478
1512.000000	0.134762
1513.000000	0.104721
1514.000000	0.100138
1515.000000	0.127634
1516.000000	0.166840
1517.000000	0.197900
1518.000000	0.234052
1519.000000	0.262056
1520.000000	0.269694
1521.000000	0.254928
1522.000000	0.211139
1523.000000	0.158694
1524.000000	0.116432
1525.000000	0.100648
1526.000000	0.111340
1527.000000	0.152584
1528.000000	0.206556
1529.000000	0.246272
1530.000000	0.265621
1531.000000	0.260020
1532.000000	0.232524
1533.000000	0.182116
1534.000000	0.137308
1535.000000	0.105230
1536.000000	0.108285
1537.000000	0.143928
1538.000000	0.188735
1539.000000	0.229978
1540.000000	0.259511
1541.000000	0.267148
1542.000000	0.244744
1543.000000	0.201464
1544.000000	0.149529
1545.000000	0.111849
1546.000000	0.105739
1547.000000	0.134253
1548.000000	0.176006
1549.000000	0.210630
1550.000000	0.246781
1551.000000	0.268676
1552.000000	0.268167
1553.000000	0.247799
1554.000000	0.205029
1555.000000	0.164804
1556.000000	0.128652
1557.000000	0.101157
1558.000000	0.099120
1559.000000	0.126106
1560.000000	0.173969
1561.000000	0.221832
1562.000000	0.255437
1563.000000	0.266130
1564.000000	0.250855
1565.000000	0.219795
1566.000000	0.172441
1567.000000	0.126616
1568.000000	0.099120
1569.000000	0.091482
1570.000000	0.118978
1571.000000	0.170914
1572.000000	0.220813
1573.000000	0.253400
1574.000000	0.248309
1575.000000	0.219795
1576.000000	0.185171
1577.000000	0.151056
1578.000000	0.120505
1579.000000	0.096065
1580.000000	0.089446
1581.000000	0.108285
1582.000000	0.140873
1583.000000	0.189244
1584.000000	0.237107
1585.000000	0.249836
1586.000000	0.237107
1587.000000	0.205029
1588.000000	0.155129
1589.000000	0.118469
1590.000000	0.095556
1591.000000	0.099629
1592.000000	0.132217
1593.000000	0.178552
1594.000000	0.222850
1595.000000	0.254928
1596.000000	0.253910
1597.000000	0.223868
1598.000000	0.172441
1599.000000	0.124070
1600.000000	0.106249
1601.000000	0.121015
1602.000000	0.158185
1603.000000	0.194336
1604.000000	0.225905
1605.000000	0.255437
1606.000000	0.268676
1607.000000	0.248818
1608.000000	0.202992
1609.000000	0.155129
1610.000000	0.115414
1611.000000	0.095556
1612.000000	0.089955
1613.000000	0.104721
1614.000000	0.156657
1615.000000	0.216740
1616.000000	0.246272
1617.000000	0.246781
1618.000000	0.250855
1619.000000	0.250345
1620.000000	0.232524
1621.000000	0.190772
1622.000000	0.143928
1623.000000	0.108285
1624.000000	0.094028
1625.000000	0.109813
1626.000000	0.141382
1627.000000	0.176515
1628.000000	0.213685
1629.000000	0.248818
1630.000000	0.268676
1631.000000	0.273767
1632.000000	0.248309
1633.000000	0.204520
1634.000000	0.162767
1635.000000	0.128143
1636.000000	0.106758
1637.000000	0.091992
1638.000000	0.103703
1639.000000	0.134762
1640.000000	0.180588
1641.000000	0.228960
1642.000000	0.258492
1643.000000	0.264602
1644.000000	0.244235
1645.000000	0.204010
1646.000000	0.153093
1647.000000	0.113886
1648.000000	0.103193
1649.000000	0.128652
1650.000000	0.180079
1651.000000	0.231506
1652.000000	0.253910
1653.000000	0.245763
1654.000000	0.208084
1655.000000	0.158694
1656.000000	0.116432
1657.000000	0.097593
1658.000000	0.096065
1659.000000	0.100138
1660.000000	0.120505
1661.000000	0.148510
1662.000000	0.186189
1663.000000	0.224887
1664.000000	0.255437
1665.000000	0.249836
1666.000000	0.211648
1667.000000	0.167350
1668.000000	0.126616
1669.000000	0.100138
1670.000000	0.102175
1671.000000	0.127125
1672.000000	0.168877
1673.000000	0.215721
1674.000000	0.252382
1675.000000	0.263584
1676.000000	0.251364
1677.000000	0.226414
1678.000000	0.182116
1679.000000	0.132217
1680.000000	0.105739
1681.000000	0.113886
1682.000000	0.150547
1683.000000	0.190263
1684.000000	0.228960
1685.000000	0.256455
1686.000000	0.255946
1687.000000	0.228960
1688.000000	0.181097
1689.000000	0.130689
1690.000000	0.102175
1691.000000	0.095556
1692.000000	0.128143
1693.000000	0.181607
1694.000000	0.229978
1695.000000	0.261547
1696.000000	0.264093
1697.000000	0.236598
1698.000000	0.188735
1699.000000	0.138327
1700.000000	0.105230
1701.000000	0.090464
1702.000000	0.092501
1703.000000	0.109304
1704.000000	0.151565
1705.000000	0.202483
1706.000000	0.244235
1707.000000	0.259001
1708.000000	0.242708
1709.000000	0.195354
1710.000000	0.143928
1711.000000	0.107776
1712.000000	0.089955
1713.000000	0.087409
1714.000000	0.094028
1715.000000	0.116432
1716.000000	0.158185
1717.000000	0.204520
1718.000000	0.241180
1719.000000	0.264093
1720.000000	0.268167
1721.000000	0.245763
1722.000000	0.204010
1723.000000	0.158694
1724.000000	0.123561
1725.000000	0.097593
1726.000000	0.088937
1727.000000	0.097593
1728.000000	0.128143
1729.000000	0.170405
1730.000000	0.213685
1731.000000	0.248309
1732.000000	0.264602
1733.000000	0.248818
1734.000000	0.199428
1735.000000	0.144946
1736.000000	0.107267
1737.000000	0.091992
1738.000000	0.110322
1739.000000	0.139854
1740.000000	0.181097
1741.000000	0.222341
1742.000000	0.253910
1743.000000	0.259001
1744.000000	0.237616
1745.000000	0.198919
1746.000000	0.153093
1747.000000	0.112359
1748.000000	0.102175
1749.000000	0.124579
1750.000000	0.168877
1751.000000	0.217758
1752.000000	0.252891
1753.000000	0.264602
1754.000000	0.251364
1755.000000	0.212157
1756.000000	0.163785
1757.000000	0.122542
1758.000000	0.098611
1759.000000	0.101157
1760.000000	0.130180
1761.000000	0.167350
1762.000000	0.209102
1763.000000	0.245763
1764.000000	0.249836
1765.000000	0.218776
1766.000000	0.173969
1767.000000	0.130180
1768.000000	0.102684
1769.000000	0.087409
1770.000000	0.115414
1771.000000	0.134762
1772.000000	0.153602
1773.000000	0.189753
1774.000000	0.232524
1775.000000	0.256965
1776.000000	0.255437
1777.000000	0.234561
1778.000000	0.204010
1779.000000	0.162258
1780.000000	0.118469
1781.000000	0.099120
1782.000000	0.114395
1783.000000	0.156148
1784.000000	0.201974
1785.000000	0.239143
1786.000000	0.263584
1787.000000	0.268167
1788.000000	0.242708
1789.000000	0.191281
1790.000000	0.139345
1791.000000	0.104721
1792.000000	0.096574
1793.000000	0.121524
1794.000000	0.165822
1795.000000	0.220813
1796.000000	0.248309
1797.000000	0.242199
1798.000000	0.208084
1799.000000	0.162258
1800.000000	0.119487
1801.000000	0.106249
1802.000000	0.132217
1803.000000	0.176006
1804.000000	0.210630
1805.000000	0.233543
1806.000000	0.252891
1807.000000	0.269694
1808.000000	0.269694
1809.000000	0.245763
1810.000000	0.194845
1811.000000	0.141891
1812.000000	0.106249
1813.000000	0.103193
1814.000000	0.124579
1815.000000	0.169386
1816.000000	0.210630
1817.000000	0.243726
1818.000000	0.265111
1819.000000	0.274277
1820.000000	0.267657
1821.000000	0.248818
1822.000000	0.206047
1823.000000	0.150547
1824.000000	0.110322
1825.000000	0.101666
1826.000000	0.123051
1827.000000	0.163276
1828.000000	0.214703
1829.000000	0.248818
1830.000000	0.246781
1831.000000	0.217758
1832.000000	0.166840
1833.000000	0.123561
1834.000000	0.096065
1835.000000	0.088937
1836.000000	0.126616
1837.000000	0.185680
1838.000000	0.230487
1839.000000	0.255946
1840.000000	0.248818
1841.000000	0.226923
1842.000000	0.193318
1843.000000	0.153093
1844.000000	0.114905
1845.000000	0.092501
1846.000000	0.100648
1847.000000	0.141382
1848.000000	0.193827
1849.000000	0.237616
1850.000000	0.260020
1851.000000	0.260529
1852.000000	0.249327
1853.000000	0.229978
1854.000000	0.193318
1855.000000	0.153093
1856.000000	0.118469
1857.000000	0.094028
1858.000000	0.090464
1859.000000	0.110322
1860.000000	0.148001
1861.000000	0.194845
1862.000000	0.236598
1863.000000	0.257474
1864.000000	0.247290
1865.000000	0.218267
1866.000000	0.179061
1867.000000	0.136799
1868.000000	0.104212
1869.000000	0.089955
1870.000000	0.102684
1871.000000	0.140873
1872.000000	0.185680
1873.000000	0.223868
1874.000000	0.252891
1875.000000	0.271731
1876.000000	0.270712
1877.000000	0.249327
1878.000000	0.208593
1879.000000	0.168368
1880.000000	0.130180
1881.000000	0.102175
1882.000000	0.088427
1883.000000	0.099120
1884.000000	0.138327
1885.000000	0.188735
1886.000000	0.234052
1887.000000	0.257474
1888.000000	0.248818
1889.000000	0.213685
1890.000000	0.161749
1891.000000	0.118978
1892.000000	0.098102
1893.000000	0.107267
1894.000000	0.139854
1895.000000	0.182116
1896.000000	0.221322
1897.000000	0.251873
1898.000000	0.266639
1899.000000	0.260529
1900.000000	0.232015
1901.000000	0.192299
1902.000000	0.145964
1903.000000	0.107776
1904.000000	0.097593
1905.000000	0.116941
1906.000000	0.152074
1907.000000	0.199937
1908.000000	0.240162
1909.000000	0.260020
1910.000000	0.259511
1911.000000	0.245254
1912.000000	0.213176
1913.000000	0.159203
1914.000000	0.115414
1915.000000	0.094538
1916.000000	0.097593
1917.000000	0.132217
1918.000000	0.179061
1919.000000	0.224887
1920.000000	0.254928
1921.000000	0.255946
1922.000000	0.220813
1923.000000	0.169386
1924.000000	0.123561
1925.000000	0.096065
1926.000000	0.091482
1927.000000	0.108794
1928.000000	0.145964
1929.000000	0.196882
1930.000000	0.238634
1931.000000	0.261038
1932.000000	0.262056
1933.000000	0.236088
1934.000000	0.186698
1935.000000	0.136799
1936.000000	0.103193
1937.000000	0.097083
1938.000000	0.120505
1939.000000	0.171423
1940.000000	0.220304
1941.000000	0.250855
1942.000000	0.259001
1943.000000	0.237616
1944.000000	0.219795
1945.000000	0.200446
1946.000000	0.179061
1947.000000	0.149019
1948.000000	0.121524
1949.000000	0.096574
1950.000000	0.096065
1951.000000	0.130180
1952.000000	0.190772
1953.000000	0.236598
1954.000000	0.251873
1955.000000	0.234561
1956.000000	0.193827
1957.000000	0.146983
1958.000000	0.112868
1959.000000	0.091992
1960.000000	0.093519
1961.000000	0.126106
1962.000000	0.190772
1963.000000	0.236088
1964.000000	0.261547
1965.000000	0.265621
1966.000000	0.243726
1967.000000	0.200446
1968.000000	0.153093
1969.000000	0.110322
1970.000000	0.098102
1971.000000	0.122542
1972.000000	0.170405
1973.000000	0.212157
1974.000000	0.245254
1975.000000	0.265111
1976.000000	0.274277
1977.000000	0.268676
1978.000000	0.241689
1979.000000	0.193827
1980.000000	0.145455
1981.000000	0.107776
1982.000000	0.098611
1983.000000	0.121524
1984.000000	0.165822
1985.000000	0.214194
1986.000000	0.248818
1987.000000	0.256455
1988.000000	0.229978
1989.000000	0.170914
1990.000000	0.121524
1991.000000	0.100648
1992.000000	0.114395
1993.000000	0.163276
1994.000000	0.215721
1995.000000	0.249836
1996.000000	0.259511
1997.000000	0.246272
1998.000000	0.221322
1999.000000	0.193827
2000.000000	0.157166
2001.000000	0.120505
2002.000000	0.095047
2003.000000	0.084354
2004.000000	0.085882
2005.000000	0.098611
2006.000000	0.118978
2007.000000	0.143928
2008.000000	0.174987
2009.000000	0.206556
2010.000000	0.236088
2011.000000	0.255946
2012.000000	0.270203
2013.000000	0.263584
2014.000000	0.222850
2015.000000	0.175496
2016.000000	0.136290
2017.000000	0.103703
2018.000000	0.087918
2019.000000	0.095047
2020.000000	0.122542
2021.000000	0.163276
2022.000000	0.209611
2023.000000	0.244235
2024.000000	0.261038
2025.000000	0.254419
2026.000000	0.223359
2027.000000	0.179061
2028.000000	0.134762
2029.000000	0.102684
2030.000000	0.088427
2031.000000	0.091992
2032.000000	0.117450
2033.000000	0.153093
2034.000000	0.194845
2035.000000	0.232015
2036.000000	0.257474
2037.000000	0.265111
2038.000000	0.244235
2039.000000	0.199937
2040.000000	0.146983
2041.000000	0.108285
2042.000000	0.095047
2043.000000	0.112868
2044.000000	0.153602
2045.000000	0.199937
2046.000000	0.237107
2047.000000	0.261038
2048.000000	0.271222
2049.000000	0.264093
2050.000000	0.234052
2051.000000	0.184662
2052.000000	0.139345
2053.000000	0.107776
2054.000000	0.087409
2055.000000	0.079262
2056.000000	0.087918
2057.000000	0.118469
2058.000000	0.159712
2059.000000	0.197900
2060.000000	0.233543
2061.000000	0.259001
2062.000000	0.261038
2063.000000	0.227432
2064.000000	0.180079
2065.000000	0.142909
2066.000000	0.110831
2067.000000	0.089955
2068.000000	0.088427
2069.000000	0.097593
2070.000000	0.121524
2071.000000	0.163276
2072.000000	0.211139
2073.000000	0.246781
2074.000000	0.258492
2075.000000	0.245254
2076.000000	0.223868
2077.000000	0.195354
2078.000000	0.165822
2079.000000	0.134253
2080.000000	0.107267
2081.000000	0.087409
2082.000000	0.082317
2083.000000	0.090464
2084.000000	0.111340
2085.000000	0.141891
2086.000000	0.178552
2087.000000	0.216740
2088.000000	0.249836
2089.000000	0.265111
2090.000000	0.261547
2091.000000	0.232524
2092.000000	0.189753
2093.000000	0.143928
2094.000000	0.106758
2095.000000	0.089446
2096.000000	0.097593
2097.000000	0.124579
2098.000000	0.165822
2099.000000	0.202992
2100.000000	0.236598
2101.000000	0.259001
2102.000000	0.271222
2103.000000	0.269185
2104.000000	0.245254
2105.000000	0.205538
2106.000000	0.167859
2107.000000	0.129671
2108.000000	0.102684
2109.000000	0.083845
2110.000000	0.079262
2111.000000	0.087409
2112.000000	0.118978
2113.000000	0.158694
2114.000000	0.199937
2115.000000	0.240671
2116.000000	0.259001
2117.000000	0.253910
2118.000000	0.234561
2119.000000	0.210630
2120.000000	0.170914
2121.000000	0.123561
2122.000000	0.097593
2123.000000	0.089446
2124.000000	0.098611
2125.000000	0.125597
2126.000000	0.166331
2127.000000	0.211139
2128.000000	0.244744
2129.000000	0.264093
2130.000000	0.268167
2131.000000	0.250855
2132.000000	0.200446
2133.000000	0.150038
2134.000000	0.112868
2135.000000	0.090464
2136.000000	0.084354
2137.000000	0.095556
2138.000000	0.123051
2139.000000	0.165822
2140.000000	0.215721
2141.000000	0.247290
2142.000000	0.248309
2143.000000	0.216231
2144.000000	0.164804
2145.000000	0.123051
2146.000000	0.096065
2147.000000	0.086391
2148.000000	0.102684
2149.000000	0.138327
2150.000000	0.174478
2151.000000	0.218267
2152.000000	0.250345
2153.000000	0.256455
2154.000000	0.243726
2155.000000	0.220813
2156.000000	0.191281
2157.000000	0.164295
2158.000000	0.142909
2159.000000	0.129161
2160.000000	0.105739
2161.000000	0.087918
2162.000000	0.088427
2163.000000	0.117960
2164.000000	0.162767
2165.000000	0.204520
2166.000000	0.239143
2167.000000	0.253910
2168.000000	0.250855
2169.000000	0.241689
2170.000000	0.233543
2171.000000	0.213685
2172.000000	0.187208
2173.000000	0.163276
2174.000000	0.141382
2175.000000	0.111849
2176.000000	0.089446
2177.000000	0.084354
2178.000000	0.094028
2179.000000	0.098102
2180.000000	0.112868
2181.000000	0.150038
2182.000000	0.195864
2183.000000	0.238634
2184.000000	0.255437
2185.000000	0.241180
2186.000000	0.209611
2187.000000	0.168368
2188.000000	0.124579
2189.000000	0.097083
2190.000000	0.089446
2191.000000	0.097593
2192.000000	0.121524
2193.000000	0.151056
2194.000000	0.182625
2195.000000	0.225396
2196.000000	0.253910
2197.000000	0.266639
2198.000000	0.257983
2199.000000	0.229978
2200.000000	0.193318
2201.000000	0.151565
2202.000000	0.114395
2203.000000	0.091482
2204.000000	0.086900
2205.000000	0.097593
2206.000000	0.122542
2207.000000	0.162767
2208.000000	0.206047
2209.000000	0.243726
2210.000000	0.260020
2211.000000	0.253910
2212.000000	0.230997
2213.000000	0.195864
2214.000000	0.159712
2215.000000	0.123051
2216.000000	0.098102
2217.000000	0.083845
2218.000000	0.086900
2219.000000	0.106249
2220.000000	0.134253
2221.000000	0.168877
2222.000000	0.201464
2223.000000	0.231506
2224.000000	0.254928
2225.000000	0.270203
2226.000000	0.267657
2227.000000	0.250855
2228.000000	0.217758
2229.000000	0.182625
2230.000000	0.141891
2231.000000	0.110322
2232.000000	0.089446
2233.000000	0.089955
2234.000000	0.107776
2235.000000	0.148001
2236.000000	0.191790
2237.000000	0.224377
2238.000000	0.248818
2239.000000	0.267148
2240.000000	0.275804
2241.000000	0.269694
2242.000000	0.246272
2243.000000	0.205029
2244.000000	0.158694
2245.000000	0.121015
2246.000000	0.095047
2247.000000	0.088427
2248.000000	0.100648
2249.000000	0.130180
2250.000000	0.177024
2251.000000	0.221322
2252.000000	0.252382
2253.000000	0.263075
2254.000000	0.252382
2255.000000	0.227432
2256.000000	0.199937
2257.000000	0.160730
2258.000000	0.127634
2259.000000	0.101157
2260.000000	0.084863
2261.000000	0.089446
2262.000000	0.112359
2263.000000	0.151565
2264.000000	0.193827
2265.000000	0.234052
2266.000000	0.259511
2267.000000	0.267657
2268.000000	0.266130
2269.000000	0.261547
2270.000000	0.244235
2271.000000	0.218267
2272.000000	0.189244
2273.000000	0.150547
2274.000000	0.114395
2275.000000	0.092501
2276.000000	0.080281
2277.000000	0.079262
2278.000000	0.097083
2279.000000	0.132217
2280.000000	0.173969
2281.000000	0.222341
2282.000000	0.252382
2283.000000	0.252891
2284.000000	0.234052
2285.000000	0.192808
2286.000000	0.152074
2287.000000	0.116941
2288.000000	0.092501
2289.000000	0.088427
2290.000000	0.105739
2291.000000	0.141382
2292.000000	0.179061
2293.000000	0.210630
2294.000000	0.240671
2295.000000	0.261547
2296.000000	0.264093
2297.000000	0.234561
2298.000000	0.187208
2299.000000	0.142909
2300.000000	0.111849
2301.000000	0.090973
2302.000000	0.079262
2303.000000	0.078244
2304.000000	0.091482
2305.000000	0.117960
2306.000000	0.148510
2307.000000	0.178552
2308.000000	0.213685
2309.000000	0.245254
2310.000000	0.265621
2311.000000	0.270203
2312.000000	0.258492
2313.000000	0.228451
2314.000000	0.189244
2315.000000	0.152074
2316.000000	0.115923
2317.000000	0.091992
2318.000000	0.085882
2319.000000	0.100648
2320.000000	0.133235
2321.000000	0.171423
2322.000000	0.211139
2323.000000	0.244235
2324.000000	0.263075
2325.000000	0.264602
2326.000000	0.249836
2327.000000	0.217758
2328.000000	0.175496
2329.000000	0.133235
2330.000000	0.101666
2331.000000	0.085882
2332.000000	0.088427
2333.000000	0.114905
2334.000000	0.159203
2335.000000	0.199937
2336.000000	0.231506
2337.000000	0.256455
2338.000000	0.268676
2339.000000	0.269185
2340.000000	0.245254
2341.000000	0.196882
2342.000000	0.154111
2343.000000	0.120505
2344.000000	0.095556
2345.000000	0.086900
2346.000000	0.105739
2347.000000	0.143418
2348.000000	0.181607
2349.000000	0.220304
2350.000000	0.250855
2351.000000	0.267148
2352.000000	0.268167
2353.000000	0.259001
2354.000000	0.231506
2355.000000	0.193318
2356.000000	0.152074
2357.000000	0.117960
2358.000000	0.095556
2359.000000	0.083845
2360.000000	0.085882
2361.000000	0.107776
2362.000000	0.139854
2363.000000	0.179061
2364.000000	0.221322
2365.000000	0.251873
2366.000000	0.262056
2367.000000	0.240671
2368.000000	0.202483
2369.000000	0.161749
2370.000000	0.129671
2371.000000	0.103193
2372.000000	0.085882
2373.000000	0.076207
2374.000000	0.078753
2375.000000	0.097593
2376.000000	0.138327
2377.000000	0.188735
2378.000000	0.226414
2379.000000	0.255437
2380.000000	0.265111
2381.000000	0.254419
2382.000000	0.225396
2383.000000	0.198409
2384.000000	0.168368
2385.000000	0.130689
2386.000000	0.103703
2387.000000	0.086900
2388.000000	0.081299
2389.000000	0.103703
2390.000000	0.148001
2391.000000	0.195354
2392.000000	0.234052
2393.000000	0.257983
2394.000000	0.262566
2395.000000	0.242199
2396.000000	0.204010
2397.000000	0.156657
2398.000000	0.117450
2399.000000	0.094538
2400.000000	0.081299
2401.000000	0.075698
2402.000000	0.081299
2403.000000	0.099629
2404.000000	0.138327
2405.000000	0.182116
2406.000000	0.221322
2407.000000	0.251873
2408.000000	0.253910
2409.000000	0.216740
2410.000000	0.181097
2411.000000	0.146983
2412.000000	0.112868
2413.000000	0.091992
2414.000000	0.100138
2415.000000	0.134253
2416.000000	0.173969
2417.000000	0.210120
2418.000000	0.240162
2419.000000	0.262566
2420.000000	0.263584
2421.000000	0.250855
2422.000000	0.232015
2423.000000	0.210630
2424.000000	0.183134
2425.000000	0.158185
2426.000000	0.127634
2427.000000	0.099120
2428.000000	0.089446
2429.000000	0.101157
2430.000000	0.128652
2431.000000	0.161240
2432.000000	0.202483
2433.000000	0.241180
2434.000000	0.255946
2435.000000	0.241180
2436.000000	0.211648
2437.000000	0.182625
2438.000000	0.156657
2439.000000	0.130180
2440.000000	0.108794
2441.000000	0.091992
2442.000000	0.078244
2443.000000	0.075189
2444.000000	0.083845
2445.000000	0.108794
2446.000000	0.149529
2447.000000	0.197391
2448.000000	0.233543
2449.000000	0.259001
2450.000000	0.269694
2451.000000	0.266639
2452.000000	0.248309
2453.000000	0.213685
2454.000000	0.175496
2455.000000	0.138327
2456.000000	0.104212
2457.000000	0.085372
2458.000000	0.083845
2459.000000	0.097083
2460.000000	0.124579
2461.000000	0.154620
2462.000000	0.186698
2463.000000	0.217249
2464.000000	0.246272
2465.000000	0.263584
2466.000000	0.263075
2467.000000	0.227432
2468.000000	0.163276
2469.000000	0.116432
2470.000000	0.106758
2471.000000	0.124070
2472.000000	0.157166
2473.000000	0.194336
2474.000000	0.236088
2475.000000	0.241689
2476.000000	0.216740
2477.000000	0.191281
2478.000000	0.164804
2479.000000	0.139345
2480.000000	0.115923