31.000000	0.120505
32.000000	0.141891
33.000000	0.171932
34.000000	0.199937
35.000000	0.210120
36.000000	0.188226
37.000000	0.150547
38.000000	0.122542
39.000000	0.126616
40.000000	0.162258
41.000000	0.190772
42.000000	0.207575
43.000000	0.199428
44.000000	0.168368
45.000000	0.134762
46.000000	0.146983
47.000000	0.187208
48.000000	0.181607
49.000000	0.155129
50.000000	0.128652
51.000000	0.109304
52.000000	0.105230
53.000000	0.118978
54.000000	0.134762
55.000000	0.153602
56.000000	0.188735
57.000000	0.205538
58.000000	0.190772
59.000000	0.155639
60.000000	0.128143
61.000000	0.145964
62.000000	0.187717
63.000000	0.198919
64.000000	0.169386
65.000000	0.132726
66.000000	0.128652
67.000000	0.161749
68.000000	0.196882
69.000000	0.196373
70.000000	0.163276
71.000000	0.130180
72.000000	0.140363
73.000000	0.181607
74.000000	0.206556
75.000000	0.202483
76.000000	0.167859
77.000000	0.132217
78.000000	0.111849
79.000000	0.107267
80.000000	0.132217
81.000000	0.180588
82.000000	0.209611
83.000000	0.216231
84.000000	0.181607
85.000000	0.137308
86.000000	0.121015
87.000000	0.129671
88.000000	0.150547
89.000000	0.186698
90.000000	0.211648
91.000000	0.210120
92.000000	0.174478
93.000000	0.133744
94.000000	0.112868
95.000000	0.111340
96.000000	0.133235
97.000000	0.177533
98.000000	0.190263
99.000000	0.152074
100.000000	0.125088
101.000000	0.161749
102.000000	0.163276
103.000000	0.129161
104.000000	0.135781
105.000000	0.167350
106.000000	0.199937
107.000000	0.193318
108.000000	0.157675
109.000000	0.124070
110.000000	0.110831
111.000000	0.119996
112.000000	0.158694
113.000000	0.193827
114.000000	0.182116
115.000000	0.158185
116.000000	0.133235
117.000000	0.111340
118.000000	0.106249
119.000000	0.139854
120.000000	0.184662
121.000000	0.190772
122.000000	0.156657
123.000000	0.125597
124.000000	0.107776
125.000000	0.111849
126.000000	0.135781
127.000000	0.169896
128.000000	0.202483
129.000000	0.212157
130.000000	0.202992
131.000000	0.175496
132.000000	0.133744
133.000000	0.136290
134.000000	0.171932
135.000000	0.199937
136.000000	0.192299
137.000000	0.160221
138.000000	0.124579
139.000000	0.130689
140.000000	0.171423
141.000000	0.196882
142.000000	0.151056
143.000000	0.144946
144.000000	0.185171
145.000000	0.204520
146.000000	0.165822
147.000000	0.133744
148.000000	0.159203
149.000000	0.196882
150.000000	0.194845
151.000000	0.164804
152.000000	0.129161
153.000000	0.110322
154.000000	0.134762
155.000000	0.179570
156.000000	0.205029
157.000000	0.188735
158.000000	0.141891
159.000000	0.124579
160.000000	0.155129
161.000000	0.193827
162.000000	0.217249
163.000000	0.222341
164.000000	0.192808
165.000000	0.145455
166.000000	0.115923
167.000000	0.113886
168.000000	0.149529
169.000000	0.194336
170.000000	0.202483
171.000000	0.163785
172.000000	0.131707
173.000000	0.157166
174.000000	0.199428
175.000000	0.197900
176.000000	0.152584
177.000000	0.124070
178.000000	0.137817
179.000000	0.181607
180.000000	0.200955
181.000000	0.157675
182.000000	0.125088
183.000000	0.130689
184.000000	0.170405
185.000000	0.206047
186.000000	0.193827
187.000000	0.152074
188.000000	0.117450
189.000000	0.105739
190.000000	0.122033
191.000000	0.158694
192.000000	0.198409
193.000000	0.214194
194.000000	0.171423
195.000000	0.127634
196.000000	0.120505
197.000000	0.161240
198.000000	0.189753
199.000000	0.147492
200.000000	0.143418
201.000000	0.186698
202.000000	0.206047
203.000000	0.180079
204.000000	0.135781
205.000000	0.119996
206.000000	0.148001
207.000000	0.187717
208.000000	0.214703
209.000000	0.194845
210.000000	0.142400
211.000000	0.133744
212.000000	0.173969
213.000000	0.206047
214.000000	0.205029
215.000000	0.176515
216.000000	0.131198
217.000000	0.126616
218.000000	0.160221
219.000000	0.197391
220.000000	0.220304
221.000000	0.223868
222.000000	0.195864
223.000000	0.143928
224.000000	0.117960
225.000000	0.136290
226.000000	0.168877
227.000000	0.204010
228.000000	0.198409
229.000000	0.148001
230.000000	0.135781
231.000000	0.171932
232.000000	0.190263
233.000000	0.152074
234.000000	0.129671
235.000000	0.167859
236.000000	0.202992
237.000000	0.193318
238.000000	0.141891
239.000000	0.123051
240.000000	0.164295
241.000000	0.200955
242.000000	0.200446
243.000000	0.167859
244.000000	0.127634
245.000000	0.138836
246.000000	0.172951
247.000000	0.204010
248.000000	0.200446
249.000000	0.169386
250.000000	0.128652
251.000000	0.116432
252.000000	0.142400
253.000000	0.185680
254.000000	0.209102
255.000000	0.184152
256.000000	0.134253
257.000000	0.140873
258.000000	0.185171
259.000000	0.204520
260.000000	0.179570
261.000000	0.133744
262.000000	0.124070
263.000000	0.155129
264.000000	0.195864
265.000000	0.186189
266.000000	0.142400
267.000000	0.116432
268.000000	0.136290
269.000000	0.182625
270.000000	0.189753
271.000000	0.157675
272.000000	0.120505
273.000000	0.121015
274.000000	0.159203
275.000000	0.197391
276.000000	0.195864
277.000000	0.153093
278.000000	0.118469
279.000000	0.130180
280.000000	0.174987
281.000000	0.200955
282.000000	0.178042
283.000000	0.131707
284.000000	0.123051
285.000000	0.164295
286.000000	0.203501
287.000000	0.206047
288.000000	0.169386
289.000000	0.126106
290.000000	0.117960
291.000000	0.147492
292.000000	0.183134
293.000000	0.211648
294.000000	0.224377
295.000000	0.215212
296.000000	0.181097
297.000000	0.136799
298.000000	0.126106
299.000000	0.173460
300.000000	0.195864
301.000000	0.163276
302.000000	0.123051
303.000000	0.104721
304.000000	0.114905
305.000000	0.149529
306.000000	0.193318
307.000000	0.202483
308.000000	0.165313
309.000000	0.124070
310.000000	0.120505
311.000000	0.158185
312.000000	0.199428
313.000000	0.194845
314.000000	0.151565
315.000000	0.116941
316.000000	0.107776
317.000000	0.121524
318.000000	0.164295
319.000000	0.203501
320.000000	0.208084
321.000000	0.173969
322.000000	0.131707
323.000000	0.116941
324.000000	0.153602
325.000000	0.197391
326.000000	0.190263
327.000000	0.142909
328.000000	0.125088
329.000000	0.160730
330.000000	0.200955
331.000000	0.214703
332.000000	0.189753
333.000000	0.147492
334.000000	0.113886
335.000000	0.105739
336.000000	0.122542
337.000000	0.162767
338.000000	0.203501
339.000000	0.178552
340.000000	0.140873
341.000000	0.172441
342.000000	0.208593
343.000000	0.213176
344.000000	0.199937
345.000000	0.189753
346.000000	0.177024
347.000000	0.152074
348.000000	0.124070
349.000000	0.103193
350.000000	0.119996
351.000000	0.157675
352.000000	0.196882
353.000000	0.219286
354.000000	0.203501
355.000000	0.163276
356.000000	0.122033
357.000000	0.105230
358.000000	0.106249
359.000000	0.121015
360.000000	0.149529
361.000000	0.189753
362.000000	0.217758
363.000000	0.194336
364.000000	0.145964
365.000000	0.112359
366.000000	0.102175
367.000000	0.117960
368.000000	0.160730
369.000000	0.201464
370.000000	0.214703
371.000000	0.182625
372.000000	0.135781
373.000000	0.109813
374.000000	0.102175
375.000000	0.108794
376.000000	0.139854
377.000000	0.188735
378.000000	0.191281
379.000000	0.143418
380.000000	0.115923
381.000000	0.126616
382.000000	0.160730
383.000000	0.198919
384.000000	0.222850
385.000000	0.226414
386.000000	0.200955
387.000000	0.160730
388.000000	0.125088
389.000000	0.107267
390.000000	0.124579
391.000000	0.172951
392.000000	0.210120
393.000000	0.200955
394.000000	0.161749
395.000000	0.125597
396.000000	0.102684
397.000000	0.095556
398.000000	0.123561
399.000000	0.166331
400.000000	0.203501
401.000000	0.223868
402.000000	0.229469
403.000000	0.215212
404.000000	0.168877
405.000000	0.126616
406.000000	0.134253
407.000000	0.179570
408.000000	0.213176
409.000000	0.209102
410.000000	0.173460
411.000000	0.131198
412.000000	0.110322
413.000000	0.123051
414.000000	0.162258
415.000000	0.201974
416.000000	0.216740
417.000000	0.197900
418.000000	0.167350
419.000000	0.138836
420.000000	0.112359
421.000000	0.109304
422.000000	0.135272
423.000000	0.176006
424.000000	0.209102
425.000000	0.216740
426.000000	0.197391
427.000000	0.160221
428.000000	0.123561
429.000000	0.102175
430.000000	0.102175
431.000000	0.140363
432.000000	0.184662
433.000000	0.213685
434.000000	0.230487
435.000000	0.238634
436.000000	0.218776
437.000000	0.173460
438.000000	0.130180
439.000000	0.106249
440.000000	0.109813
441.000000	0.134762
442.000000	0.172951
443.000000	0.210120
444.000000	0.219286
445.000000	0.204520
446.000000	0.165822
447.000000	0.125088
448.000000	0.110322
449.000000	0.126106
450.000000	0.160730
451.000000	0.199937
452.000000	0.221322
453.000000	0.206556
454.000000	0.163785
455.000000	0.124579
456.000000	0.104721
457.000000	0.114395
458.000000	0.148001
459.000000	0.191790
460.000000	0.213685
461.000000	0.190263
462.000000	0.140363
463.000000	0.116432
464.000000	0.129161
465.000000	0.155639
466.000000	0.188226
467.000000	0.217249
468.000000	0.210630
469.000000	0.170914
470.000000	0.131198
471.000000	0.106758
472.000000	0.109304
473.000000	0.138327
474.000000	0.185680
475.000000	0.211139
476.000000	0.200446
477.000000	0.167350
478.000000	0.136290
479.000000	0.110322
480.000000	0.097083
481.000000	0.103193
482.000000	0.126616
483.000000	0.162767
484.000000	0.198919
485.000000	0.223359
486.000000	0.217758
487.000000	0.177533
488.000000	0.131707
489.000000	0.108285
490.000000	0.112868
491.000000	0.142400
492.000000	0.183134
493.000000	0.215212
494.000000	0.215721
495.000000	0.186189
496.000000	0.144946
497.000000	0.114905
498.000000	0.106249
499.000000	0.128652
500.000000	0.180079
501.000000	0.211139
502.000000	0.206047
503.000000	0.171932
504.000000	0.134762
505.000000	0.108285
506.000000	0.097593
507.000000	0.108285
508.000000	0.143418
509.000000	0.187717
510.000000	0.217758
511.000000	0.214703
512.000000	0.182116
513.000000	0.139345
514.000000	0.112868
515.000000	0.121524
516.000000	0.155639
517.000000	0.189753
518.000000	0.215721
519.000000	0.230487
520.000000	0.219795
521.000000	0.190772
522.000000	0.158694
523.000000	0.123561
524.000000	0.103703
525.000000	0.112359
526.000000	0.150038
527.000000	0.192299
528.000000	0.218267
529.000000	0.204010
530.000000	0.161240
531.000000	0.123561
532.000000	0.103703
533.000000	0.105739
534.000000	0.132726
535.000000	0.179061
536.000000	0.213685
537.000000	0.217249
538.000000	0.187717
539.000000	0.150547
540.000000	0.115923
541.000000	0.105739
542.000000	0.124070
543.000000	0.158185
544.000000	0.197391
545.000000	0.222850
546.000000	0.218267
547.000000	0.186698
548.000000	0.135781
549.000000	0.108285
550.000000	0.100648
551.000000	0.117450
552.000000	0.153093
553.000000	0.194845
554.000000	0.189753
555.000000	0.146473
556.000000	0.113886
557.000000	0.116432
558.000000	0.138836
559.000000	0.165822
560.000000	0.201464
561.000000	0.207065
562.000000	0.173460
563.000000	0.129161
564.000000	0.114905
565.000000	0.144437
566.000000	0.174987
567.000000	0.200446
568.000000	0.222850
569.000000	0.229469
570.000000	0.204520
571.000000	0.151565
572.000000	0.130180
573.000000	0.162258
574.000000	0.200955
575.000000	0.223359
576.000000	0.227942
577.000000	0.211648
578.000000	0.173460
579.000000	0.130180
580.000000	0.133235
581.000000	0.172951
582.000000	0.209611
583.000000	0.210630
584.000000	0.174478
585.000000	0.134253
586.000000	0.106249
587.000000	0.090464
588.000000	0.088937
589.000000	0.103193
590.000000	0.131707
591.000000	0.176006
592.000000	0.210630
593.000000	0.230487
594.000000	0.238125
595.000000	0.232015
596.000000	0.204010
597.000000	0.155129
598.000000	0.123561
599.000000	0.151565
600.000000	0.196882
601.000000	0.221322
602.000000	0.227942
603.000000	0.221322
604.000000	0.183643
605.000000	0.132726
606.000000	0.116941
607.000000	0.142400
608.000000	0.170405
609.000000	0.197391
610.000000	0.222341
611.000000	0.226923
612.000000	0.211648
613.000000	0.180079
614.000000	0.134253
615.000000	0.112359
616.000000	0.124070
617.000000	0.147492
618.000000	0.172441
619.000000	0.195864
620.000000	0.221322
621.000000	0.232524
622.000000	0.217249
623.000000	0.174987
624.000000	0.129161
625.000000	0.103193
626.000000	0.105230
627.000000	0.137308
628.000000	0.186698
629.000000	0.214703
630.000000	0.207065
631.000000	0.176515
632.000000	0.136290
633.000000	0.108794
634.000000	0.116432
635.000000	0.159203
636.000000	0.199937
637.000000	0.197391
638.000000	0.152584
639.000000	0.116432
640.000000	0.109813
641.000000	0.138836
642.000000	0.185680
643.000000	0.214194
644.000000	0.204010
645.000000	0.165822
646.000000	0.122542
647.000000	0.129671
648.000000	0.167350
649.000000	0.203501
650.000000	0.227942
651.000000	0.236598
652.000000	0.232524
653.000000	0.220813
654.000000	0.199428
655.000000	0.162767
656.000000	0.124579
657.000000	0.101666
658.000000	0.101666
659.000000	0.124070
660.000000	0.152584
661.000000	0.179570
662.000000	0.208593
663.000000	0.225396
664.000000	0.220304
665.000000	0.181607
666.000000	0.133235
667.000000	0.119996
668.000000	0.143928
669.000000	0.181097
670.000000	0.214194
671.000000	0.221322
672.000000	0.183134
673.000000	0.130689
674.000000	0.114395
675.000000	0.142909
676.000000	0.185171
677.000000	0.212666
678.000000	0.191790
679.000000	0.141382
680.000000	0.109813
681.000000	0.113377
682.000000	0.148001
683.000000	0.191281
684.000000	0.217249
685.000000	0.216231
686.000000	0.195354
687.000000	0.193318
688.000000	0.192299
689.000000	0.161749
690.000000	0.128143
691.000000	0.103703
692.000000	0.097083
693.000000	0.151565
694.000000	0.187717
695.000000	0.175496
696.000000	0.150547
697.000000	0.120505
698.000000	0.115923
699.000000	0.159203
700.000000	0.197900
701.000000	0.203501
702.000000	0.220304
703.000000	0.201974
704.000000	0.156148
705.000000	0.117450
706.000000	0.108794
707.000000	0.141382
708.000000	0.187717
709.000000	0.215212
710.000000	0.204010
711.000000	0.152584
712.000000	0.117960
713.000000	0.124579
714.000000	0.171423
715.000000	0.205029
716.000000	0.219286
717.000000	0.203501
718.000000	0.194845
719.000000	0.162767
720.000000	0.120505
721.000000	0.105739
722.000000	0.130180
723.000000	0.179061
724.000000	0.211648
725.000000	0.212666
726.000000	0.183134
727.000000	0.145964
728.000000	0.124579
729.000000	0.104212
730.000000	0.090464
731.000000	0.091482
732.000000	0.112359
733.000000	0.154620
734.000000	0.198409
735.000000	0.212157
736.000000	0.192808
737.000000	0.156657
738.000000	0.119996
739.000000	0.097593
740.000000	0.101157
741.000000	0.136290
742.000000	0.184662
743.000000	0.214703
744.000000	0.224377
745.000000	0.214703
746.000000	0.186189
747.000000	0.145964
748.000000	0.113377
749.000000	0.119487
750.000000	0.150547
751.000000	0.185171
752.000000	0.215212
753.000000	0.225905
754.000000	0.211648
755.000000	0.177533
756.000000	0.137308
757.000000	0.107267
758.000000	0.096574
759.000000	0.114395
760.000000	0.151565
761.000000	0.193827
762.000000	0.217249
763.000000	0.211648
764.000000	0.181097
765.000000	0.140873
766.000000	0.109304
767.000000	0.098611
768.000000	0.119487
769.000000	0.159203
770.000000	0.195864
771.000000	0.218267
772.000000	0.218776
773.000000	0.190772
774.000000	0.151565
775.000000	0.115923
776.000000	0.096574
777.000000	0.105739
778.000000	0.138836
779.000000	0.184662
780.000000	0.214194
781.000000	0.216740
782.000000	0.195864
783.000000	0.157166
784.000000	0.116432
785.000000	0.115414
786.000000	0.144946
787.000000	0.181607
788.000000	0.212157
789.000000	0.220304
790.000000	0.205538
791.000000	0.173969
792.000000	0.135272
793.000000	0.107776
794.000000	0.126106
795.000000	0.181607
796.000000	0.198409
797.000000	0.171932
798.000000	0.133744
799.000000	0.106758
800.000000	0.091482
801.000000	0.084354
802.000000	0.087409
803.000000	0.115414
804.000000	0.160730
805.000000	0.200955
806.000000	0.217249
807.000000	0.201974
808.000000	0.162767
809.000000	0.121524
810.000000	0.116432
811.000000	0.152074
812.000000	0.194336
813.000000	0.213685
814.000000	0.197900
815.000000	0.157675
816.000000	0.119996
817.000000	0.100138
818.000000	0.109304
819.000000	0.142909
820.000000	0.185680
821.000000	0.213176
822.000000	0.204010
823.000000	0.159203
824.000000	0.119996
825.000000	0.130689
826.000000	0.160221
827.000000	0.189753
828.000000	0.216231
829.000000	0.229978
830.000000	0.213685
831.000000	0.174987
832.000000	0.138327
833.000000	0.111340
834.000000	0.144946
835.000000	0.193827
836.000000	0.208593
837.000000	0.187208
838.000000	0.148001
839.000000	0.112359
840.000000	0.102684
841.000000	0.120505
842.000000	0.154620
843.000000	0.188735
844.000000	0.217758
845.000000	0.231506
846.000000	0.224887
847.000000	0.189244
848.000000	0.155639
849.000000	0.128143
850.000000	0.103703
851.000000	0.105230
852.000000	0.143928
853.000000	0.182625
854.000000	0.212157
855.000000	0.214703
856.000000	0.185680
857.000000	0.152074
858.000000	0.114395
859.000000	0.106249
860.000000	0.134762
861.000000	0.174987
862.000000	0.206556
863.000000	0.224377
864.000000	0.214194
865.000000	0.173460
866.000000	0.132726
867.000000	0.105230
868.000000	0.109813
869.000000	0.151565
870.000000	0.194336
871.000000	0.218267
872.000000	0.220813
873.000000	0.192808
874.000000	0.138327
875.000000	0.123561
876.000000	0.136290
877.000000	0.163276
878.000000	0.196882
879.000000	0.220813
880.000000	0.216231
881.000000	0.182116
882.000000	0.134762
883.000000	0.117450
884.000000	0.142909
885.000000	0.165822
886.000000	0.187717
887.000000	0.213685
888.000000	0.222850
889.000000	0.201464
890.000000	0.157675
891.000000	0.118469
892.000000	0.099120
893.000000	0.102684
894.000000	0.138327
895.000000	0.185171
896.000000	0.209611
897.000000	0.201974
898.000000	0.163785
899.000000	0.124579
900.000000	0.099629
901.000000	0.095556
902.000000	0.112359
903.000000	0.144437
904.000000	0.187208
905.000000	0.213685
906.000000	0.198409
907.000000	0.151056
908.000000	0.112868
909.000000	0.104721
910.000000	0.126106
911.000000	0.155639
912.000000	0.177533
913.000000	0.208084
914.000000	0.222850
915.000000	0.208084
916.000000	0.177533
917.000000	0.132726
918.000000	0.117960
919.000000	0.146983
920.000000	0.189244
921.000000	0.211648
922.000000	0.197391
923.000000	0.155129
924.000000	0.115923
925.000000	0.100648
926.000000	0.133744
927.000000	0.187208
928.000000	0.206556
929.000000	0.187717
930.000000	0.153602
931.000000	0.114395
932.000000	0.099629
933.000000	0.116941
934.000000	0.148001
935.000000	0.181607
936.000000	0.214703
937.000000	0.225905
938.000000	0.206047
939.000000	0.164295
940.000000	0.122542
941.000000	0.097083
942.000000	0.096065
943.000000	0.114395
944.000000	0.150038
945.000000	0.193827
946.000000	0.215212
947.000000	0.204010
948.000000	0.174987
949.000000	0.138327
950.000000	0.107267
951.000000	0.093010
952.000000	0.095047
953.000000	0.127125
954.000000	0.174987
955.000000	0.207065
956.000000	0.196882
957.000000	0.165313
958.000000	0.129161
959.000000	0.103193
960.000000	0.096065
961.000000	0.121524
962.000000	0.168877
963.000000	0.208084
964.000000	0.215212
965.000000	0.181607
966.000000	0.131707
967.000000	0.115923
968.000000	0.142909
969.000000	0.186189
970.000000	0.214703
971.000000	0.213176
972.000000	0.185680
973.000000	0.149529
974.000000	0.114905
975.000000	0.099629
976.000000	0.113377
977.000000	0.145964
978.000000	0.180588
979.000000	0.212157
980.000000	0.223868
981.000000	0.199428
982.000000	0.151565
983.000000	0.112359
984.000000	0.097593
985.000000	0.105739
986.000000	0.139854
987.000000	0.186698
988.000000	0.215212
989.000000	0.195354
990.000000	0.158694
991.000000	0.119996
992.000000	0.095556
993.000000	0.087918
994.000000	0.102684
995.000000	0.136290
996.000000	0.187717
997.000000	0.215212
998.000000	0.209611
999.000000	0.181607
1000.000000	0.135272
1001.000000	0.110322
1002.000000	0.129671
1003.000000	0.170405
1004.000000	0.204520
1005.000000	0.224887
1006.000000	0.224887
1007.000000	0.198409
1008.000000	0.149019
1009.000000	0.113886
1010.000000	0.108794
1011.000000	0.140873
1012.000000	0.186698
1013.000000	0.216231
1014.000000	0.221322
1015.000000	0.197391
1016.000000	0.150547
1017.000000	0.112359
1018.000000	0.108285
1019.000000	0.148001
1020.000000	0.194845
1021.000000	0.220813
1022.000000	0.231506
1023.000000	0.223868
1024.000000	0.183643
1025.000000	0.135272
1026.000000	0.109813
1027.000000	0.108285
1028.000000	0.128652
1029.000000	0.168877
1030.000000	0.206556
1031.000000	0.216231
1032.000000	0.193827
1033.000000	0.142400
1034.000000	0.113886
1035.000000	0.110322
1036.000000	0.113886
1037.000000	0.120505
1038.000000	0.135272
1039.000000	0.164804
1040.000000	0.193827
1041.000000	0.218267
1042.000000	0.232524
1043.000000	0.238125
1044.000000	0.215721
1045.000000	0.165822
1046.000000	0.121524
1047.000000	0.103703
1048.000000	0.118469
1049.000000	0.157166
1050.000000	0.193827
1051.000000	0.221322
1052.000000	0.234561
1053.000000	0.232015
1054.000000	0.199428
1055.000000	0.147492
1056.000000	0.111340
1057.000000	0.103193
1058.000000	0.122542
1059.000000	0.153093
1060.000000	0.184662
1061.000000	0.215721
1062.000000	0.228451
1063.000000	0.214703
1064.000000	0.175496
1065.000000	0.128143
1066.000000	0.113886
1067.000000	0.148001
1068.000000	0.188226
1069.000000	0.218267
1070.000000	0.233543
1071.000000	0.234052
1072.000000	0.211648
1073.000000	0.165822
1074.000000	0.122542
1075.000000	0.099120
1076.000000	0.090464
1077.000000	0.096065
1078.000000	0.123561
1079.000000	0.165313
1080.000000	0.205538
1081.000000	0.219286
1082.000000	0.199428
1083.000000	0.161240
1084.000000	0.123051
1085.000000	0.101157
1086.000000	0.111849
1087.000000	0.158694
1088.000000	0.204520
1089.000000	0.210630
1090.000000	0.185680
1091.000000	0.152074
1092.000000	0.121015
1093.000000	0.097083
1094.000000	0.086900
1095.000000	0.088427
1096.000000	0.109813
1097.000000	0.149019
1098.000000	0.195864
1099.000000	0.221832
1100.000000	0.217758
1101.000000	0.196882
1102.000000	0.164295
1103.000000	0.129161
1104.000000	0.102684
1105.000000	0.089446
1106.000000	0.092501
1107.000000	0.104721
1108.000000	0.128652
1109.000000	0.160221
1110.000000	0.192299
1111.000000	0.220813
1112.000000	0.233543
1113.000000	0.225396
1114.000000	0.203501
1115.000000	0.172951
1116.000000	0.140363
1117.000000	0.112868
1118.000000	0.092501
1119.000000	0.087409
1120.000000	0.100648
1121.000000	0.132217
1122.000000	0.170914
1123.000000	0.207065
1124.000000	0.226923
1125.000000	0.226414
1126.000000	0.208593
1127.000000	0.179061
1128.000000	0.143928
1129.000000	0.111849
1130.000000	0.095047
1131.000000	0.108794
1132.000000	0.146473
1133.000000	0.178042
1134.000000	0.202992
1135.000000	0.225396
1136.000000	0.234052
1137.000000	0.221322
1138.000000	0.187208
1139.000000	0.142909
1140.000000	0.108794
1141.000000	0.097083
1142.000000	0.110831
1143.000000	0.132217
1144.000000	0.157166
1145.000000	0.192808
1146.000000	0.218267
1147.000000	0.208084
1148.000000	0.163276
1149.000000	0.120505
1150.000000	0.103703
1151.000000	0.120505
1152.000000	0.146983
1153.000000	0.161749
1154.000000	0.191790
1155.000000	0.219286
1156.000000	0.230487
1157.000000	0.218776
1158.000000	0.191790
1159.000000	0.155129
1160.000000	0.122033
1161.000000	0.098102
1162.000000	0.088427
1163.000000	0.090464
1164.000000	0.094028
1165.000000	0.093519
1166.000000	0.118469
1167.000000	0.179061
1168.000000	0.195354
1169.000000	0.170914
1170.000000	0.125597
1171.000000	0.136290
1172.000000	0.183643
1173.000000	0.215212
1174.000000	0.199428
1175.000000	0.159203
1176.000000	0.122542
1177.000000	0.102684
1178.000000	0.094028
1179.000000	0.095556
1180.000000	0.112868
1181.000000	0.156657
1182.000000	0.189753
1183.000000	0.218776
1184.000000	0.236088
1185.000000	0.244744
1186.000000	0.244235
1187.000000	0.227942
1188.000000	0.179570
1189.000000	0.135781
1190.000000	0.105230
1191.000000	0.093010
1192.000000	0.089955
1193.000000	0.101157
1194.000000	0.130180
1195.000000	0.161749
1196.000000	0.190772
1197.000000	0.218776
1198.000000	0.235579
1199.000000	0.231506
1200.000000	0.202992
1201.000000	0.157166
1202.000000	0.116941
1203.000000	0.102175
1204.000000	0.122033
1205.000000	0.164804
1206.000000	0.208084
1207.000000	0.233033
1208.000000	0.237107
1209.000000	0.240671
1210.000000	0.247799
1211.000000	0.246272
1212.000000	0.223868
1213.000000	0.182625
1214.000000	0.140873
1215.000000	0.109813
1216.000000	0.095556
1217.000000	0.105739
1218.000000	0.135781
1219.000000	0.172951
1220.000000	0.204010
1221.000000	0.227942
1222.000000	0.236088
1223.000000	0.224377
1224.000000	0.190263
1225.000000	0.147492
1226.000000	0.117450
1227.000000	0.099120
1228.000000	0.085882
1229.000000	0.083845
1230.000000	0.089446
1231.000000	0.098102
1232.000000	0.124070
1233.000000	0.176006
1234.000000	0.209102
1235.000000	0.195354
1236.000000	0.152074
1237.000000	0.113886
1238.000000	0.100138
1239.000000	0.120505
1240.000000	0.159712
1241.000000	0.195864
1242.000000	0.223868
1243.000000	0.238125
1244.000000	0.230487
1245.000000	0.210120
1246.000000	0.192299
1247.000000	0.158694
1248.000000	0.122542
1249.000000	0.098611
1250.000000	0.091482
1251.000000	0.098102
1252.000000	0.117960
1253.000000	0.148001
1254.000000	0.186189
1255.000000	0.218267
1256.000000	0.236598
1257.000000	0.236598
1258.000000	0.218776
1259.000000	0.185680
1260.000000	0.142909
1261.000000	0.109304
1262.000000	0.091992
1263.000000	0.096574
1264.000000	0.121524
1265.000000	0.161240
1266.000000	0.201464
1267.000000	0.226923
1268.000000	0.232524
1269.000000	0.205538
1270.000000	0.163276
1271.000000	0.123561
1272.000000	0.099629
1273.000000	0.096065
1274.000000	0.117450
1275.000000	0.155129
1276.000000	0.186698
1277.000000	0.192808
1278.000000	0.190263
1279.000000	0.202483
1280.000000	0.221322
1281.000000	0.234052
1282.000000	0.226414
1283.000000	0.195864
1284.000000	0.173969
1285.000000	0.146983
1286.000000	0.115923
1287.000000	0.095047
1288.000000	0.087918
1289.000000	0.110322
1290.000000	0.152584
1291.000000	0.195354
1292.000000	0.223359
1293.000000	0.222341
1294.000000	0.198919
1295.000000	0.167859
1296.000000	0.131198
1297.000000	0.102175
1298.000000	0.100648
1299.000000	0.146983
1300.000000	0.195864
1301.000000	0.224377
1302.000000	0.240162
1303.000000	0.245254
1304.000000	0.239143
1305.000000	0.215212
1306.000000	0.169386
1307.000000	0.131707
1308.000000	0.107267
1309.000000	0.090973
1310.000000	0.089446
1311.000000	0.110322
1312.000000	0.151056
1313.000000	0.192808
1314.000000	0.219286
1315.000000	0.235070
1316.000000	0.237107
1317.000000	0.226923
1318.000000	0.194336
1319.000000	0.153602
1320.000000	0.120505
1321.000000	0.096065
1322.000000	0.090973
1323.000000	0.110322
1324.000000	0.144946
1325.000000	0.189244
1326.000000	0.217758
1327.000000	0.219286
1328.000000	0.193318
1329.000000	0.149529
1330.000000	0.114905
1331.000000	0.096065
1332.000000	0.093519
1333.000000	0.132217
1334.000000	0.186698
1335.000000	0.218776
1336.000000	0.225905
1337.000000	0.218267
1338.000000	0.191281
1339.000000	0.154620
1340.000000	0.121524
1341.000000	0.098102
1342.000000	0.087409
1343.000000	0.089955
1344.000000	0.108285
1345.000000	0.143928
1346.000000	0.190772
1347.000000	0.217758
1348.000000	0.207575
1349.000000	0.173460
1350.000000	0.137308
1351.000000	0.107776
1352.000000	0.089955
1353.000000	0.088937
1354.000000	0.100648
1355.000000	0.128652
1356.000000	0.163276
1357.000000	0.200446
1358.000000	0.224377
1359.000000	0.219286
1360.000000	0.190772
1361.000000	0.156148
1362.000000	0.125088
1363.000000	0.102175
1364.000000	0.089446
1365.000000	0.082317
1366.000000	0.091992
1367.000000	0.122542
1368.000000	0.156148
1369.000000	0.188226
1370.000000	0.216231
1371.000000	0.232015
1372.000000	0.224887
1373.000000	0.194845
1374.000000	0.154620
1375.000000	0.118469
1376.000000	0.096574
1377.000000	0.100138
1378.000000	0.127125
1379.000000	0.176006
1380.000000	0.215721
1381.000000	0.231506
1382.000000	0.222341
1383.000000	0.194336
1384.000000	0.154111
1385.000000	0.119996
1386.000000	0.096574
1387.000000	0.088937
1388.000000	0.097083
1389.000000	0.114395
1390.000000	0.138836
1391.000000	0.174987
1392.000000	0.211139
1393.000000	0.226414
1394.000000	0.213176
1395.000000	0.179061
1396.000000	0.136290
1397.000000	0.105739
1398.000000	0.090464
1399.000000	0.090973
1400.000000	0.105739
1401.000000	0.137817
1402.000000	0.181607
1403.000000	0.217249
1404.000000	0.222850
1405.000000	0.199937
1406.000000	0.164804
1407.000000	0.131707
1408.000000	0.104212
1409.000000	0.091992
1410.000000	0.101666
1411.000000	0.129161
1412.000000	0.164804
1413.000000	0.199937
1414.000000	0.226923
1415.000000	0.239143
1416.000000	0.239653
1417.000000	0.225396
1418.000000	0.202992
1419.000000	0.168877
1420.000000	0.128652
1421.000000	0.102175
1422.000000	0.097593
1423.000000	0.108285
1424.000000	0.129161
1425.000000	0.164295
1426.000000	0.199428
1427.000000	0.226414
1428.000000	0.227942
1429.000000	0.191790
1430.000000	0.136290
1431.000000	0.106249
1432.000000	0.096574
1433.000000	0.108285
1434.000000	0.135272
1435.000000	0.179570
1436.000000	0.215721
1437.000000	0.224377
1438.000000	0.208084
1439.000000	0.169896
1440.000000	0.129161
1441.000000	0.101666
1442.000000	0.087918
1443.000000	0.082826
1444.000000	0.090464
1445.000000	0.122033
1446.000000	0.170914
1447.000000	0.211648
1448.000000	0.227942
1449.000000	0.197391
1450.000000	0.145964
1451.000000	0.113886
1452.000000	0.111849
1453.000000	0.126616
1454.000000	0.156148
1455.000000	0.163276
1456.000000	0.153093
1457.000000	0.149529
1458.000000	0.163785
1459.000000	0.200955
1460.000000	0.224887
1461.000000	0.208593
1462.000000	0.168877
1463.000000	0.124070
1464.000000	0.110831
1465.000000	0.139854
1466.000000	0.183643
1467.000000	0.218776
1468.000000	0.234052
1469.000000	0.236598
1470.000000	0.218267
1471.000000	0.179061
1472.000000	0.142909
1473.000000	0.117450
1474.000000	0.097593
1475.000000	0.087918
1476.000000	0.081299
1477.000000	0.085372
1478.000000	0.102175
1479.000000	0.143928
1480.000000	0.196373
1481.000000	0.226414
1482.000000	0.236598
1483.000000	0.228960
1484.000000	0.203501
1485.000000	0.155639
1486.000000	0.115414
1487.000000	0.105230
1488.000000	0.136290
1489.000000	0.185680
1490.000000	0.219795
1491.000000	0.232015
1492.000000	0.220813
1493.000000	0.183134
1494.000000	0.136290
1495.000000	0.106249
1496.000000	0.094538
1497.000000	0.100648
1498.000000	0.125088
1499.000000	0.154620
1500.000000	0.179570
1501.000000	0.205029
1502.000000	0.229469
1503.000000	0.224887
1504.000000	0.191281
1505.000000	0.150038
1506.000000	0.121524
1507.000000	0.100138
1508.000000	0.090973
1509.000000	0.101157
1510.000000	0.124579
1511.000000	0.160730
1512.000000	0.202483
1513.000000	0.228960
1514.000000	0.232015
1515.000000	0.217249
1516.000000	0.198409
1517.000000	0.181607
1518.000000	0.158185
1519.000000	0.132726
1520.000000	0.106758
1521.000000	0.089955
1522.000000	0.088937
1523.000000	0.105739
1524.000000	0.137817
1525.000000	0.180588
1526.000000	0.217758
1527.000000	0.234052
1528.000000	0.228960
1529.000000	0.204010
1530.000000	0.166331
1531.000000	0.126106
1532.000000	0.101157
1533.000000	0.091992
1534.000000	0.107267
1535.000000	0.139854
1536.000000	0.184662
1537.000000	0.219286
1538.000000	0.233033
1539.000000	0.221832
1540.000000	0.209102
1541.000000	0.191790
1542.000000	0.153093
1543.000000	0.114395
1544.000000	0.099120
1545.000000	0.105230
1546.000000	0.135781
1547.000000	0.175496
1548.000000	0.212666
1549.000000	0.236088
1550.000000	0.246781
1551.000000	0.243726
1552.000000	0.220813
1553.000000	0.190263
1554.000000	0.152584
1555.000000	0.125597
1556.000000	0.107776
1557.000000	0.091482
1558.000000	0.092501
1559.000000	0.116432
1560.000000	0.148001
1561.000000	0.182625
1562.000000	0.214703
1563.000000	0.235579
1564.000000	0.233033
1565.000000	0.209611
1566.000000	0.169896
1567.000000	0.130180
1568.000000	0.104212
1569.000000	0.099629
1570.000000	0.142909
1571.000000	0.194845
1572.000000	0.225396
1573.000000	0.235579
1574.000000	0.223359
1575.000000	0.189753
1576.000000	0.146983
1577.000000	0.112868
1578.000000	0.095047
1579.000000	0.107267
1580.000000	0.152584
1581.000000	0.201464
1582.000000	0.228451
1583.000000	0.241689
1584.000000	0.233033
1585.000000	0.211648
1586.000000	0.187208
1587.000000	0.153602
1588.000000	0.117960
1589.000000	0.102684
1590.000000	0.116432
1591.000000	0.141382
1592.000000	0.176006
1593.000000	0.210120
1594.000000	0.233543
1595.000000	0.237616
1596.000000	0.213685
1597.000000	0.169896
1598.000000	0.127634
1599.000000	0.101157
1600.000000	0.093010
1601.000000	0.098102
1602.000000	0.120505
1603.000000	0.162767
1604.000000	0.204010
1605.000000	0.229469
1606.000000	0.238634
1607.000000	0.221322
1608.000000	0.197391
1609.000000	0.163276
1610.000000	0.124070
1611.000000	0.107776
1612.000000	0.130180
1613.000000	0.169386
1614.000000	0.201464
1615.000000	0.223359
1616.000000	0.241689
1617.000000	0.236598
1618.000000	0.201464
1619.000000	0.153093
1620.000000	0.114905
1621.000000	0.099629
1622.000000	0.115923
1623.000000	0.164804
1624.000000	0.205029
1625.000000	0.228960
1626.000000	0.240671
1627.000000	0.216231
1628.000000	0.158694
1629.000000	0.117960
1630.000000	0.112868
1631.000000	0.139854
1632.000000	0.181097
1633.000000	0.217758
1634.000000	0.234561
1635.000000	0.227432
1636.000000	0.203501
1637.000000	0.167859
1638.000000	0.130180
1639.000000	0.103193
1640.000000	0.091482
1641.000000	0.087918
1642.000000	0.103193
1643.000000	0.139854
1644.000000	0.184662
1645.000000	0.219286
1646.000000	0.236088
1647.000000	0.232015
1648.000000	0.205029
1649.000000	0.166331
1650.000000	0.126616
1651.000000	0.102175
1652.000000	0.101666
1653.000000	0.128652
1654.000000	0.163785
1655.000000	0.200446
1656.000000	0.227942
1657.000000	0.239653
1658.000000	0.235070
1659.000000	0.223359
1660.000000	0.207575
1661.000000	0.197900
1662.000000	0.174987
1663.000000	0.137308
1664.000000	0.107267
1665.000000	0.094538
1666.000000	0.123561
1667.000000	0.179061
1668.000000	0.217249
1669.000000	0.209102
1670.000000	0.166331
1671.000000	0.129161
1672.000000	0.104721
1673.000000	0.088427
1674.000000	0.083845
1675.000000	0.087918
1676.000000	0.101666
1677.000000	0.120505
1678.000000	0.151056
1679.000000	0.177533
1680.000000	0.202992
1681.000000	0.225396
1682.000000	0.241689
1683.000000	0.236088
1684.000000	0.202483
1685.000000	0.161240
1686.000000	0.128652
1687.000000	0.102175
1688.000000	0.091482
1689.000000	0.095047
1690.000000	0.108285
1691.000000	0.132726
1692.000000	0.157675
1693.000000	0.180588
1694.000000	0.213176
1695.000000	0.233033
1696.000000	0.222850
1697.000000	0.201464
1698.000000	0.171932
1699.000000	0.129161
1700.000000	0.121524
1701.000000	0.157675
1702.000000	0.194845
1703.000000	0.223359
1704.000000	0.235070
1705.000000	0.210120
1706.000000	0.164295
1707.000000	0.123561
1708.000000	0.101666
1709.000000	0.112868
1710.000000	0.145455
1711.000000	0.182625
1712.000000	0.214194
1713.000000	0.235579
1714.000000	0.239143
1715.000000	0.227942
1716.000000	0.213685
1717.000000	0.193827
1718.000000	0.164295
1719.000000	0.139345
1720.000000	0.114395
1721.000000	0.093519
1722.000000	0.091992
1723.000000	0.121524
1724.000000	0.167859
1725.000000	0.206556
1726.000000	0.230487
1727.000000	0.237107
1728.000000	0.217758
1729.000000	0.191790
1730.000000	0.177533
1731.000000	0.165822
1732.000000	0.149529
1733.000000	0.116941
1734.000000	0.096574
1735.000000	0.109304
1736.000000	0.149019
1737.000000	0.172441
1738.000000	0.198409
1739.000000	0.222341
1740.000000	0.238125
1741.000000	0.232015
1742.000000	0.201464
1743.000000	0.162767
1744.000000	0.126616
1745.000000	0.100648
1746.000000	0.099120
1747.000000	0.115923
1748.000000	0.148001
1749.000000	0.187717
1750.000000	0.218776
1751.000000	0.236598
1752.000000	0.230997
1753.000000	0.198919
1754.000000	0.164295
1755.000000	0.130689
1756.000000	0.104721
1757.000000	0.089955
1758.000000	0.089446
1759.000000	0.107776
1760.000000	0.144437
1761.000000	0.188735
1762.000000	0.220813
1763.000000	0.238634
1764.000000	0.237616
1765.000000	0.215721
1766.000000	0.172951
1767.000000	0.126106
1768.000000	0.100648
1769.000000	0.086900
1770.000000	0.080281
1771.000000	0.079771
1772.000000	0.097593
1773.000000	0.129161
1774.000000	0.174478
1775.000000	0.213176
1776.000000	0.220813
1777.000000	0.192808
1778.000000	0.146983
1779.000000	0.110831
1780.000000	0.092501
1781.000000	0.090973
1782.000000	0.103703
1783.000000	0.137817
1784.000000	0.176515
1785.000000	0.212157
1786.000000	0.234561
1787.000000	0.243217
1788.000000	0.235579
1789.000000	0.206556
1790.000000	0.161749
1791.000000	0.121524
1792.000000	0.101157
1793.000000	0.113886
1794.000000	0.137817
1795.000000	0.173969
1796.000000	0.211139
1797.000000	0.233033
1798.000000	0.232015
1799.000000	0.211139
1800.000000	0.183134
1801.000000	0.149019
1802.000000	0.115923
1803.000000	0.094538
1804.000000	0.089446
1805.000000	0.103193
1806.000000	0.136799
1807.000000	0.186698
1808.000000	0.217758
1809.000000	0.223868
1810.000000	0.214703
1811.000000	0.200955
1812.000000	0.174987
1813.000000	0.142400
1814.000000	0.110831
1815.000000	0.093519
1816.000000	0.093519
1817.000000	0.118978
1818.000000	0.165313
1819.000000	0.198919
1820.000000	0.227432
1821.000000	0.224377
1822.000000	0.196882
1823.000000	0.164804
1824.000000	0.137308
1825.000000	0.113886
1826.000000	0.094538
1827.000000	0.085882
1828.000000	0.098102
1829.000000	0.128652
1830.000000	0.172441
1831.000000	0.212666
1832.000000	0.229978
1833.000000	0.222850
1834.000000	0.166840
1835.000000	0.122542
1836.000000	0.098102
1837.000000	0.087918
1838.000000	0.094028
1839.000000	0.118978
1840.000000	0.147492
1841.000000	0.187717
1842.000000	0.220304
1843.000000	0.227942
1844.000000	0.211648
1845.000000	0.183134
1846.000000	0.139345
1847.000000	0.106249
1848.000000	0.099629
1849.000000	0.116941
1850.000000	0.151056
1851.000000	0.193827
1852.000000	0.222850
1853.000000	0.226414
1854.000000	0.207065
1855.000000	0.160730
1856.000000	0.127634
1857.000000	0.160221
1858.000000	0.202992
1859.000000	0.218267
1860.000000	0.199428
1861.000000	0.164295
1862.000000	0.126616
1863.000000	0.100138
1864.000000	0.090973
1865.000000	0.098102
1866.000000	0.117450
1867.000000	0.130689
1868.000000	0.141891
1869.000000	0.159203
1870.000000	0.177024
1871.000000	0.195354
1872.000000	0.205029
1873.000000	0.222850
1874.000000	0.237616
1875.000000	0.248309
1876.000000	0.245763
1877.000000	0.219795
1878.000000	0.176515
1879.000000	0.134253
1880.000000	0.104721
1881.000000	0.092501
1882.000000	0.100648
1883.000000	0.131198
1884.000000	0.181097
1885.000000	0.216231
1886.000000	0.234052
1887.000000	0.244235
1888.000000	0.248818
1889.000000	0.243726
1890.000000	0.228960
1891.000000	0.210630
1892.000000	0.188735
1893.000000	0.164295
1894.000000	0.145455
1895.000000	0.122033
1896.000000	0.097083
1897.000000	0.097593
1898.000000	0.123561
1899.000000	0.156657
1900.000000	0.184662
1901.000000	0.205029
1902.000000	0.220304
1903.000000	0.225905
1904.000000	0.191281
1905.000000	0.153093
1906.000000	0.122033
1907.000000	0.101666
1908.000000	0.108285
1909.000000	0.132726
1910.000000	0.162258
1911.000000	0.200446
1912.000000	0.226923
1913.000000	0.232524
1914.000000	0.216740
1915.000000	0.188226
1916.000000	0.158185
1917.000000	0.124579
1918.000000	0.098102
1919.000000	0.100138
1920.000000	0.109813
1921.000000	0.121015
1922.000000	0.155639
1923.000000	0.197391
1924.000000	0.224377
1925.000000	0.238634
1926.000000	0.242199
1927.000000	0.224887
1928.000000	0.176515
1929.000000	0.126616
1930.000000	0.112359
1931.000000	0.121524
1932.000000	0.130180
1933.000000	0.141891
1934.000000	0.162258
1935.000000	0.188735
1936.000000	0.213685
1937.000000	0.232524
1938.000000	0.243217
1939.000000	0.238125
1940.000000	0.209611
1941.000000	0.164295
1942.000000	0.126106
1943.000000	0.100138
1944.000000	0.087409
1945.000000	0.099120
1946.000000	0.129161
1947.000000	0.171423
1948.000000	0.208593
1949.000000	0.230997
1950.000000	0.238634
1951.000000	0.226923
1952.000000	0.198409
1953.000000	0.157166
1954.000000	0.119487
1955.000000	0.095556
1956.000000	0.088937
1957.000000	0.103703
1958.000000	0.136290
1959.000000	0.178042
1960.000000	0.211648
1961.000000	0.232524
1962.000000	0.234561
1963.000000	0.208593
1964.000000	0.169896
1965.000000	0.134762
1966.000000	0.103703
1967.000000	0.116432
1968.000000	0.156657
1969.000000	0.193318
1970.000000	0.221322
1971.000000	0.204520
1972.000000	0.158694
1973.000000	0.119487
1974.000000	0.099120
1975.000000	0.112359
1976.000000	0.142909
1977.000000	0.181607
1978.000000	0.214194
1979.000000	0.234052
1980.000000	0.238634
1981.000000	0.227432
1982.000000	0.179061
1983.000000	0.131198
1984.000000	0.102175
1985.000000	0.085882
1986.000000	0.078753
1987.000000	0.082317
1988.000000	0.105739
1989.000000	0.141891
1990.000000	0.179570
1991.000000	0.204010
1992.000000	0.219795
1993.000000	0.232524
1994.000000	0.242199
1995.000000	0.246272
1996.000000	0.235579
1997.000000	0.203501
1998.000000	0.165822
1999.000000	0.139345
2000.000000	0.124579
2001.000000	0.124070
2002.000000	0.139345
2003.000000	0.167350
2004.000000	0.191281
2005.000000	0.200955
2006.000000	0.197900
2007.000000	0.182625
2008.000000	0.153602
2009.000000	0.119996
2010.000000	0.097593
2011.000000	0.089446
2012.000000	0.079771
2013.000000	0.075698
2014.000000	0.073152