47.000000	0.202992
48.000000	0.228451
49.000000	0.263584
50.000000	0.288534
51.000000	0.296171
52.000000	0.295662
53.000000	0.294135
54.000000	0.305336
55.000000	0.305336
56.000000	0.290061
57.000000	0.266130
58.000000	0.235579
59.000000	0.205029
60.000000	0.183134
61.000000	0.175496
62.000000	0.185680
63.000000	0.206556
64.000000	0.233033
65.000000	0.260529
66.000000	0.291589
67.000000	0.322139
68.000000	0.343015
69.000000	0.353199
70.000000	0.351671
71.000000	0.334359
72.000000	0.302790
73.000000	0.263075
74.000000	0.223868
75.000000	0.193827
76.000000	0.177024
77.000000	0.177024
78.000000	0.196373
79.000000	0.229978
80.000000	0.269185
81.000000	0.309410
82.000000	0.338433
83.000000	0.345052
84.000000	0.330286
85.000000	0.295153
86.000000	0.251873
87.000000	0.212666
88.000000	0.186189
89.000000	0.173969
90.000000	0.180079
91.000000	0.205538
92.000000	0.251873
93.000000	0.300245
94.000000	0.333341
95.000000	0.339960
96.000000	0.318575
97.000000	0.276313
98.000000	0.228451
99.000000	0.195864
100.000000	0.181607
101.000000	0.192299
102.000000	0.225905
103.000000	0.272749
104.000000	0.315011
105.000000	0.340470
106.000000	0.345561
107.000000	0.328249
108.000000	0.291589
109.000000	0.247799
110.000000	0.208084
111.000000	0.184662
112.000000	0.191281
113.000000	0.228960
114.000000	0.279878
115.000000	0.322139
116.000000	0.338942
117.000000	0.324685
118.000000	0.284460
119.000000	0.241180
120.000000	0.204010
121.000000	0.182625
122.000000	0.189244
123.000000	0.225396
124.000000	0.273767
125.000000	0.318575
126.000000	0.345052
127.000000	0.340470
128.000000	0.301772
129.000000	0.242708
130.000000	0.201974
131.000000	0.204010
132.000000	0.248818
133.000000	0.302281
134.000000	0.340470
135.000000	0.346580
136.000000	0.317557
137.000000	0.264093
138.000000	0.216231
139.000000	0.190263
140.000000	0.189753
141.000000	0.215212
142.000000	0.262056
143.000000	0.311956
144.000000	0.342506
145.000000	0.334359
146.000000	0.292607
147.000000	0.241689
148.000000	0.200955
149.000000	0.185680
150.000000	0.199428
151.000000	0.236598
152.000000	0.287006
153.000000	0.324685
154.000000	0.338433
155.000000	0.318066
156.000000	0.271222
157.000000	0.219795
158.000000	0.189753
159.000000	0.194336
160.000000	0.227942
161.000000	0.277332
162.000000	0.326722
163.000000	0.343015
164.000000	0.320102
165.000000	0.265621
166.000000	0.213685
167.000000	0.193827
168.000000	0.214703
169.000000	0.260529
170.000000	0.313992
171.000000	0.343525
172.000000	0.333341
173.000000	0.296171
174.000000	0.242199
175.000000	0.196882
176.000000	0.184662
177.000000	0.211648
178.000000	0.266130
179.000000	0.319593
180.000000	0.336396
181.000000	0.307882
182.000000	0.254928
183.000000	0.204520
184.000000	0.178042
185.000000	0.176515
186.000000	0.201974
187.000000	0.251873
188.000000	0.304318
189.000000	0.338942
190.000000	0.340470
191.000000	0.305336
192.000000	0.246272
193.000000	0.200955
194.000000	0.208084
195.000000	0.264093
196.000000	0.318575
197.000000	0.342506
198.000000	0.330286
199.000000	0.287006
200.000000	0.227942
201.000000	0.194845
202.000000	0.215721
203.000000	0.268167
204.000000	0.320102
205.000000	0.331814
206.000000	0.295153
207.000000	0.236598
208.000000	0.195354
209.000000	0.211648
210.000000	0.272749
211.000000	0.324176
212.000000	0.331304
213.000000	0.288024
214.000000	0.233543
215.000000	0.194336
216.000000	0.168877
217.000000	0.166331
218.000000	0.202992
219.000000	0.269694
220.000000	0.322139
221.000000	0.350144
222.000000	0.341997
223.000000	0.302790
224.000000	0.246272
225.000000	0.197391
226.000000	0.174478
227.000000	0.179061
228.000000	0.211648
229.000000	0.259511
230.000000	0.311956
231.000000	0.347598
232.000000	0.343015
233.000000	0.307882
234.000000	0.257474
235.000000	0.210630
236.000000	0.179061
237.000000	0.183643
238.000000	0.232524
239.000000	0.297190
240.000000	0.339451
241.000000	0.342506
242.000000	0.310428
243.000000	0.253910
244.000000	0.201464
245.000000	0.188226
246.000000	0.235070
247.000000	0.303809
248.000000	0.332832
249.000000	0.310937
250.000000	0.258492
251.000000	0.206047
252.000000	0.184662
253.000000	0.207575
254.000000	0.255437
255.000000	0.305846
256.000000	0.344034
257.000000	0.362364
258.000000	0.359818
259.000000	0.326213
260.000000	0.255437
261.000000	0.207065
262.000000	0.223359
263.000000	0.275804
264.000000	0.322648
265.000000	0.352690
266.000000	0.351162
267.000000	0.305846
268.000000	0.240671
269.000000	0.195354
270.000000	0.193827
271.000000	0.241689
272.000000	0.308391
273.000000	0.340470
274.000000	0.339451
275.000000	0.329777
276.000000	0.306864
277.000000	0.266130
278.000000	0.236598
279.000000	0.298208
280.000000	0.264093
281.000000	0.209611
282.000000	0.183643
283.000000	0.194336
284.000000	0.206047
285.000000	0.279368
286.000000	0.326722
287.000000	0.303300
288.000000	0.247799
289.000000	0.198919
290.000000	0.220304
291.000000	0.287006
292.000000	0.335887
293.000000	0.353199
294.000000	0.365928
295.000000	0.357782
296.000000	0.333341
297.000000	0.280387
298.000000	0.219795
299.000000	0.215721
300.000000	0.263584
301.000000	0.311446
302.000000	0.348107
303.000000	0.368983
304.000000	0.371020
305.000000	0.379167
306.000000	0.383749
307.000000	0.364910
308.000000	0.315011
309.000000	0.245763
310.000000	0.196373
311.000000	0.179570
312.000000	0.201464
313.000000	0.254928
314.000000	0.318066
315.000000	0.339451
316.000000	0.316029
317.000000	0.264602
318.000000	0.210630
319.000000	0.191281
320.000000	0.210630
321.000000	0.263584
322.000000	0.317557
323.000000	0.348616
324.000000	0.325703
325.000000	0.256455
326.000000	0.207065
327.000000	0.217249
328.000000	0.276313
329.000000	0.331304
330.000000	0.322139
331.000000	0.266130
332.000000	0.208593
333.000000	0.187717
334.000000	0.226923
335.000000	0.292607
336.000000	0.340470
337.000000	0.360327
338.000000	0.362873
339.000000	0.341997
340.000000	0.299735
341.000000	0.246781
342.000000	0.197391
343.000000	0.173969
344.000000	0.190263
345.000000	0.225905
346.000000	0.254928
347.000000	0.278859
348.000000	0.305336
349.000000	0.335887
350.000000	0.361855
351.000000	0.359818
352.000000	0.321121
353.000000	0.267657
354.000000	0.217249
355.000000	0.181607
356.000000	0.179570
357.000000	0.241689
358.000000	0.309410
359.000000	0.342506
360.000000	0.328758
361.000000	0.279878
362.000000	0.222341
363.000000	0.183643
364.000000	0.188226
365.000000	0.241180
366.000000	0.307373
367.000000	0.327231
368.000000	0.277332
369.000000	0.214703
370.000000	0.238634
371.000000	0.306355
372.000000	0.332323
373.000000	0.306355
374.000000	0.263075
375.000000	0.220813
376.000000	0.186698
377.000000	0.166840
378.000000	0.170405
379.000000	0.199937
380.000000	0.257474
381.000000	0.320102
382.000000	0.326722
383.000000	0.261547
384.000000	0.204010
385.000000	0.208593
386.000000	0.268676
387.000000	0.325194
388.000000	0.342506
389.000000	0.317557
390.000000	0.267148
391.000000	0.214194
392.000000	0.180588
393.000000	0.179570
394.000000	0.222341
395.000000	0.283951
396.000000	0.333341
397.000000	0.361346
398.000000	0.366947
399.000000	0.333850
400.000000	0.262566
401.000000	0.204010
402.000000	0.184152
403.000000	0.202483
404.000000	0.250345
405.000000	0.303300
406.000000	0.343015
407.000000	0.359818
408.000000	0.337414
409.000000	0.283442
410.000000	0.218776
411.000000	0.184662
412.000000	0.191281
413.000000	0.226923
414.000000	0.269185
415.000000	0.316029
416.000000	0.352181
417.000000	0.360327
418.000000	0.350653
419.000000	0.312974
420.000000	0.241689
421.000000	0.194336
422.000000	0.179061
423.000000	0.192299
424.000000	0.232524
425.000000	0.293625
426.000000	0.339451
427.000000	0.341997
428.000000	0.288534
429.000000	0.220813
430.000000	0.205029
431.000000	0.242708
432.000000	0.308391
433.000000	0.330795
434.000000	0.304318
435.000000	0.248309
436.000000	0.195354
437.000000	0.194336
438.000000	0.248818
439.000000	0.305846
440.000000	0.342506
441.000000	0.365419
442.000000	0.356763
443.000000	0.313483
444.000000	0.254419
445.000000	0.203501
446.000000	0.178552
447.000000	0.193827
448.000000	0.234052
449.000000	0.285479
450.000000	0.328249
451.000000	0.356254
452.000000	0.363892
453.000000	0.345561
454.000000	0.302790
455.000000	0.249327
456.000000	0.200446
457.000000	0.174987
458.000000	0.187208
459.000000	0.234561
460.000000	0.293625
461.000000	0.338942
462.000000	0.355745
463.000000	0.328758
464.000000	0.273258
465.000000	0.213176
466.000000	0.181607
467.000000	0.183643
468.000000	0.214703
469.000000	0.269694
470.000000	0.322139
471.000000	0.351162
472.000000	0.336396
473.000000	0.282423
474.000000	0.218267
475.000000	0.189244
476.000000	0.211139
477.000000	0.268676
478.000000	0.324685
479.000000	0.347089
480.000000	0.327740
481.000000	0.281405
482.000000	0.228451
483.000000	0.187717
484.000000	0.171932
485.000000	0.185171
486.000000	0.215721
487.000000	0.263584
488.000000	0.313992
489.000000	0.350144
490.000000	0.360327
491.000000	0.337924
492.000000	0.291079
493.000000	0.233543
494.000000	0.188735
495.000000	0.171423
496.000000	0.184152
497.000000	0.225396
498.000000	0.281914
499.000000	0.331814
500.000000	0.330286
501.000000	0.280387
502.000000	0.221322
503.000000	0.184152
504.000000	0.188735
505.000000	0.237107
506.000000	0.295153
507.000000	0.339960
508.000000	0.346580
509.000000	0.312974
510.000000	0.255437
511.000000	0.202483
512.000000	0.174987
513.000000	0.180079
514.000000	0.216231
515.000000	0.271222
516.000000	0.324176
517.000000	0.351671
518.000000	0.337414
519.000000	0.289552
520.000000	0.228960
521.000000	0.185680
522.000000	0.183643
523.000000	0.221832
524.000000	0.276313
525.000000	0.327231
526.000000	0.352690
527.000000	0.341997
528.000000	0.298208
529.000000	0.246781
530.000000	0.197391
531.000000	0.172441
532.000000	0.188226
533.000000	0.222850
534.000000	0.261547
535.000000	0.306864
536.000000	0.344034
537.000000	0.363382
538.000000	0.343525
539.000000	0.316029
540.000000	0.302790
541.000000	0.275804
542.000000	0.226414
543.000000	0.184152
544.000000	0.165822
545.000000	0.170914
546.000000	0.190772
547.000000	0.231506
548.000000	0.293116
549.000000	0.337924
550.000000	0.345561
551.000000	0.318575
552.000000	0.275804
553.000000	0.235070
554.000000	0.195864
555.000000	0.168877
556.000000	0.178042
557.000000	0.236598
558.000000	0.304827
559.000000	0.345052
560.000000	0.360837
561.000000	0.350144
562.000000	0.319593
563.000000	0.289552
564.000000	0.260529
565.000000	0.216231
566.000000	0.177024
567.000000	0.159712
568.000000	0.162258
569.000000	0.196373
570.000000	0.252382
571.000000	0.297699
572.000000	0.337414
573.000000	0.355745
574.000000	0.328758
575.000000	0.267657
576.000000	0.211648
577.000000	0.175496
578.000000	0.159203
579.000000	0.160730
580.000000	0.190772
581.000000	0.255437
582.000000	0.318066
583.000000	0.347598
584.000000	0.352690
585.000000	0.351162
586.000000	0.350144
587.000000	0.339451
588.000000	0.306864
589.000000	0.248818
590.000000	0.195864
591.000000	0.198409
592.000000	0.261038
593.000000	0.321630
594.000000	0.337924
595.000000	0.321630
596.000000	0.283951
597.000000	0.234052
598.000000	0.189753
599.000000	0.168877
600.000000	0.182116
601.000000	0.213685
602.000000	0.241180
603.000000	0.276313
604.000000	0.320102
605.000000	0.351671
606.000000	0.353199
607.000000	0.317047
608.000000	0.271222
609.000000	0.238634
610.000000	0.206047
611.000000	0.176006
612.000000	0.156657
613.000000	0.151056
614.000000	0.162258
615.000000	0.197900
616.000000	0.256965
617.000000	0.309919
618.000000	0.336396
619.000000	0.357782
620.000000	0.373057
621.000000	0.368983
622.000000	0.338433
623.000000	0.275295
624.000000	0.211648
625.000000	0.178552
626.000000	0.177024
627.000000	0.208084
628.000000	0.255437
629.000000	0.303300
630.000000	0.341997
631.000000	0.360837
632.000000	0.354217
633.000000	0.319084
634.000000	0.247799
635.000000	0.201464
636.000000	0.213685
637.000000	0.250855
638.000000	0.300754
639.000000	0.343015
640.000000	0.355236
641.000000	0.337414
642.000000	0.308901
643.000000	0.274277
644.000000	0.237616
645.000000	0.197391
646.000000	0.173460
647.000000	0.189244
648.000000	0.243217
649.000000	0.304318
650.000000	0.345052
651.000000	0.350653
652.000000	0.327740
653.000000	0.291079
654.000000	0.250345
655.000000	0.206556
656.000000	0.174478
657.000000	0.156148
658.000000	0.154620
659.000000	0.173460
660.000000	0.216231
661.000000	0.270203
662.000000	0.320102
663.000000	0.353199
664.000000	0.365928
665.000000	0.356254
666.000000	0.327231
667.000000	0.281405
668.000000	0.225905
669.000000	0.184152
670.000000	0.170405
671.000000	0.192299
672.000000	0.229469
673.000000	0.274277
674.000000	0.308901
675.000000	0.339960
676.000000	0.363382
677.000000	0.370002
678.000000	0.360837
679.000000	0.336396
680.000000	0.296171
681.000000	0.251364
682.000000	0.206047
683.000000	0.172951
684.000000	0.162767
685.000000	0.173460
686.000000	0.212666
687.000000	0.262566
688.000000	0.313992
689.000000	0.350144
690.000000	0.358291
691.000000	0.331814
692.000000	0.278859
693.000000	0.222341
694.000000	0.184152
695.000000	0.161749
696.000000	0.156657
697.000000	0.172441
698.000000	0.211648
699.000000	0.271222
700.000000	0.326213
701.000000	0.348616
702.000000	0.331814
703.000000	0.285479
704.000000	0.237616
705.000000	0.201464
706.000000	0.176515
707.000000	0.158185
708.000000	0.173460
709.000000	0.235070
710.000000	0.305336
711.000000	0.340470
712.000000	0.328758
713.000000	0.288534
714.000000	0.238125
715.000000	0.192808
716.000000	0.167350
717.000000	0.175496
718.000000	0.205029
719.000000	0.240671
720.000000	0.269185
721.000000	0.294135
722.000000	0.330286
723.000000	0.351162
724.000000	0.316538
725.000000	0.242708
726.000000	0.191281
727.000000	0.176006
728.000000	0.196373
729.000000	0.248309
730.000000	0.311956
731.000000	0.330795
732.000000	0.291589
733.000000	0.235070
734.000000	0.189753
735.000000	0.166331
736.000000	0.170405
737.000000	0.199428
738.000000	0.238634
739.000000	0.282423
740.000000	0.322648
741.000000	0.351162
742.000000	0.369493
743.000000	0.375093
744.000000	0.371020
745.000000	0.362873
746.000000	0.335887
747.000000	0.278859
748.000000	0.216231
749.000000	0.181097
750.000000	0.193827
751.000000	0.244235
752.000000	0.303809
753.000000	0.346580
754.000000	0.358800
755.000000	0.356254
756.000000	0.345052
757.000000	0.304318
758.000000	0.241689
759.000000	0.194845
760.000000	0.215212
761.000000	0.278859
762.000000	0.325703
763.000000	0.354726
764.000000	0.372038
765.000000	0.379676
766.000000	0.378149
767.000000	0.353708
768.000000	0.301772
769.000000	0.237616
770.000000	0.192808
771.000000	0.212666
772.000000	0.284969
773.000000	0.334869
774.000000	0.340470
775.000000	0.315520
776.000000	0.266130
777.000000	0.215721
778.000000	0.178042
779.000000	0.162258
780.000000	0.167859
781.000000	0.190772
782.000000	0.214703
783.000000	0.243217
784.000000	0.280387
785.000000	0.323667
786.000000	0.354217
787.000000	0.346580
788.000000	0.302281
789.000000	0.246272
790.000000	0.201464
791.000000	0.169896
792.000000	0.156657
793.000000	0.154620
794.000000	0.172441
795.000000	0.212157
796.000000	0.279368
797.000000	0.335378
798.000000	0.351162
799.000000	0.306355
800.000000	0.230997
801.000000	0.200955
802.000000	0.234052
803.000000	0.294135
804.000000	0.340470
805.000000	0.364910
806.000000	0.373057
807.000000	0.372038
808.000000	0.368983
809.000000	0.356254
810.000000	0.331814
811.000000	0.309410
812.000000	0.303300
813.000000	0.307373
814.000000	0.306355
815.000000	0.281914
816.000000	0.238634
817.000000	0.207575
818.000000	0.187208
819.000000	0.165313
820.000000	0.160221
821.000000	0.181607
822.000000	0.218267
823.000000	0.270203
824.000000	0.326722
825.000000	0.358291
826.000000	0.359818
827.000000	0.332832
828.000000	0.289552
829.000000	0.236598
830.000000	0.191281
831.000000	0.172951
832.000000	0.196373
833.000000	0.249327
834.000000	0.306864
835.000000	0.347089
836.000000	0.361855
837.000000	0.344034
838.000000	0.308391
839.000000	0.271222
840.000000	0.232524
841.000000	0.195864
842.000000	0.169386
843.000000	0.154620
844.000000	0.158694
845.000000	0.184152
846.000000	0.226414
847.000000	0.281914
848.000000	0.330286
849.000000	0.359309
850.000000	0.358291
851.000000	0.328249
852.000000	0.274786
853.000000	0.217249
854.000000	0.181607
855.000000	0.192808
856.000000	0.249327
857.000000	0.313483
858.000000	0.332832
859.000000	0.287515
860.000000	0.222850
861.000000	0.188735
862.000000	0.207065
863.000000	0.253400
864.000000	0.309410
865.000000	0.350653
866.000000	0.354217
867.000000	0.318066
868.000000	0.263075
869.000000	0.218776
870.000000	0.191790
871.000000	0.169386
872.000000	0.163276
873.000000	0.187717
874.000000	0.240162
875.000000	0.290570
876.000000	0.332832
877.000000	0.353708
878.000000	0.320102
879.000000	0.242708
880.000000	0.196373
881.000000	0.181607
882.000000	0.174478
883.000000	0.197391
884.000000	0.244235
885.000000	0.294644
886.000000	0.339451
887.000000	0.347598
888.000000	0.324685
889.000000	0.290570
890.000000	0.245763
891.000000	0.202992
892.000000	0.170405
893.000000	0.156657
894.000000	0.159712
895.000000	0.187208
896.000000	0.238634
897.000000	0.297190
898.000000	0.341488
899.000000	0.365419
900.000000	0.373566
901.000000	0.361855
902.000000	0.325703
903.000000	0.269694
904.000000	0.217249
905.000000	0.180079
906.000000	0.159712
907.000000	0.153093
908.000000	0.169896
909.000000	0.207575
910.000000	0.259001
911.000000	0.313992
912.000000	0.351671
913.000000	0.366437
914.000000	0.357782
915.000000	0.326722
916.000000	0.275804
917.000000	0.221832
918.000000	0.181607
919.000000	0.182116
920.000000	0.222850
921.000000	0.289043
922.000000	0.340979
923.000000	0.346580
924.000000	0.306864
925.000000	0.245763
926.000000	0.194845
927.000000	0.173460
928.000000	0.181607
929.000000	0.214703
930.000000	0.265111
931.000000	0.312465
932.000000	0.351162
933.000000	0.372548
934.000000	0.370511
935.000000	0.346070
936.000000	0.306355
937.000000	0.252382
938.000000	0.199937
939.000000	0.172951
940.000000	0.171932
941.000000	0.194336
942.000000	0.243726
943.000000	0.301263
944.000000	0.344543
945.000000	0.364910
946.000000	0.346580
947.000000	0.305846
948.000000	0.267657
949.000000	0.230487
950.000000	0.189753
951.000000	0.165313
952.000000	0.157675
953.000000	0.180588
954.000000	0.232524
955.000000	0.292607
956.000000	0.340470
957.000000	0.360837
958.000000	0.356763
959.000000	0.329268
960.000000	0.292607
961.000000	0.253400
962.000000	0.213685
963.000000	0.179061
964.000000	0.199937
965.000000	0.261547
966.000000	0.321630
967.000000	0.358800
968.000000	0.372548
969.000000	0.357272
970.000000	0.319593
971.000000	0.266639
972.000000	0.213176
973.000000	0.177533
974.000000	0.164295
975.000000	0.164804
976.000000	0.185680
977.000000	0.219795
978.000000	0.263075
979.000000	0.324176
980.000000	0.336905
981.000000	0.301263
982.000000	0.250855
983.000000	0.203501
984.000000	0.173460
985.000000	0.167859
986.000000	0.185680
987.000000	0.222341
988.000000	0.279368
989.000000	0.329777
990.000000	0.363892
991.000000	0.374584
992.000000	0.362364
993.000000	0.321121
994.000000	0.261547
995.000000	0.205538
996.000000	0.173460
997.000000	0.167350
998.000000	0.176515
999.000000	0.199937
1000.000000	0.238634
1001.000000	0.293625
1002.000000	0.330286
1003.000000	0.354217
1004.000000	0.334359
1005.000000	0.300245
1006.000000	0.249327
1007.000000	0.197391
1008.000000	0.179061
1009.000000	0.213685
1010.000000	0.274277
1011.000000	0.329268
1012.000000	0.361855
1013.000000	0.369493
1014.000000	0.346070
1015.000000	0.303300
1016.000000	0.260020
1017.000000	0.211648
1018.000000	0.178042
1019.000000	0.189753
1020.000000	0.233543
1021.000000	0.283442
1022.000000	0.331814
1023.000000	0.360837
1024.000000	0.343525
1025.000000	0.291589
1026.000000	0.231506
1027.000000	0.187208
1028.000000	0.184662
1029.000000	0.227942
1030.000000	0.296171
1031.000000	0.346580
1032.000000	0.361855
1033.000000	0.339960
1034.000000	0.298717
1035.000000	0.275295
1036.000000	0.283442
1037.000000	0.271222
1038.000000	0.223868
1039.000000	0.182625
1040.000000	0.159203
1041.000000	0.148510
1042.000000	0.142909
1043.000000	0.154111
1044.000000	0.190263
1045.000000	0.260020
1046.000000	0.324176
1047.000000	0.352181
1048.000000	0.361855
1049.000000	0.360327
1050.000000	0.344543
1051.000000	0.325194
1052.000000	0.309410
1053.000000	0.289043
1054.000000	0.223868
1055.000000	0.191281
1056.000000	0.195864
1057.000000	0.218267
1058.000000	0.258492
1059.000000	0.311446
1060.000000	0.353708
1061.000000	0.371529
1062.000000	0.351671
1063.000000	0.301772
1064.000000	0.243217
1065.000000	0.194336
1066.000000	0.173460
1067.000000	0.182116
1068.000000	0.215212
1069.000000	0.263584
1070.000000	0.313483
1071.000000	0.351162
1072.000000	0.372548
1073.000000	0.371529
1074.000000	0.343525
1075.000000	0.291079
1076.000000	0.228451
1077.000000	0.187208
1078.000000	0.187717
1079.000000	0.225905
1080.000000	0.275295
1081.000000	0.320612
1082.000000	0.355745
1083.000000	0.375093
1084.000000	0.353199
1085.000000	0.284460
1086.000000	0.216231
1087.000000	0.194336
1088.000000	0.212157
1089.000000	0.245254
1090.000000	0.283442
1091.000000	0.330286
1092.000000	0.361855
1093.000000	0.364910
1094.000000	0.338942
1095.000000	0.290570
1096.000000	0.237616
1097.000000	0.191281
1098.000000	0.165822
1099.000000	0.161749
1100.000000	0.181097
1101.000000	0.227942
1102.000000	0.294644
1103.000000	0.339451
1104.000000	0.338942
1105.000000	0.301772
1106.000000	0.254419
1107.000000	0.234052
1108.000000	0.231506
1109.000000	0.213685
1110.000000	0.186189
1111.000000	0.161749
1112.000000	0.156148
1113.000000	0.175496
1114.000000	0.219286
1115.000000	0.281405
1116.000000	0.337414
1117.000000	0.354217
1118.000000	0.332832
1119.000000	0.295153
1120.000000	0.248309
1121.000000	0.206047
1122.000000	0.174478
1123.000000	0.157166
1124.000000	0.160221
1125.000000	0.185680
1126.000000	0.221832
1127.000000	0.264602
1128.000000	0.307373
1129.000000	0.344034
1130.000000	0.367965
1131.000000	0.379167
1132.000000	0.357272
1133.000000	0.306355
1134.000000	0.242708
1135.000000	0.192808
1136.000000	0.172951
1137.000000	0.187717
1138.000000	0.223359
1139.000000	0.278859
1140.000000	0.327740
1141.000000	0.361855
1142.000000	0.376112
1143.000000	0.357272
1144.000000	0.310428
1145.000000	0.248818
1146.000000	0.198919
1147.000000	0.215212
1148.000000	0.270712
1149.000000	0.328758
1150.000000	0.362873
1151.000000	0.367965
1152.000000	0.338942
1153.000000	0.291589
1154.000000	0.243217
1155.000000	0.196882
1156.000000	0.169386
1157.000000	0.176006
1158.000000	0.221322
1159.000000	0.277841
1160.000000	0.328249
1161.000000	0.361855
1162.000000	0.380185
1163.000000	0.379167
1164.000000	0.359818
1165.000000	0.326722
1166.000000	0.280387
1167.000000	0.224887
1168.000000	0.183134
1169.000000	0.176006
1170.000000	0.216740
1171.000000	0.282933
1172.000000	0.337924
1173.000000	0.357782
1174.000000	0.331304
1175.000000	0.268676
1176.000000	0.210630
1177.000000	0.176515
1178.000000	0.174478
1179.000000	0.206556
1180.000000	0.265111
1181.000000	0.321121
1182.000000	0.355236
1183.000000	0.368474
1184.000000	0.358291
1185.000000	0.318575
1186.000000	0.251364
1187.000000	0.197900
1188.000000	0.190263
1189.000000	0.207065
1190.000000	0.236598
1191.000000	0.279878
1192.000000	0.325194
1193.000000	0.359818
1194.000000	0.369493
1195.000000	0.344543
1196.000000	0.285479
1197.000000	0.217249
1198.000000	0.201974
1199.000000	0.259001
1200.000000	0.325703
1201.000000	0.362873
1202.000000	0.382731
1203.000000	0.389860
1204.000000	0.392405
1205.000000	0.389350
1206.000000	0.349635
1207.000000	0.269694
1208.000000	0.210120
1209.000000	0.221832
1210.000000	0.282933
1211.000000	0.338433
1212.000000	0.332323
1213.000000	0.274786
1214.000000	0.218776
1215.000000	0.179061
1216.000000	0.162258
1217.000000	0.165313
1218.000000	0.197900
1219.000000	0.244744
1220.000000	0.290061
1221.000000	0.326722
1222.000000	0.360327
1223.000000	0.377639
1224.000000	0.381713
1225.000000	0.371529
1226.000000	0.355236
1227.000000	0.332323
1228.000000	0.303809
1229.000000	0.258492
1230.000000	0.208593
1231.000000	0.174987
1232.000000	0.166331
1233.000000	0.173460
1234.000000	0.181607
1235.000000	0.202483
1236.000000	0.257983
1237.000000	0.317047
1238.000000	0.355236
1239.000000	0.377130
1240.000000	0.387823
1241.000000	0.393933
1242.000000	0.386805
1243.000000	0.352181
1244.000000	0.292098
1245.000000	0.237616
1246.000000	0.192808
1247.000000	0.166840
1248.000000	0.160730
1249.000000	0.176515
1250.000000	0.202483
1251.000000	0.245763
1252.000000	0.299226
1253.000000	0.341488
1254.000000	0.368983
1255.000000	0.377639
1256.000000	0.360327
1257.000000	0.322648
1258.000000	0.264093
1259.000000	0.209102
1260.000000	0.181097
1261.000000	0.204010
1262.000000	0.259511
1263.000000	0.318575
1264.000000	0.357272
1265.000000	0.365419
1266.000000	0.335378
1267.000000	0.276823
1268.000000	0.217249
1269.000000	0.178042
1270.000000	0.169896
1271.000000	0.183643
1272.000000	0.213685
1273.000000	0.256965
1274.000000	0.302790
1275.000000	0.346580
1276.000000	0.374075
1277.000000	0.365419
1278.000000	0.315011
1279.000000	0.244744
1280.000000	0.193827
1281.000000	0.185680
1282.000000	0.221322
1283.000000	0.279368
1284.000000	0.327740
1285.000000	0.362873
1286.000000	0.370002
1287.000000	0.318575
1288.000000	0.238634
1289.000000	0.196882
1290.000000	0.204010
1291.000000	0.233543
1292.000000	0.274786
1293.000000	0.320102
1294.000000	0.359818
1295.000000	0.373057
1296.000000	0.357782
1297.000000	0.316029
1298.000000	0.260020
1299.000000	0.205538
1300.000000	0.173460
1301.000000	0.173460
1302.000000	0.203501
1303.000000	0.274786
1304.000000	0.335887
1305.000000	0.356254
1306.000000	0.355236
1307.000000	0.320102
1308.000000	0.259001
1309.000000	0.202992
1310.000000	0.172951
1311.000000	0.179061
1312.000000	0.214194
1313.000000	0.271731
1314.000000	0.325703
1315.000000	0.362364
1316.000000	0.378658
1317.000000	0.376621
1318.000000	0.356763
1319.000000	0.331304
1320.000000	0.281405
1321.000000	0.221832
1322.000000	0.183643
1323.000000	0.198409
1324.000000	0.262056
1325.000000	0.326722
1326.000000	0.358291
1327.000000	0.350653
1328.000000	0.321121
1329.000000	0.298208
1330.000000	0.282423
1331.000000	0.249836
1332.000000	0.199428
1333.000000	0.184152
1334.000000	0.225396
1335.000000	0.285988
1336.000000	0.331304
1337.000000	0.362873
1338.000000	0.379676
1339.000000	0.381204
1340.000000	0.362873
1341.000000	0.319593
1342.000000	0.259001
1343.000000	0.207575
1344.000000	0.174987
1345.000000	0.156657
1346.000000	0.149529
1347.000000	0.148001
1348.000000	0.158694
1349.000000	0.193827
1350.000000	0.252382
1351.000000	0.317047
1352.000000	0.356763
1353.000000	0.351671
1354.000000	0.305336
1355.000000	0.239143
1356.000000	0.196882
1357.000000	0.231506
1358.000000	0.298208
1359.000000	0.349126
1360.000000	0.358800
1361.000000	0.338433
1362.000000	0.300754
1363.000000	0.241689
1364.000000	0.193318
1365.000000	0.183643
1366.000000	0.217758
1367.000000	0.268676
1368.000000	0.319593
1369.000000	0.357782
1370.000000	0.377639
1371.000000	0.378149
1372.000000	0.359818
1373.000000	0.329268
1374.000000	0.282933
1375.000000	0.232524
1376.000000	0.187717
1377.000000	0.174478
1378.000000	0.191281
1379.000000	0.232015
1380.000000	0.292098
1381.000000	0.343015
1382.000000	0.366437
1383.000000	0.366437
1384.000000	0.372038
1385.000000	0.377639
1386.000000	0.337414
1387.000000	0.260529
1388.000000	0.200446
1389.000000	0.181097
1390.000000	0.193827
1391.000000	0.220304
1392.000000	0.249836
1393.000000	0.282423
1394.000000	0.330286
1395.000000	0.362873
1396.000000	0.381204
1397.000000	0.368983
1398.000000	0.317557
1399.000000	0.264093
1400.000000	0.218267
1401.000000	0.181097
1402.000000	0.190263
1403.000000	0.259511
1404.000000	0.327231
1405.000000	0.364910
1406.000000	0.364910
1407.000000	0.328249
1408.000000	0.274786
1409.000000	0.216231
1410.000000	0.178042
1411.000000	0.166331
1412.000000	0.162258
1413.000000	0.181607
1414.000000	0.221832
1415.000000	0.262566
1416.000000	0.312974
1417.000000	0.353708
1418.000000	0.378149
1419.000000	0.388332
1420.000000	0.387314
1421.000000	0.365419
1422.000000	0.335378
1423.000000	0.296680
1424.000000	0.256455
1425.000000	0.215212
1426.000000	0.178552
1427.000000	0.167350
1428.000000	0.189244
1429.000000	0.229978
1430.000000	0.275295
1431.000000	0.319593
1432.000000	0.352690
1433.000000	0.371529
1434.000000	0.386805
1435.000000	0.393424
1436.000000	0.368474
1437.000000	0.306864
1438.000000	0.236598
1439.000000	0.189753
1440.000000	0.165822
1441.000000	0.163276
1442.000000	0.184152
1443.000000	0.227432
1444.000000	0.277332
1445.000000	0.315011
1446.000000	0.346580
1447.000000	0.371529
1448.000000	0.384259
1449.000000	0.390878
1450.000000	0.395461
1451.000000	0.393424
1452.000000	0.374075
1453.000000	0.337924
1454.000000	0.285988
1455.000000	0.234561
1456.000000	0.193827
1457.000000	0.167859
1458.000000	0.153093
1459.000000	0.158185
1460.000000	0.181097
1461.000000	0.213685
1462.000000	0.240671
1463.000000	0.264602
1464.000000	0.302281
1465.000000	0.346580
1466.000000	0.373057
1467.000000	0.365419
1468.000000	0.324176
1469.000000	0.271222
1470.000000	0.228451
1471.000000	0.190263
1472.000000	0.164804
1473.000000	0.151056
1474.000000	0.143928
1475.000000	0.147492
1476.000000	0.201974
1477.000000	0.265111
1478.000000	0.310937
1479.000000	0.341488
1480.000000	0.368474
1481.000000	0.372038
1482.000000	0.338942
1483.000000	0.281405
1484.000000	0.223359
1485.000000	0.182625
1486.000000	0.165822
1487.000000	0.166840
1488.000000	0.178552
1489.000000	0.213176
1490.000000	0.257983
1491.000000	0.309410
1492.000000	0.348107
1493.000000	0.372548
1494.000000	0.386805
1495.000000	0.371020
1496.000000	0.311956
1497.000000	0.235579
1498.000000	0.192808
1499.000000	0.200955
1500.000000	0.239143
1501.000000	0.294135
1502.000000	0.340470
1503.000000	0.371020
1504.000000	0.381204
1505.000000	0.378658
1506.000000	0.365419
1507.000000	0.335887
1508.000000	0.297699
1509.000000	0.260020
1510.000000	0.219286
1511.000000	0.181607
1512.000000	0.164295
1513.000000	0.163276
1514.000000	0.179570
1515.000000	0.213685
1516.000000	0.272240
1517.000000	0.333850
1518.000000	0.350144
1519.000000	0.348107
1520.000000	0.348107
1521.000000	0.329777
1522.000000	0.278350
1523.000000	0.213176
1524.000000	0.183134
1525.000000	0.197900
1526.000000	0.235070
1527.000000	0.287515
1528.000000	0.336396
1529.000000	0.366947
1530.000000	0.380694
1531.000000	0.379167
1532.000000	0.365928
1533.000000	0.353199
1534.000000	0.335887
1535.000000	0.303300
1536.000000	0.269185
1537.000000	0.229978
1538.000000	0.192299
1539.000000	0.165313
1540.000000	0.151056
1541.000000	0.155129
1542.000000	0.179570
1543.000000	0.221322
1544.000000	0.255946
1545.000000	0.276313
1546.000000	0.287006
1547.000000	0.283442
1548.000000	0.310428
1549.000000	0.352181
1550.000000	0.352181
1551.000000	0.333850
1552.000000	0.324176
1553.000000	0.312465
1554.000000	0.252382
1555.000000	0.201974
1556.000000	0.209611
1557.000000	0.240162
1558.000000	0.269185
1559.000000	0.308391
1560.000000	0.351162
1561.000000	0.375093
1562.000000	0.381204
1563.000000	0.358800
1564.000000	0.322139
1565.000000	0.281405
1566.000000	0.236088
1567.000000	0.192808
1568.000000	0.166331
1569.000000	0.151565
1570.000000	0.146983
1571.000000	0.152074
1572.000000	0.161749
1573.000000	0.165313
1574.000000	0.176515
1575.000000	0.207575
1576.000000	0.249327
1577.000000	0.300754
1578.000000	0.345052
1579.000000	0.372548
1580.000000	0.378658
1581.000000	0.368983
1582.000000	0.343525
1583.000000	0.309919
1584.000000	0.265621
1585.000000	0.217758
1586.000000	0.179570
1587.000000	0.164295
1588.000000	0.177533
1589.000000	0.210120
1590.000000	0.258492
1591.000000	0.310937
1592.000000	0.354217
1593.000000	0.375603
1594.000000	0.367965
1595.000000	0.347089
1596.000000	0.325194
1597.000000	0.312974
1598.000000	0.303809
1599.000000	0.284969
1600.000000	0.251873
1601.000000	0.212666
1602.000000	0.179570
1603.000000	0.158694
1604.000000	0.148001
1605.000000	0.144946
1606.000000	0.148001
1607.000000	0.161240
1608.000000	0.189244
1609.000000	0.228451
1610.000000	0.278350
1611.000000	0.326213
1612.000000	0.363892
1613.000000	0.375603
1614.000000	0.350653
1615.000000	0.291589
1616.000000	0.220813
1617.000000	0.199428
1618.000000	0.238634
1619.000000	0.290061
1620.000000	0.334359
1621.000000	0.366437
1622.000000	0.385277
1623.000000	0.392405
1624.000000	0.388841
1625.000000	0.376112
1626.000000	0.354726
1627.000000	0.322139
1628.000000	0.277841
1629.000000	0.227942
1630.000000	0.188226
1631.000000	0.163785
1632.000000	0.156148
1633.000000	0.170405
1634.000000	0.238125
1635.000000	0.317557
1636.000000	0.353199
1637.000000	0.352181
1638.000000	0.321630
1639.000000	0.273258
1640.000000	0.223359
1641.000000	0.185171
1642.000000	0.161240
1643.000000	0.151565
1644.000000	0.148001
1645.000000	0.151056
1646.000000	0.160730
1647.000000	0.190263
1648.000000	0.252382
1649.000000	0.320102
1650.000000	0.359818
1651.000000	0.366437
1652.000000	0.355236
1653.000000	0.348107
1654.000000	0.341997
1655.000000	0.339451
1656.000000	0.340979
1657.000000	0.341997
1658.000000	0.317047
1659.000000	0.238634
1660.000000	0.230997
1661.000000	0.289043
1662.000000	0.342506
1663.000000	0.348107
1664.000000	0.317557
1665.000000	0.271731
1666.000000	0.221832
1667.000000	0.180588
1668.000000	0.163276
1669.000000	0.172441
1670.000000	0.202992
1671.000000	0.242199
1672.000000	0.292607
1673.000000	0.338433
1674.000000	0.371529
1675.000000	0.384259
1676.000000	0.371020
1677.000000	0.346580
1678.000000	0.318066
1679.000000	0.289552
1680.000000	0.267657
1681.000000	0.256455
1682.000000	0.256965
1683.000000	0.257983
1684.000000	0.262056
1685.000000	0.264093
1686.000000	0.267657
1687.000000	0.271222
1688.000000	0.264602
1689.000000	0.227942
1690.000000	0.184662
1691.000000	0.168368
1692.000000	0.190263
1693.000000	0.237107
1694.000000	0.299226
1695.000000	0.348107
1696.000000	0.373566
1697.000000	0.384768
1698.000000	0.382222
1699.000000	0.359818
1700.000000	0.315011
1701.000000	0.253400
1702.000000	0.198409
1703.000000	0.184152
1704.000000	0.213176
1705.000000	0.275295
1706.000000	0.334359
1707.000000	0.368474
1708.000000	0.375093
1709.000000	0.359309
1710.000000	0.337924
1711.000000	0.325194
1712.000000	0.317557
1713.000000	0.304318
1714.000000	0.287006
1715.000000	0.262056
1716.000000	0.227942
1717.000000	0.192808
1718.000000	0.167350
1719.000000	0.152584
1720.000000	0.155639
1721.000000	0.173969
1722.000000	0.201464
1723.000000	0.228960
1724.000000	0.265621
1725.000000	0.318066
1726.000000	0.358291
1727.000000	0.348616
1728.000000	0.292098
1729.000000	0.246272
1730.000000	0.200446
1731.000000	0.171423
1732.000000	0.162767
1733.000000	0.177533
1734.000000	0.209102
1735.000000	0.248309
1736.000000	0.288534
1737.000000	0.323158
1738.000000	0.356254
1739.000000	0.379676
1740.000000	0.377130
1741.000000	0.347598
1742.000000	0.297190
1743.000000	0.245763
1744.000000	0.203501
1745.000000	0.174987
1746.000000	0.156657
1747.000000	0.147492
1748.000000	0.146473
1749.000000	0.165822
1750.000000	0.197391
1751.000000	0.231506
1752.000000	0.261038
1753.000000	0.298208
1754.000000	0.342506
1755.000000	0.373057
1756.000000	0.381204
1757.000000	0.363382
1758.000000	0.329777
1759.000000	0.288024
1760.000000	0.244235
1761.000000	0.209611
1762.000000	0.179570
1763.000000	0.159203
1764.000000	0.156148
1765.000000	0.174478
1766.000000	0.214703
1767.000000	0.270203
1768.000000	0.319593
1769.000000	0.358291
1770.000000	0.380185
1771.000000	0.381204
1772.000000	0.360327
1773.000000	0.322648
1774.000000	0.271222
1775.000000	0.223359
1776.000000	0.183134
1777.000000	0.167350
1778.000000	0.184662
1779.000000	0.218776
1780.000000	0.265621
1781.000000	0.311956
1782.000000	0.350653
1783.000000	0.376112
1784.000000	0.389860
1785.000000	0.382731
1786.000000	0.350653
1787.000000	0.293625
1788.000000	0.233543
1789.000000	0.187208
1790.000000	0.167350
1791.000000	0.177533
1792.000000	0.219286
1793.000000	0.280896
1794.000000	0.333850
1795.000000	0.363892
1796.000000	0.355236
1797.000000	0.327740
1798.000000	0.293625
1799.000000	0.251364
1800.000000	0.201974
1801.000000	0.181607
1802.000000	0.202992
1803.000000	0.222341
1804.000000	0.257983
1805.000000	0.292607
1806.000000	0.335887
1807.000000	0.372038
1808.000000	0.378149
1809.000000	0.348107
1810.000000	0.312974
1811.000000	0.264602
1812.000000	0.215212
1813.000000	0.179061
1814.000000	0.158694
1815.000000	0.152074
1816.000000	0.161749
1817.000000	0.191790
1818.000000	0.236088
1819.000000	0.285479
1820.000000	0.333341
1821.000000	0.367965
1822.000000	0.384768
1823.000000	0.379676
1824.000000	0.335887
1825.000000	0.262056
1826.000000	0.202483
1827.000000	0.178042
1828.000000	0.180588
1829.000000	0.207065
1830.000000	0.253910
1831.000000	0.295153
1832.000000	0.323667
1833.000000	0.351162
1834.000000	0.375093
1835.000000	0.391387
1836.000000	0.400552
1837.000000	0.405135
1838.000000	0.402589
1839.000000	0.378149
1840.000000	0.311956
1841.000000	0.239653
1842.000000	0.191790
1843.000000	0.169896
1844.000000	0.176006
1845.000000	0.209102
1846.000000	0.259001
1847.000000	0.311956
1848.000000	0.349126
1849.000000	0.375093
1850.000000	0.391896
1851.000000	0.398006
1852.000000	0.389350
1853.000000	0.361855
1854.000000	0.335887
1855.000000	0.309410
1856.000000	0.277332
1857.000000	0.252382
1858.000000	0.221322
1859.000000	0.187717
1860.000000	0.163785
1861.000000	0.157166
1862.000000	0.167859
1863.000000	0.195864
1864.000000	0.233543
1865.000000	0.274786
1866.000000	0.324176
1867.000000	0.365419
1868.000000	0.367965
1869.000000	0.322139
1870.000000	0.261038
1871.000000	0.207575
1872.000000	0.172951
1873.000000	0.159203
1874.000000	0.168877
1875.000000	0.199937
1876.000000	0.227942
1877.000000	0.253910
1878.000000	0.289552
1879.000000	0.330286
1880.000000	0.366437
1881.000000	0.383749
1882.000000	0.360837
1883.000000	0.284460
1884.000000	0.213685
1885.000000	0.199937
1886.000000	0.228451
1887.000000	0.274277
1888.000000	0.319593
1889.000000	0.352181
1890.000000	0.376621
1891.000000	0.393424
1892.000000	0.400043
1893.000000	0.398516
1894.000000	0.387314
1895.000000	0.354217
1896.000000	0.283442
1897.000000	0.213176
1898.000000	0.184662
1899.000000	0.206047
1900.000000	0.251873
1901.000000	0.298717
1902.000000	0.343015
1903.000000	0.374584
1904.000000	0.377639
1905.000000	0.356254
1906.000000	0.309919
1907.000000	0.248309
1908.000000	0.197900
1909.000000	0.172951
1910.000000	0.168368
1911.000000	0.198409
1912.000000	0.261038
1913.000000	0.319593
1914.000000	0.361855
1915.000000	0.381713
1916.000000	0.388841
1917.000000	0.383240
1918.000000	0.369493
1919.000000	0.347089
1920.000000	0.328758
1921.000000	0.313992
1922.000000	0.284969
1923.000000	0.238125
1924.000000	0.193318
1925.000000	0.168877
1926.000000	0.184662
1927.000000	0.237616
1928.000000	0.301772
1929.000000	0.348616
1930.000000	0.378149
1931.000000	0.393933
1932.000000	0.398516
1933.000000	0.395970
1934.000000	0.386805
1935.000000	0.369493
1936.000000	0.340979
1937.000000	0.307882
1938.000000	0.278350
1939.000000	0.255437
1940.000000	0.237616
1941.000000	0.216231
1942.000000	0.188735
1943.000000	0.163785
1944.000000	0.153093
1945.000000	0.154111
1946.000000	0.174987
1947.000000	0.222850
1948.000000	0.284460
1949.000000	0.340470
1950.000000	0.373057
1951.000000	0.361855
1952.000000	0.307882
1953.000000	0.234052
1954.000000	0.190263
1955.000000	0.182116
1956.000000	0.211648
1957.000000	0.265111
1958.000000	0.325194
1959.000000	0.367965
1960.000000	0.385786
1961.000000	0.368983
1962.000000	0.315011
1963.000000	0.247290
1964.000000	0.195354
1965.000000	0.183643
1966.000000	0.219286
1967.000000	0.283442
1968.000000	0.341997
1969.000000	0.369493
1970.000000	0.374584
1971.000000	0.366947
1972.000000	0.351162
1973.000000	0.326722
1974.000000	0.298717
1975.000000	0.268167
1976.000000	0.225396
1977.000000	0.195354
1978.000000	0.178042
1979.000000	0.165313
1980.000000	0.152074
1981.000000	0.143928
1982.000000	0.140873
1983.000000	0.137817
1984.000000	0.142400
1985.000000	0.162767
1986.000000	0.195354
1987.000000	0.240162
1988.000000	0.285988
1989.000000	0.327231
1990.000000	0.365419
1991.000000	0.377639
1992.000000	0.360837
1993.000000	0.330795
1994.000000	0.301772
1995.000000	0.268676
1996.000000	0.243217
1997.000000	0.220813
1998.000000	0.200446
1999.000000	0.178552
2000.000000	0.160221
2001.000000	0.148001
2002.000000	0.153093
2003.000000	0.202992
2004.000000	0.289043
2005.000000	0.342506
2006.000000	0.333341
2007.000000	0.293625
2008.000000	0.252891
2009.000000	0.221832
2010.000000	0.195864
2011.000000	0.170914
2012.000000	0.155129
2013.000000	0.162258
2014.000000	0.191281
2015.000000	0.229469
2016.000000	0.275804
2017.000000	0.317557
2018.000000	0.350653
2019.000000	0.376112
2020.000000	0.390369
2021.000000	0.384259
2022.000000	0.366947
2023.000000	0.341488
2024.000000	0.285988
2025.000000	0.216231
2026.000000	0.196373
2027.000000	0.211139
2028.000000	0.219795
2029.000000	0.240671
2030.000000	0.265621
2031.000000	0.305336
2032.000000	0.350653
2033.000000	0.379167
2034.000000	0.383749
2035.000000	0.365928
2036.000000	0.316538
2037.000000	0.264602
2038.000000	0.212666
2039.000000	0.180588
2040.000000	0.182116
2041.000000	0.195354
2042.000000	0.214703
2043.000000	0.237616
2044.000000	0.266639
2045.000000	0.300754
2046.000000	0.335887
2047.000000	0.365928
2048.000000	0.387314
2049.000000	0.396479
2050.000000	0.388332
2051.000000	0.366437
2052.000000	0.338942
2053.000000	0.303300
2054.000000	0.267148
2055.000000	0.233033
2056.000000	0.201974
2057.000000	0.174987
2058.000000	0.156148
2059.000000	0.164295
2060.000000	0.212157
2061.000000	0.291079
2062.000000	0.348616
2063.000000	0.373057
2064.000000	0.369493
2065.000000	0.347089
2066.000000	0.320102
2067.000000	0.280896
2068.000000	0.227942
2069.000000	0.187208
2070.000000	0.162258
2071.000000	0.157166
2072.000000	0.167859
2073.000000	0.193827
2074.000000	0.241180
2075.000000	0.315520
2076.000000	0.288024
2077.000000	0.220304
2078.000000	0.179061
2079.000000	0.163276
2080.000000	0.167859
2081.000000	0.183643
2082.000000	0.200446
2083.000000	0.206047
2084.000000	0.210630
2085.000000	0.220304
2086.000000	0.236088
2087.000000	0.275295
2088.000000	0.317557
2089.000000	0.349635
2090.000000	0.379167
2091.000000	0.384259
2092.000000	0.366947
2093.000000	0.329268
2094.000000	0.276823
2095.000000	0.217249
2096.000000	0.178042
2097.000000	0.161240
2098.000000	0.159712
2099.000000	0.181097
2100.000000	0.254419
2101.000000	0.324685
2102.000000	0.326722
2103.000000	0.265621
2104.000000	0.204010
2105.000000	0.179061
2106.000000	0.177533
2107.000000	0.210120
2108.000000	0.255437
2109.000000	0.310937
2110.000000	0.357272
2111.000000	0.383749
2112.000000	0.395970
2113.000000	0.402080
2114.000000	0.393424
2115.000000	0.356254
2116.000000	0.290061
2117.000000	0.229978
2118.000000	0.187717
2119.000000	0.170914
2120.000000	0.235070
2121.000000	0.305336
2122.000000	0.352181
2123.000000	0.380185
2124.000000	0.386805
2125.000000	0.360837
2126.000000	0.314502
2127.000000	0.266130
2128.000000	0.222341
2129.000000	0.189244
2130.000000	0.185680
2131.000000	0.183643
2132.000000	0.164804
2133.000000	0.162767
2134.000000	0.201464
2135.000000	0.271731
2136.000000	0.331814
2137.000000	0.366437
2138.000000	0.386295
2139.000000	0.398516
2140.000000	0.403607
2141.000000	0.402080
2142.000000	0.398006
2143.000000	0.387823
2144.000000	0.373057
2145.000000	0.360837
2146.000000	0.343525
2147.000000	0.314502
2148.000000	0.286497
2149.000000	0.271222
2150.000000	0.259001
2151.000000	0.240671
2152.000000	0.211648
2153.000000	0.174987
2154.000000	0.162258
2155.000000	0.171423
2156.000000	0.201974
2157.000000	0.244744
2158.000000	0.293625
2159.000000	0.336396
2160.000000	0.365928
2161.000000	0.385277
2162.000000	0.398006
2163.000000	0.387823
2164.000000	0.361346
2165.000000	0.329777
2166.000000	0.289043
2167.000000	0.239143
2168.000000	0.191281
2169.000000	0.171423
2170.000000	0.171932
2171.000000	0.178552
2172.000000	0.184662
2173.000000	0.184662
2174.000000	0.193318
2175.000000	0.213685
2176.000000	0.263075
2177.000000	0.327231
2178.000000	0.366437
2179.000000	0.385277
2180.000000	0.373057
2181.000000	0.329777
2182.000000	0.279878
2183.000000	0.234561
2184.000000	0.197391
2185.000000	0.168877
2186.000000	0.156148
2187.000000	0.168368
2188.000000	0.210120
2189.000000	0.268676
2190.000000	0.325194
2191.000000	0.367456
2192.000000	0.388332
2193.000000	0.378149
2194.000000	0.355236
2195.000000	0.318066
2196.000000	0.261038
2197.000000	0.208593
2198.000000	0.174478
2199.000000	0.157166
2200.000000	0.163276
2201.000000	0.196882
2202.000000	0.244235
2203.000000	0.289043
2204.000000	0.327231
2205.000000	0.362364
2206.000000	0.382731
2207.000000	0.367965
2208.000000	0.321630
2209.000000	0.261547
2210.000000	0.209611
2211.000000	0.174478
2212.000000	0.164804
2213.000000	0.174987
2214.000000	0.216231
2215.000000	0.281405
2216.000000	0.342506
2217.000000	0.361346
2218.000000	0.330795
2219.000000	0.283951
2220.000000	0.240671
2221.000000	0.202992
2222.000000	0.182116
2223.000000	0.162258
2224.000000	0.150038
2225.000000	0.154111
2226.000000	0.182116
2227.000000	0.236088
2228.000000	0.306355
2229.000000	0.356763
2230.000000	0.381713
2231.000000	0.385277
2232.000000	0.364401
2233.000000	0.324176
2234.000000	0.273767
2235.000000	0.223359
2236.000000	0.183643
2237.000000	0.162767
2238.000000	0.164295
2239.000000	0.189753
2240.000000	0.223359
2241.000000	0.254419
2242.000000	0.286497
2243.000000	0.314502
2244.000000	0.346070
2245.000000	0.374584
2246.000000	0.380185
2247.000000	0.337924
2248.000000	0.263075
2249.000000	0.201974
2250.000000	0.173460
2251.000000	0.166840
2252.000000	0.171423
2253.000000	0.191790
2254.000000	0.219286
2255.000000	0.242708
2256.000000	0.264093
2257.000000	0.302790
2258.000000	0.346070
2259.000000	0.376112
2260.000000	0.387314
2261.000000	0.369493
2262.000000	0.324685
2263.000000	0.262566
2264.000000	0.206047
2265.000000	0.171932
2266.000000	0.156148
2267.000000	0.154111
2268.000000	0.166840
2269.000000	0.195864
2270.000000	0.236088
2271.000000	0.278350
2272.000000	0.320102
2273.000000	0.358291
2274.000000	0.385786
2275.000000	0.400552
2276.000000	0.401061
2277.000000	0.390878
2278.000000	0.373566
2279.000000	0.343525
2280.000000	0.310428
2281.000000	0.274277
2282.000000	0.234052
2283.000000	0.191790
2284.000000	0.168368
2285.000000	0.179061
2286.000000	0.220304
2287.000000	0.279368
2288.000000	0.335887
2289.000000	0.374075
2290.000000	0.388841
2291.000000	0.378658
2292.000000	0.346580
2293.000000	0.298717
2294.000000	0.246272
2295.000000	0.199937
2296.000000	0.168368
2297.000000	0.157166
2298.000000	0.162258
2299.000000	0.185171
2300.000000	0.220813
2301.000000	0.266639
2302.000000	0.315011
2303.000000	0.356763
2304.000000	0.382222
2305.000000	0.375093
2306.000000	0.336905
2307.000000	0.292098
2308.000000	0.245254
2309.000000	0.203501
2310.000000	0.171423
2311.000000	0.168877
2312.000000	0.202483
2313.000000	0.248818
2314.000000	0.292607
2315.000000	0.335378
2316.000000	0.368983
2317.000000	0.385277
2318.000000	0.385277
2319.000000	0.378149
2320.000000	0.367965
2321.000000	0.351671
2322.000000	0.296171
2323.000000	0.220304
2324.000000	0.204010
2325.000000	0.261038
2326.000000	0.330286
2327.000000	0.353708
2328.000000	0.333850
2329.000000	0.292607
2330.000000	0.246272
2331.000000	0.200446
2332.000000	0.168368
2333.000000	0.150547
2334.000000	0.149529
2335.000000	0.162258
2336.000000	0.186189
2337.000000	0.214194
2338.000000	0.263075
2339.000000	0.322139
2340.000000	0.362873
2341.000000	0.375093
2342.000000	0.353199
2343.000000	0.316538
2344.000000	0.281405
2345.000000	0.250855
2346.000000	0.218267
2347.000000	0.183643
2348.000000	0.159203
2349.000000	0.151056
2350.000000	0.153093
2351.000000	0.165822
2352.000000	0.167350
2353.000000	0.159712
2354.000000	0.156148
2355.000000	0.159203
2356.000000	0.178552
2357.000000	0.228960
2358.000000	0.299226
2359.000000	0.352690
2360.000000	0.374075
2361.000000	0.350653
2362.000000	0.278859
2363.000000	0.223868
2364.000000	0.182625
2365.000000	0.160730
2366.000000	0.152074
2367.000000	0.160221
2368.000000	0.184152
2369.000000	0.245763
2370.000000	0.304318
2371.000000	0.339451
2372.000000	0.358291
2373.000000	0.374584
2374.000000	0.391387
2375.000000	0.391387
2376.000000	0.365928
2377.000000	0.326722
2378.000000	0.282423
2379.000000	0.250855
2380.000000	0.224377
2381.000000	0.208593
2382.000000	0.190772
2383.000000	0.173460
2384.000000	0.156148
2385.000000	0.148001
2386.000000	0.158694
2387.000000	0.184662
2388.000000	0.224887
2389.000000	0.290061
2390.000000	0.348107
2391.000000	0.358800
2392.000000	0.340470
2393.000000	0.281914
2394.000000	0.222341
2395.000000	0.181607
2396.000000	0.170914
2397.000000	0.206047
2398.000000	0.272240
2399.000000	0.326722
2400.000000	0.363892
2401.000000	0.388332
2402.000000	0.386295
2403.000000	0.348616
2404.000000	0.294644
2405.000000	0.227432
2406.000000	0.194336
2407.000000	0.194336
2408.000000	0.190772
2409.000000	0.195864
2410.000000	0.239653
2411.000000	0.315520
2412.000000	0.361855
2413.000000	0.382731
2414.000000	0.382731
2415.000000	0.355745
2416.000000	0.311956
2417.000000	0.270712
2418.000000	0.234052
2419.000000	0.194845
2420.000000	0.166840
2421.000000	0.155129
2422.000000	0.156148
2423.000000	0.172441
2424.000000	0.204520
2425.000000	0.266130
2426.000000	0.322648
2427.000000	0.365419
2428.000000	0.382731
2429.000000	0.373566
2430.000000	0.334359
2431.000000	0.281405
2432.000000	0.229469
2433.000000	0.189244
2434.000000	0.164295
2435.000000	0.158185
2436.000000	0.172951
2437.000000	0.203501
2438.000000	0.252891
2439.000000	0.306864
2440.000000	0.350144
2441.000000	0.377130
2442.000000	0.387314
2443.000000	0.361346
2444.000000	0.306355
2445.000000	0.244744
2446.000000	0.195354
2447.000000	0.168368
2448.000000	0.154111
2449.000000	0.149019
2450.000000	0.159712
2451.000000	0.206556
2452.000000	0.266130
2453.000000	0.321121
2454.000000	0.360837
2455.000000	0.380185
2456.000000	0.388841
2457.000000	0.382222
2458.000000	0.359818
2459.000000	0.316538
2460.000000	0.250345
2461.000000	0.196882
2462.000000	0.170914
2463.000000	0.175496
2464.000000	0.255946
2465.000000	0.312465
2466.000000	0.348616
2467.000000	0.372548
2468.000000	0.384768
2469.000000	0.392915
2470.000000	0.392915
2471.000000	0.382222
2472.000000	0.352690
2473.000000	0.305846
2474.000000	0.238634
2475.000000	0.194845
2476.000000	0.201974
2477.000000	0.219286
2478.000000	0.229978
2479.000000	0.274786
2480.000000	0.325194
2481.000000	0.358800
2482.000000	0.375603
2483.000000	0.365928
2484.000000	0.339451
2485.000000	0.317557
2486.000000	0.292098
2487.000000	0.267657
2488.000000	0.237616
2489.000000	0.201974
2490.000000	0.173460
2491.000000	0.163276
2492.000000	0.177024
2493.000000	0.209102
2494.000000	0.249836
2495.000000	0.291589
2496.000000	0.328758
2497.000000	0.356254
2498.000000	0.373566
2499.000000	0.386295
2500.000000	0.386805
2501.000000	0.377130
2502.000000	0.365419
2503.000000	0.349635
2504.000000	0.327231
2505.000000	0.296680
2506.000000	0.253910
2507.000000	0.205029
2508.000000	0.177024
2509.000000	0.165822
2510.000000	0.179061
2511.000000	0.218267
2512.000000	0.270203
2513.000000	0.318066
2514.000000	0.353708
2515.000000	0.368983
2516.000000	0.361346
2517.000000	0.324685
2518.000000	0.277332
2519.000000	0.228451
2520.000000	0.191790
2521.000000	0.174478
2522.000000	0.180079
2523.000000	0.194336
2524.000000	0.223359
2525.000000	0.259511
2526.000000	0.299226
2527.000000	0.338433
2528.000000	0.366437
2529.000000	0.375603
2530.000000	0.361346
2531.000000	0.320612
2532.000000	0.263584
2533.000000	0.213176
2534.000000	0.185171
2535.000000	0.184662
2536.000000	0.201974
2537.000000	0.243726
2538.000000	0.309410
2539.000000	0.339960
2540.000000	0.323158
2541.000000	0.273767
2542.000000	0.226923
2543.000000	0.193827
2544.000000	0.174478
2545.000000	0.176515
2546.000000	0.183643
2547.000000	0.196373
2548.000000	0.236598
2549.000000	0.293625
2550.000000	0.342506
2551.000000	0.366437
2552.000000	0.373566
2553.000000	0.364401
2554.000000	0.339451
2555.000000	0.308391
2556.000000	0.263075
2557.000000	0.216740
2558.000000	0.186189
2559.000000	0.171423
2560.000000	0.172441
2561.000000	0.172441
2562.000000	0.174987
2563.000000	0.183643
2564.000000	0.206047
2565.000000	0.242199
2566.000000	0.286497
2567.000000	0.327231
2568.000000	0.356763
2569.000000	0.373057
2570.000000	0.381713
2571.000000	0.379167
2572.000000	0.372548
2573.000000	0.357782
2574.000000	0.328249
2575.000000	0.292607
2576.000000	0.248818
2577.000000	0.209611
2578.000000	0.184152
2579.000000	0.172951
2580.000000	0.172951
2581.000000	0.184152
2582.000000	0.214194
2583.000000	0.262056
2584.000000	0.310428
2585.000000	0.346580
2586.000000	0.368474
2587.000000	0.381713
2588.000000	0.395461
2589.000000	0.398516
2590.000000	0.362364
2591.000000	0.298717
2592.000000	0.254419
2593.000000	0.217758
2594.000000	0.180588
2595.000000	0.159712
2596.000000	0.148510
2597.000000	0.142909
2598.000000	0.138327
2599.000000	0.138327
2600.000000	0.149019
2601.000000	0.175496
2602.000000	0.208084
2603.000000	0.237616
2604.000000	0.271731
2605.000000	0.306864
2606.000000	0.341488
2607.000000	0.371020
2608.000000	0.392915
2609.000000	0.401061
2610.000000	0.402080
2611.000000	0.402080
2612.000000	0.401061
2613.000000	0.394442
2614.000000	0.380185
2615.000000	0.356254
2616.000000	0.310428
2617.000000	0.244744
2618.000000	0.192299
2619.000000	0.177533
2620.000000	0.193827
2621.000000	0.233543
2622.000000	0.278859
2623.000000	0.323158
2624.000000	0.361346
2625.000000	0.388841
2626.000000	0.397497
2627.000000	0.388332
2628.000000	0.359309
2629.000000	0.311956
2630.000000	0.258492
2631.000000	0.210120
2632.000000	0.176006
2633.000000	0.160221
2634.000000	0.175496
2635.000000	0.227942
2636.000000	0.290570
2637.000000	0.341997
2638.000000	0.374584
2639.000000	0.393933
2640.000000	0.404626
2641.000000	0.407681
2642.000000	0.395461
2643.000000	0.368983
2644.000000	0.336905
2645.000000	0.298208
2646.000000	0.254928
2647.000000	0.212157
2648.000000	0.177533
2649.000000	0.157166
2650.000000	0.162258
2651.000000	0.200446
2652.000000	0.250345
2653.000000	0.304827
2654.000000	0.355745
2655.000000	0.384768
2656.000000	0.393424
2657.000000	0.380694
2658.000000	0.336396
2659.000000	0.281914
2660.000000	0.235579
2661.000000	0.192808
2662.000000	0.165313
2663.000000	0.151565
2664.000000	0.144946
2665.000000	0.142400
2666.000000	0.162258
2667.000000	0.211139
2668.000000	0.275804
2669.000000	0.328758
2670.000000	0.363892
2671.000000	0.388841
2672.000000	0.398516
2673.000000	0.391387
2674.000000	0.358291
2675.000000	0.294644
2676.000000	0.240162
2677.000000	0.198919
2678.000000	0.173460
2679.000000	0.157675
2680.000000	0.162258
2681.000000	0.179061
2682.000000	0.202992
2683.000000	0.243726
2684.000000	0.270203
2685.000000	0.292098
2686.000000	0.335887
2687.000000	0.370511
2688.000000	0.387823
2689.000000	0.382731
2690.000000	0.341488
2691.000000	0.275804
2692.000000	0.220813
2693.000000	0.185680
2694.000000	0.164295
2695.000000	0.150547
2696.000000	0.143418
2697.000000	0.140363
2698.000000	0.135272
2699.000000	0.135781
2700.000000	0.136290
2701.000000	0.135272
2702.000000	0.135272
2703.000000	0.158694
2704.000000	0.226923
2705.000000	0.293625
2706.000000	0.346580
2707.000000	0.381204
2708.000000	0.395970
2709.000000	0.385277
2710.000000	0.358291
2711.000000	0.345052
2712.000000	0.324176
2713.000000	0.301263