142.000000	0.183134
143.000000	0.214194
144.000000	0.232524
145.000000	0.235070
146.000000	0.219795
147.000000	0.187717
148.000000	0.148001
149.000000	0.114395
150.000000	0.097593
151.000000	0.100138
152.000000	0.122542
153.000000	0.157166
154.000000	0.199428
155.000000	0.233543
156.000000	0.240671
157.000000	0.213176
158.000000	0.167350
159.000000	0.126106
160.000000	0.101666
161.000000	0.107267
162.000000	0.144946
163.000000	0.192808
164.000000	0.229469
165.000000	0.245763
166.000000	0.226414
167.000000	0.173460
168.000000	0.128652
169.000000	0.132217
170.000000	0.162258
171.000000	0.201464
172.000000	0.231506
173.000000	0.245254
174.000000	0.254419
175.000000	0.262566
176.000000	0.258492
177.000000	0.211648
178.000000	0.148510
179.000000	0.145455
180.000000	0.191281
181.000000	0.229469
182.000000	0.201974
183.000000	0.144946
184.000000	0.125597
185.000000	0.162767
186.000000	0.217249
187.000000	0.226923
188.000000	0.179061
189.000000	0.129671
190.000000	0.118469
191.000000	0.153602
192.000000	0.212666
193.000000	0.226414
194.000000	0.199428
195.000000	0.154111
196.000000	0.122033
197.000000	0.145455
198.000000	0.202483
199.000000	0.228451
200.000000	0.195864
201.000000	0.143928
202.000000	0.119487
203.000000	0.139854
204.000000	0.190263
205.000000	0.230487
206.000000	0.244235
207.000000	0.222850
208.000000	0.176006
209.000000	0.132726
210.000000	0.112359
211.000000	0.137817
212.000000	0.192808
213.000000	0.232015
214.000000	0.228451
215.000000	0.184662
216.000000	0.134762
217.000000	0.146983
218.000000	0.203501
219.000000	0.217758
220.000000	0.183643
221.000000	0.134762
222.000000	0.114395
223.000000	0.144946
224.000000	0.194336
225.000000	0.231506
226.000000	0.235579
227.000000	0.187208
228.000000	0.134762
229.000000	0.126616
230.000000	0.154620
231.000000	0.199937
232.000000	0.232524
233.000000	0.229469
234.000000	0.180079
235.000000	0.132217
236.000000	0.140363
237.000000	0.190263
238.000000	0.223359
239.000000	0.201464
240.000000	0.149019
241.000000	0.124070
242.000000	0.156657
243.000000	0.208593
244.000000	0.218267
245.000000	0.171423
246.000000	0.129671
247.000000	0.140873
248.000000	0.187717
249.000000	0.222850
250.000000	0.206556
251.000000	0.153602
252.000000	0.124070
253.000000	0.153602
254.000000	0.204010
255.000000	0.217249
256.000000	0.173969
257.000000	0.128143
258.000000	0.125597
259.000000	0.173969
260.000000	0.215721
261.000000	0.196373
262.000000	0.142909
263.000000	0.123051
264.000000	0.159712
265.000000	0.210120
266.000000	0.218267
267.000000	0.174987
268.000000	0.130180
269.000000	0.133744
270.000000	0.178552
271.000000	0.221322
272.000000	0.213685
273.000000	0.161749
274.000000	0.128143
275.000000	0.164295
276.000000	0.211648
277.000000	0.197391
278.000000	0.156657
279.000000	0.121015
280.000000	0.115414
281.000000	0.150038
282.000000	0.204010
283.000000	0.218776
284.000000	0.174478
285.000000	0.133744
286.000000	0.151056
287.000000	0.202992
288.000000	0.225396
289.000000	0.191281
290.000000	0.141891
291.000000	0.143928
292.000000	0.199937
293.000000	0.209611
294.000000	0.162258
295.000000	0.128652
296.000000	0.142909
297.000000	0.194845
298.000000	0.226923
299.000000	0.206047
300.000000	0.157166
301.000000	0.124579
302.000000	0.134762
303.000000	0.181097
304.000000	0.222850
305.000000	0.211139
306.000000	0.157675
307.000000	0.136290
308.000000	0.179061
309.000000	0.221832
310.000000	0.209102
311.000000	0.163276
312.000000	0.126616
313.000000	0.129161
314.000000	0.170405
315.000000	0.215721
316.000000	0.228451
317.000000	0.184152
318.000000	0.140873
319.000000	0.167859
320.000000	0.215212
321.000000	0.233543
322.000000	0.203501
323.000000	0.149019
324.000000	0.130180
325.000000	0.165822
326.000000	0.216231
327.000000	0.213685
328.000000	0.165822
329.000000	0.129161
330.000000	0.143928
331.000000	0.193318
332.000000	0.229978
333.000000	0.225905
334.000000	0.176515
335.000000	0.134762
336.000000	0.153602
337.000000	0.204520
338.000000	0.224377
339.000000	0.190772
340.000000	0.141382
341.000000	0.116432
342.000000	0.128652
343.000000	0.169386
344.000000	0.213685
345.000000	0.232015
346.000000	0.203501
347.000000	0.150038
348.000000	0.140363
349.000000	0.184662
350.000000	0.222341
351.000000	0.205538
352.000000	0.154620
353.000000	0.140873
354.000000	0.187208
355.000000	0.224377
356.000000	0.213685
357.000000	0.161240
358.000000	0.130180
359.000000	0.161749
360.000000	0.210120
361.000000	0.212157
362.000000	0.161749
363.000000	0.132217
364.000000	0.160221
365.000000	0.207065
366.000000	0.227432
367.000000	0.199937
368.000000	0.146983
369.000000	0.119487
370.000000	0.134762
371.000000	0.182625
372.000000	0.220813
373.000000	0.212666
374.000000	0.164295
375.000000	0.131198
376.000000	0.154620
377.000000	0.206556
378.000000	0.215721
379.000000	0.173460
380.000000	0.134762
381.000000	0.163785
382.000000	0.210630
383.000000	0.209102
384.000000	0.160221
385.000000	0.125597
386.000000	0.142909
387.000000	0.189244
388.000000	0.213685
389.000000	0.169896
390.000000	0.129161
391.000000	0.140873
392.000000	0.192299
393.000000	0.216231
394.000000	0.182625
395.000000	0.134762
396.000000	0.140873
397.000000	0.185171
398.000000	0.221322
399.000000	0.217249
400.000000	0.173460
401.000000	0.132217
402.000000	0.142909
403.000000	0.183643
404.000000	0.220304
405.000000	0.228451
406.000000	0.191790
407.000000	0.141382
408.000000	0.140873
409.000000	0.190772
410.000000	0.205538
411.000000	0.169896
412.000000	0.129671
413.000000	0.125088
414.000000	0.166331
415.000000	0.211648
416.000000	0.221832
417.000000	0.177024
418.000000	0.130689
419.000000	0.123051
420.000000	0.161240
421.000000	0.208084
422.000000	0.221322
423.000000	0.181607
424.000000	0.134762
425.000000	0.138327
426.000000	0.182625
427.000000	0.218776
428.000000	0.207575
429.000000	0.160221
430.000000	0.125597
431.000000	0.135781
432.000000	0.179570
433.000000	0.219795
434.000000	0.229978
435.000000	0.199937
436.000000	0.148510
437.000000	0.132726
438.000000	0.169386
439.000000	0.212666
440.000000	0.223868
441.000000	0.187208
442.000000	0.138327
443.000000	0.136799
444.000000	0.181097
445.000000	0.219286
446.000000	0.211139
447.000000	0.171423
448.000000	0.130689
449.000000	0.115414
450.000000	0.137817
451.000000	0.190772
452.000000	0.219286
453.000000	0.204520
454.000000	0.161749
455.000000	0.125088
456.000000	0.106249
457.000000	0.118469
458.000000	0.162767
459.000000	0.210120
460.000000	0.226414
461.000000	0.206556
462.000000	0.160730
463.000000	0.125088
464.000000	0.128143
465.000000	0.167859
466.000000	0.212666
467.000000	0.213685
468.000000	0.173460
469.000000	0.131198
470.000000	0.108285
471.000000	0.105230
472.000000	0.112359
473.000000	0.138836
474.000000	0.183643
475.000000	0.221322
476.000000	0.226923
477.000000	0.207575
478.000000	0.165313
479.000000	0.127634
480.000000	0.110322
481.000000	0.128143
482.000000	0.173969
483.000000	0.213685
484.000000	0.230997
485.000000	0.215212
486.000000	0.169896
487.000000	0.128652
488.000000	0.116941
489.000000	0.140363
490.000000	0.183134
491.000000	0.218776
492.000000	0.234561
493.000000	0.213176
494.000000	0.177533
495.000000	0.135272
496.000000	0.118469
497.000000	0.140873
498.000000	0.186189
499.000000	0.222341
500.000000	0.220813
501.000000	0.179570
502.000000	0.134762
503.000000	0.114395
504.000000	0.125597
505.000000	0.164295
506.000000	0.210120
507.000000	0.226414
508.000000	0.198919
509.000000	0.152584
510.000000	0.121524
511.000000	0.128652
512.000000	0.168877
513.000000	0.210630
514.000000	0.233033
515.000000	0.238634
516.000000	0.230997
517.000000	0.207065
518.000000	0.176515
519.000000	0.138327
520.000000	0.114395
521.000000	0.130180
522.000000	0.172441
523.000000	0.213685
524.000000	0.235579
525.000000	0.224887
526.000000	0.193318
527.000000	0.152074
528.000000	0.122033
529.000000	0.141891
530.000000	0.188735
531.000000	0.223868
532.000000	0.225396
533.000000	0.179570
534.000000	0.133235
535.000000	0.116432
536.000000	0.132726
537.000000	0.179061
538.000000	0.219286
539.000000	0.225905
540.000000	0.197900
541.000000	0.153093
542.000000	0.119996
543.000000	0.119487
544.000000	0.152584
545.000000	0.200446
546.000000	0.229978
547.000000	0.238634
548.000000	0.222850
549.000000	0.191790
550.000000	0.155639
551.000000	0.122033
552.000000	0.106249
553.000000	0.110831
554.000000	0.145964
555.000000	0.196882
556.000000	0.224377
557.000000	0.213685
558.000000	0.176515
559.000000	0.139854
560.000000	0.115923
561.000000	0.117450
562.000000	0.157675
563.000000	0.201974
564.000000	0.232015
565.000000	0.241180
566.000000	0.225396
567.000000	0.184662
568.000000	0.139854
569.000000	0.121015
570.000000	0.138327
571.000000	0.175496
572.000000	0.213685
573.000000	0.236598
574.000000	0.233543
575.000000	0.208084
576.000000	0.177024
577.000000	0.138836
578.000000	0.115923
579.000000	0.123561
580.000000	0.160730
581.000000	0.202483
582.000000	0.230997
583.000000	0.244235
584.000000	0.237107
585.000000	0.205029
586.000000	0.160730
587.000000	0.125597
588.000000	0.128143
589.000000	0.164295
590.000000	0.208084
591.000000	0.234561
592.000000	0.234561
593.000000	0.197900
594.000000	0.149019
595.000000	0.120505
596.000000	0.126106
597.000000	0.158694
598.000000	0.201464
599.000000	0.231506
600.000000	0.229469
601.000000	0.206556
602.000000	0.163276
603.000000	0.125597
604.000000	0.118469
605.000000	0.139854
606.000000	0.177533
607.000000	0.217249
608.000000	0.224377
609.000000	0.187717
610.000000	0.141382
611.000000	0.116432
612.000000	0.115414
613.000000	0.138836
614.000000	0.185171
615.000000	0.225396
616.000000	0.243726
617.000000	0.252891
618.000000	0.257983
