41.000000	0.088427
42.000000	0.109813
43.000000	0.161240
44.000000	0.212666
45.000000	0.236598
46.000000	0.218776
47.000000	0.167350
48.000000	0.120505
49.000000	0.115923
50.000000	0.146473
51.000000	0.190263
52.000000	0.225905
53.000000	0.217758
54.000000	0.177533
55.000000	0.127634
56.000000	0.105739
57.000000	0.128652
58.000000	0.187208
59.000000	0.212157
60.000000	0.172951
61.000000	0.124579
62.000000	0.119996
63.000000	0.154620
64.000000	0.205538
65.000000	0.224377
66.000000	0.196373
67.000000	0.142400
68.000000	0.107267
69.000000	0.091992
70.000000	0.097083
71.000000	0.139345
72.000000	0.197391
73.000000	0.224377
74.000000	0.200446
75.000000	0.151056
76.000000	0.113886
77.000000	0.121524
78.000000	0.164804
79.000000	0.210630
80.000000	0.237107
81.000000	0.232015
82.000000	0.198919
83.000000	0.151056
84.000000	0.113377
85.000000	0.101666
86.000000	0.134253
87.000000	0.188735
88.000000	0.224377
89.000000	0.177024
90.000000	0.148510
91.000000	0.191281
92.000000	0.224887
93.000000	0.205029
94.000000	0.168368
95.000000	0.123051
96.000000	0.119487
97.000000	0.163785
98.000000	0.215212
99.000000	0.219286
100.000000	0.169896
101.000000	0.126106
102.000000	0.128143
103.000000	0.176006
104.000000	0.222850
105.000000	0.230997
106.000000	0.197391
107.000000	0.143418
108.000000	0.131707
109.000000	0.176515
110.000000	0.219286
111.000000	0.195354
112.000000	0.147492
113.000000	0.114905
114.000000	0.119487
115.000000	0.116941
116.000000	0.134253
117.000000	0.169896
118.000000	0.216740
119.000000	0.232524
120.000000	0.195354
121.000000	0.142909
122.000000	0.115414
123.000000	0.128143
124.000000	0.166331
125.000000	0.211648
126.000000	0.201464
127.000000	0.180588
128.000000	0.131707
129.000000	0.110831
130.000000	0.121015
131.000000	0.177024
132.000000	0.212666
133.000000	0.173969
134.000000	0.127634
135.000000	0.132217
136.000000	0.179061
137.000000	0.217249
138.000000	0.195354
139.000000	0.140873
140.000000	0.126616
141.000000	0.163785
142.000000	0.212157
143.000000	0.214194
144.000000	0.159203
145.000000	0.123051
146.000000	0.139854
147.000000	0.191281
148.000000	0.203501
149.000000	0.158694
150.000000	0.122033
151.000000	0.151565
152.000000	0.202992
153.000000	0.196882
154.000000	0.153093
155.000000	0.118978
156.000000	0.148510
157.000000	0.200955
158.000000	0.217758
159.000000	0.178552
160.000000	0.131198
161.000000	0.137817
162.000000	0.172951
163.000000	0.207575
164.000000	0.223868
165.000000	0.186698
166.000000	0.136290
167.000000	0.119996
168.000000	0.142909
169.000000	0.178552
170.000000	0.217758
171.000000	0.227432
172.000000	0.176006
173.000000	0.143928
174.000000	0.181097
175.000000	0.219795
176.000000	0.204520
177.000000	0.146983
178.000000	0.113886
179.000000	0.119996
180.000000	0.156148
181.000000	0.202483
182.000000	0.227432
183.000000	0.193827
184.000000	0.141382
185.000000	0.153093
186.000000	0.202483
187.000000	0.218776
188.000000	0.171423
189.000000	0.130689
190.000000	0.160221
191.000000	0.206556
192.000000	0.232015
193.000000	0.201974
194.000000	0.143928
195.000000	0.133744
196.000000	0.186698
197.000000	0.218267
198.000000	0.196882
199.000000	0.150547
200.000000	0.116432
201.000000	0.130180
202.000000	0.187717
203.000000	0.205538
204.000000	0.156148
205.000000	0.127634
206.000000	0.156148
207.000000	0.205029
208.000000	0.222341
209.000000	0.185680
210.000000	0.137308
211.000000	0.119487
212.000000	0.162767
213.000000	0.213685
214.000000	0.210630
215.000000	0.171423
216.000000	0.128143
217.000000	0.134762
218.000000	0.185680
219.000000	0.224377
220.000000	0.215721
221.000000	0.167350
222.000000	0.126106
223.000000	0.139854
224.000000	0.186189
225.000000	0.221322
226.000000	0.201974
227.000000	0.153602
228.000000	0.119487
229.000000	0.129671
230.000000	0.188226
231.000000	0.224377
232.000000	0.215212
233.000000	0.160221
234.000000	0.131198
235.000000	0.148510
236.000000	0.191790
237.000000	0.226414
238.000000	0.209611
239.000000	0.153093
240.000000	0.123561
241.000000	0.149529
242.000000	0.203501
243.000000	0.206047
244.000000	0.156657
245.000000	0.119487
246.000000	0.136290
247.000000	0.197391
248.000000	0.205029
249.000000	0.157166
250.000000	0.122542
251.000000	0.132726
252.000000	0.179570
253.000000	0.217758
254.000000	0.199937
255.000000	0.147492
256.000000	0.118978
257.000000	0.152584
258.000000	0.204520
259.000000	0.213176
260.000000	0.205029
261.000000	0.153093
262.000000	0.125088
263.000000	0.134253
264.000000	0.164804
265.000000	0.211139
266.000000	0.212157
267.000000	0.163276
268.000000	0.132726
269.000000	0.162258
270.000000	0.208084
271.000000	0.219795
272.000000	0.185171
273.000000	0.138327
274.000000	0.113886
275.000000	0.131198
276.000000	0.187208
277.000000	0.214703
278.000000	0.192808
279.000000	0.141891
280.000000	0.134253
281.000000	0.181097
282.000000	0.222341
283.000000	0.229469
284.000000	0.193827
285.000000	0.144946
286.000000	0.113886
287.000000	0.128652
288.000000	0.187208
289.000000	0.205538
290.000000	0.172441
291.000000	0.130180
292.000000	0.166840
293.000000	0.214194
294.000000	0.229978
295.000000	0.212157
296.000000	0.166840
297.000000	0.125597
298.000000	0.121524
299.000000	0.159203
300.000000	0.207575
301.000000	0.195354
302.000000	0.142909
303.000000	0.137817
304.000000	0.178042
305.000000	0.218776
306.000000	0.214194
307.000000	0.170405
308.000000	0.128143
309.000000	0.112868
310.000000	0.128143
311.000000	0.163276
312.000000	0.208084
313.000000	0.216231
314.000000	0.179061
315.000000	0.132217
316.000000	0.111340
317.000000	0.130180
318.000000	0.186189
319.000000	0.223359
320.000000	0.235579
321.000000	0.225905
322.000000	0.195354
323.000000	0.148001
324.000000	0.125597
325.000000	0.151056
326.000000	0.190263
327.000000	0.220304
328.000000	0.218267
329.000000	0.176006
330.000000	0.131707
331.000000	0.131198
332.000000	0.172441
333.000000	0.212666
334.000000	0.216740
335.000000	0.177533
336.000000	0.131707
337.000000	0.132726
338.000000	0.183643
339.000000	0.214194
340.000000	0.192808
341.000000	0.149019
342.000000	0.123051
343.000000	0.153093
344.000000	0.202992
345.000000	0.202992
346.000000	0.166840
347.000000	0.128143
348.000000	0.125088
349.000000	0.162258
350.000000	0.206556
351.000000	0.223868
352.000000	0.208593
353.000000	0.168368
354.000000	0.131707
355.000000	0.107267
356.000000	0.113377
357.000000	0.153093
358.000000	0.201464
359.000000	0.226923
360.000000	0.216231
361.000000	0.187208
362.000000	0.146473
363.000000	0.118978
364.000000	0.134762
365.000000	0.167350
366.000000	0.207575
367.000000	0.227942
368.000000	0.221832
369.000000	0.204010
370.000000	0.171423
371.000000	0.132217
372.000000	0.108285
373.000000	0.109813
374.000000	0.139345
375.000000	0.190772
376.000000	0.224887
377.000000	0.234561
378.000000	0.200446
379.000000	0.146983
380.000000	0.121524
381.000000	0.144946
382.000000	0.184662
383.000000	0.219795
384.000000	0.235579
385.000000	0.230997
386.000000	0.204010
387.000000	0.162767
388.000000	0.124579
389.000000	0.113377
390.000000	0.133235
391.000000	0.173969
392.000000	0.210120
393.000000	0.235070
394.000000	0.226414
395.000000	0.177024
396.000000	0.131707
397.000000	0.116941
398.000000	0.124070
399.000000	0.149019
400.000000	0.192808
401.000000	0.217758
402.000000	0.190772
403.000000	0.144946
404.000000	0.119996
405.000000	0.134253
406.000000	0.177533
407.000000	0.218267
408.000000	0.228960
409.000000	0.206556
410.000000	0.163276
411.000000	0.128652
412.000000	0.107776
413.000000	0.113886
414.000000	0.145964
415.000000	0.191790
416.000000	0.224887
417.000000	0.238634
418.000000	0.221322
419.000000	0.178042
420.000000	0.136799
421.000000	0.114395
422.000000	0.118469
423.000000	0.156148
424.000000	0.204010
425.000000	0.226923
426.000000	0.226923
427.000000	0.189753
428.000000	0.141891
429.000000	0.113886
430.000000	0.108285
431.000000	0.138327
432.000000	0.193827
433.000000	0.214194
434.000000	0.196373
435.000000	0.165313
436.000000	0.132726
437.000000	0.116432
438.000000	0.128652
439.000000	0.148001
440.000000	0.182116
441.000000	0.221832
442.000000	0.230487
443.000000	0.197391
444.000000	0.149529
445.000000	0.122033
446.000000	0.124579
447.000000	0.154111
448.000000	0.198919
449.000000	0.229978
450.000000	0.244235
451.000000	0.235579
452.000000	0.191281
453.000000	0.141891
454.000000	0.119487
455.000000	0.133235
456.000000	0.168368
457.000000	0.207065
458.000000	0.233033
459.000000	0.222341
460.000000	0.176515
461.000000	0.135272
462.000000	0.115414
463.000000	0.134253
464.000000	0.162767
465.000000	0.193827
466.000000	0.225396
467.000000	0.238125
468.000000	0.207575
469.000000	0.151565
470.000000	0.131707
471.000000	0.167859
472.000000	0.213176
473.000000	0.233543
474.000000	0.238634
475.000000	0.216740
476.000000	0.174478
477.000000	0.134253
478.000000	0.112359
479.000000	0.117960
480.000000	0.145964
481.000000	0.186189
482.000000	0.222850
483.000000	0.239143
484.000000	0.230487
485.000000	0.194845
486.000000	0.148001
487.000000	0.119487
488.000000	0.125597
489.000000	0.167859
490.000000	0.207575
491.000000	0.233033
492.000000	0.229469
493.000000	0.186189
494.000000	0.138836
495.000000	0.120505
496.000000	0.139345
497.000000	0.182116
498.000000	0.219795
499.000000	0.238125
500.000000	0.232015
501.000000	0.193827
502.000000	0.174478
503.000000	0.148001
504.000000	0.122033
505.000000	0.112359
506.000000	0.118469
507.000000	0.139854
508.000000	0.183643
509.000000	0.221832
510.000000	0.221322
511.000000	0.180079
512.000000	0.135781
513.000000	0.119487
514.000000	0.128143
515.000000	0.157166
516.000000	0.191281
517.000000	0.222850
518.000000	0.241689
519.000000	0.233543
520.000000	0.198409
521.000000	0.161240
522.000000	0.129161
523.000000	0.114905
524.000000	0.144946
525.000000	0.190263
526.000000	0.222341
527.000000	0.229469
528.000000	0.197900
529.000000	0.149529
530.000000	0.132726
531.000000	0.169386
532.000000	0.213176
533.000000	0.234052
534.000000	0.228960
535.000000	0.187717
536.000000	0.142400
537.000000	0.124579
538.000000	0.135781
539.000000	0.155639
540.000000	0.190772
541.000000	0.223868
542.000000	0.237107
543.000000	0.220304
544.000000	0.191281
545.000000	0.181097
546.000000	0.157166
547.000000	0.128652
548.000000	0.142909
549.000000	0.193827
550.000000	0.228960
551.000000	0.244744
552.000000	0.248818
553.000000	0.251364
554.000000	0.243726
555.000000	0.215212
556.000000	0.168368
557.000000	0.130180
558.000000	0.112868
559.000000	0.112868
560.000000	0.149019
561.000000	0.199937
562.000000	0.216740
563.000000	0.193318
564.000000	0.150547
565.000000	0.130689
566.000000	0.143418
567.000000	0.165822
568.000000	0.199428
569.000000	0.224377
570.000000	0.204520
571.000000	0.158185
572.000000	0.125088
573.000000	0.118469
574.000000	0.150547
575.000000	0.183643
576.000000	0.218776
577.000000	0.204520
578.000000	0.152584
579.000000	0.122542
580.000000	0.110322
581.000000	0.106758
582.000000	0.153602
583.000000	0.197391
584.000000	0.191790
585.000000	0.179570
586.000000	0.145964
587.000000	0.127634
588.000000	0.156148
589.000000	0.194845
590.000000	0.223868
591.000000	0.237107
592.000000	0.222850
593.000000	0.180079
594.000000	0.136290
595.000000	0.121015
596.000000	0.125597
597.000000	0.140873
598.000000	0.145964
599.000000	0.170405
600.000000	0.210120
601.000000	0.194336
602.000000	0.160730
603.000000	0.133235
604.000000	0.113377
605.000000	0.117960
606.000000	0.134253
607.000000	0.164804
608.000000	0.209102
609.000000	0.232015
610.000000	0.223868
611.000000	0.176515
612.000000	0.135781
613.000000	0.136290
614.000000	0.173460
615.000000	0.210630
616.000000	0.234561
617.000000	0.245254
618.000000	0.253400
619.000000	0.256965
620.000000	0.245254
621.000000	0.202992
622.000000	0.152584
623.000000	0.136799
624.000000	0.168877
625.000000	0.204520
626.000000	0.226414
627.000000	0.240162
628.000000	0.213685
629.000000	0.158185
630.000000	0.130180
631.000000	0.134762
632.000000	0.173969
633.000000	0.214194
634.000000	0.233033
635.000000	0.225396
636.000000	0.203501
637.000000	0.157675
638.000000	0.126616
639.000000	0.131198
640.000000	0.173969
641.000000	0.211648
642.000000	0.232524
643.000000	0.235070
644.000000	0.206556
645.000000	0.162767
646.000000	0.129161
647.000000	0.124579
648.000000	0.140363
649.000000	0.171423
650.000000	0.208084
651.000000	0.230487
652.000000	0.229469
653.000000	0.206556
654.000000	0.179061
655.000000	0.148510
656.000000	0.120505
657.000000	0.110831
658.000000	0.135272
659.000000	0.187208
660.000000	0.218776
661.000000	0.223359
662.000000	0.190263
663.000000	0.145455
664.000000	0.140363
665.000000	0.164804
666.000000	0.206047
667.000000	0.210630
668.000000	0.185171
669.000000	0.146983
670.000000	0.122033
671.000000	0.145455
672.000000	0.197391
673.000000	0.220813
674.000000	0.223359
675.000000	0.206556
676.000000	0.163276
677.000000	0.130180
678.000000	0.110322
679.000000	0.116941
680.000000	0.159203
681.000000	0.203501
682.000000	0.204520
683.000000	0.176006
684.000000	0.148001
685.000000	0.122542
686.000000	0.107776
687.000000	0.121015
688.000000	0.158694
689.000000	0.197391
690.000000	0.225396
691.000000	0.242708
692.000000	0.245763
693.000000	0.248818
694.000000	0.239653
695.000000	0.200446
696.000000	0.146983
697.000000	0.137308
698.000000	0.170914
699.000000	0.209611
700.000000	0.212666
701.000000	0.185680
702.000000	0.145455
703.000000	0.122033
704.000000	0.108794
705.000000	0.106758
706.000000	0.126616
707.000000	0.174987
708.000000	0.203501
709.000000	0.191790
710.000000	0.161240
711.000000	0.128652
712.000000	0.117960
713.000000	0.138836
714.000000	0.183643
715.000000	0.210120
716.000000	0.188735
717.000000	0.147492
718.000000	0.118978
719.000000	0.113886
720.000000	0.141382
721.000000	0.178552
722.000000	0.199937
723.000000	0.224887
724.000000	0.233543
725.000000	0.221832
726.000000	0.175496
727.000000	0.136799
728.000000	0.114395
729.000000	0.118469
730.000000	0.156657
731.000000	0.200955
732.000000	0.206047
733.000000	0.179570
734.000000	0.146983
735.000000	0.120505
736.000000	0.118469
737.000000	0.146473
738.000000	0.183134
739.000000	0.214703
740.000000	0.229469
741.000000	0.240671
742.000000	0.246272
743.000000	0.226414
744.000000	0.177533
745.000000	0.135781
746.000000	0.118469
747.000000	0.126616
748.000000	0.159203
749.000000	0.195354
750.000000	0.222850
751.000000	0.224887
752.000000	0.185680
753.000000	0.138836
754.000000	0.131198
755.000000	0.157675
756.000000	0.192808
757.000000	0.219795
758.000000	0.233033
759.000000	0.234052
760.000000	0.228451
761.000000	0.204520
762.000000	0.162767
763.000000	0.127634
764.000000	0.141891
765.000000	0.192299
766.000000	0.216231
767.000000	0.199937
768.000000	0.153093
769.000000	0.128143
770.000000	0.142909
771.000000	0.172441
772.000000	0.208593
773.000000	0.230997
774.000000	0.242199
775.000000	0.244744
776.000000	0.246781
777.000000	0.231506
778.000000	0.190772
779.000000	0.142909
780.000000	0.128652
781.000000	0.150547
782.000000	0.191281
783.000000	0.216740
784.000000	0.187208
785.000000	0.141382
786.000000	0.126106
787.000000	0.156148
788.000000	0.201974
789.000000	0.207575
790.000000	0.175496
791.000000	0.138327
792.000000	0.116432
793.000000	0.112359
794.000000	0.140363
795.000000	0.181607
796.000000	0.212666
797.000000	0.223359
798.000000	0.207065
799.000000	0.176515
800.000000	0.139345
801.000000	0.117450
802.000000	0.115414
803.000000	0.125597
804.000000	0.144437
805.000000	0.176515
806.000000	0.208593
807.000000	0.228451
808.000000	0.229978
809.000000	0.189244
810.000000	0.142400
811.000000	0.137817
812.000000	0.160221
813.000000	0.193827
814.000000	0.219795
815.000000	0.233033
816.000000	0.226923
817.000000	0.195354
818.000000	0.158185
819.000000	0.130180
820.000000	0.118978
821.000000	0.118469
822.000000	0.105230
823.000000	0.114905
824.000000	0.156657
825.000000	0.198919
826.000000	0.219286
827.000000	0.194845
828.000000	0.154620
829.000000	0.124579
830.000000	0.109304
831.000000	0.126616
832.000000	0.177533
833.000000	0.211648
834.000000	0.211139
835.000000	0.193827
836.000000	0.179570
837.000000	0.160221
838.000000	0.138836
839.000000	0.115414
840.000000	0.121015
841.000000	0.167859
842.000000	0.204010
843.000000	0.200955
844.000000	0.168877
845.000000	0.130180
846.000000	0.117960
847.000000	0.128143
848.000000	0.149019
849.000000	0.176515
850.000000	0.207065
851.000000	0.227432
852.000000	0.236088
853.000000	0.230997
854.000000	0.210630
855.000000	0.168877
856.000000	0.133235
857.000000	0.144946
858.000000	0.185680
859.000000	0.216231
860.000000	0.213685
861.000000	0.188735
862.000000	0.158185
863.000000	0.127634
864.000000	0.111340
865.000000	0.135272
866.000000	0.187717
867.000000	0.214194
868.000000	0.201464
869.000000	0.159203
870.000000	0.128143
871.000000	0.158185
872.000000	0.202483
873.000000	0.224887
874.000000	0.224377
875.000000	0.189753
876.000000	0.148001
877.000000	0.125088
878.000000	0.118469
879.000000	0.130689
880.000000	0.165313
881.000000	0.201464
882.000000	0.225396
883.000000	0.229978
884.000000	0.220813
885.000000	0.215212
886.000000	0.181097
887.000000	0.138836
888.000000	0.137308
889.000000	0.171932
890.000000	0.210120
891.000000	0.221322
892.000000	0.174478
893.000000	0.134253
894.000000	0.121524
895.000000	0.140363
896.000000	0.172441
897.000000	0.202992
898.000000	0.227432
899.000000	0.230997
900.000000	0.215721
901.000000	0.179570
902.000000	0.140363
903.000000	0.128143
904.000000	0.158185
905.000000	0.196882
906.000000	0.223359
907.000000	0.235579
908.000000	0.226414
909.000000	0.185680
910.000000	0.146983
911.000000	0.130180
912.000000	0.115923
913.000000	0.105739
914.000000	0.114395
915.000000	0.143928
916.000000	0.184152
917.000000	0.215212
918.000000	0.230487
919.000000	0.229469
920.000000	0.205029
921.000000	0.162258
922.000000	0.131707
923.000000	0.149019
924.000000	0.188735
925.000000	0.204010
926.000000	0.168368
927.000000	0.130180
928.000000	0.110831
929.000000	0.128143
930.000000	0.176515
931.000000	0.213685
932.000000	0.223359
933.000000	0.223868
934.000000	0.195864
935.000000	0.150038
936.000000	0.128143
937.000000	0.144946
938.000000	0.182625
939.000000	0.215721
940.000000	0.226414
941.000000	0.213176
942.000000	0.185680
943.000000	0.150038
944.000000	0.122033
945.000000	0.113377
946.000000	0.130689
947.000000	0.163276
948.000000	0.201974
949.000000	0.224377
950.000000	0.220304
951.000000	0.183643
952.000000	0.140873
953.000000	0.125597
954.000000	0.145964
955.000000	0.183643
956.000000	0.216231
957.000000	0.214703
958.000000	0.188735
959.000000	0.159712
960.000000	0.131707
961.000000	0.113377
962.000000	0.113377
963.000000	0.136799
964.000000	0.173460
965.000000	0.208084
966.000000	0.226923
967.000000	0.213176
968.000000	0.177024
969.000000	0.140363
970.000000	0.116432
971.000000	0.111340
972.000000	0.126106
973.000000	0.165313
974.000000	0.206047
975.000000	0.226414
976.000000	0.219795
977.000000	0.192808
978.000000	0.156657
979.000000	0.127634
980.000000	0.128652
981.000000	0.156148
982.000000	0.194336
983.000000	0.222850
984.000000	0.218267
985.000000	0.187717
986.000000	0.144946
987.000000	0.124070
988.000000	0.121015
989.000000	0.156657
990.000000	0.202992
991.000000	0.227942
992.000000	0.234561
993.000000	0.215721
994.000000	0.179570
995.000000	0.141382
996.000000	0.125088
997.000000	0.146473
998.000000	0.191281
999.000000	0.219795
1000.000000	0.216740
1001.000000	0.185680
1002.000000	0.148001
1003.000000	0.125088
1004.000000	0.135781
1005.000000	0.178042
1006.000000	0.215721
1007.000000	0.221322
1008.000000	0.199937
1009.000000	0.165313
1010.000000	0.133744
1011.000000	0.120505
1012.000000	0.141891
1013.000000	0.188226
1014.000000	0.217249
1015.000000	0.213685
1016.000000	0.183134
1017.000000	0.145455
1018.000000	0.118978
1019.000000	0.108285
1020.000000	0.115414
1021.000000	0.150038
1022.000000	0.194845
1023.000000	0.218776
1024.000000	0.205029
1025.000000	0.170914
1026.000000	0.136799
1027.000000	0.119487
1028.000000	0.145455
1029.000000	0.190263
1030.000000	0.220813
1031.000000	0.221832
1032.000000	0.200955
1033.000000	0.178552
1034.000000	0.148510
1035.000000	0.123561
1036.000000	0.111340
1037.000000	0.114905
1038.000000	0.136799
1039.000000	0.164804
1040.000000	0.197391
1041.000000	0.225396
1042.000000	0.224377
1043.000000	0.201464
1044.000000	0.169386
1045.000000	0.138836
1046.000000	0.119996
1047.000000	0.122033
1048.000000	0.138836
1049.000000	0.162767
1050.000000	0.193827
1051.000000	0.222341
1052.000000	0.234052
1053.000000	0.225396
1054.000000	0.195864
1055.000000	0.155639
1056.000000	0.125597
1057.000000	0.120505
1058.000000	0.146983
1059.000000	0.188735
1060.000000	0.220304
1061.000000	0.222850
1062.000000	0.193827
1063.000000	0.154620
1064.000000	0.125088
1065.000000	0.117960
1066.000000	0.130180
1067.000000	0.161749
1068.000000	0.199937
1069.000000	0.224377
1070.000000	0.224887
1071.000000	0.205538
1072.000000	0.178042
1073.000000	0.152074
1074.000000	0.127125
1075.000000	0.122033
1076.000000	0.118978
1077.000000	0.126616
1078.000000	0.152584
1079.000000	0.192808
1080.000000	0.220304
1081.000000	0.211648
1082.000000	0.179061
1083.000000	0.144437
1084.000000	0.119996
1085.000000	0.109304
1086.000000	0.100648
1087.000000	0.096574
1088.000000	0.095556
1089.000000	0.095047
1090.000000	0.103703
1091.000000	0.128143
1092.000000	0.162767
1093.000000	0.202992
1094.000000	0.221322
1095.000000	0.208084
1096.000000	0.177024
1097.000000	0.142400
1098.000000	0.129161
1099.000000	0.154620
1100.000000	0.197900
1101.000000	0.225396
1102.000000	0.239653
1103.000000	0.237616
1104.000000	0.207065
1105.000000	0.166331
1106.000000	0.134762
1107.000000	0.116941
1108.000000	0.114905
1109.000000	0.136799
1110.000000	0.176515
1111.000000	0.213176
1112.000000	0.227942
1113.000000	0.222850
1114.000000	0.195864
1115.000000	0.167350
1116.000000	0.138327
1117.000000	0.117960
1118.000000	0.107267
1119.000000	0.101157
1120.000000	0.100138
1121.000000	0.119996
1122.000000	0.169896
1123.000000	0.203501
1124.000000	0.227432
1125.000000	0.239143
1126.000000	0.228451
1127.000000	0.196882
1128.000000	0.155129
1129.000000	0.125597
1130.000000	0.125088
1131.000000	0.149529
1132.000000	0.184662
1133.000000	0.218776
1134.000000	0.233543
1135.000000	0.232015
1136.000000	0.207575
1137.000000	0.168368
1138.000000	0.134762
1139.000000	0.116941
1140.000000	0.116941
1141.000000	0.125088
1142.000000	0.145455
1143.000000	0.175496
1144.000000	0.207575
1145.000000	0.230487
1146.000000	0.235070
1147.000000	0.216740
1148.000000	0.180079
1149.000000	0.146473
1150.000000	0.121524
1151.000000	0.113886
1152.000000	0.121524
1153.000000	0.136799
1154.000000	0.158185
1155.000000	0.182116
1156.000000	0.212157
1157.000000	0.232524
1158.000000	0.241689
1159.000000	0.234052
1160.000000	0.212157
1161.000000	0.183134
1162.000000	0.152074
1163.000000	0.126106
1164.000000	0.116432
1165.000000	0.125088
1166.000000	0.147492
1167.000000	0.177024
1168.000000	0.206556
1169.000000	0.229978
1170.000000	0.227432
1171.000000	0.184152
1172.000000	0.141891
1173.000000	0.127125
1174.000000	0.138836
1175.000000	0.171423
1176.000000	0.209102
1177.000000	0.226414
1178.000000	0.216231
1179.000000	0.185171
1180.000000	0.152584
1181.000000	0.128143
1182.000000	0.112868
1183.000000	0.106249
1184.000000	0.115414
1185.000000	0.147492
1186.000000	0.187717
1187.000000	0.218776
1188.000000	0.236598
1189.000000	0.243217
1190.000000	0.234561
1191.000000	0.201464
1192.000000	0.158185
1193.000000	0.129161
1194.000000	0.126616
1195.000000	0.153602
1196.000000	0.192808
1197.000000	0.222850
1198.000000	0.222850
1199.000000	0.192808
1200.000000	0.159203
1201.000000	0.129671
1202.000000	0.121015
1203.000000	0.136799
1204.000000	0.170914
1205.000000	0.206047
1206.000000	0.228451
1207.000000	0.232524
1208.000000	0.218776
1209.000000	0.190263
1210.000000	0.156148
1211.000000	0.126106
1212.000000	0.118469
1213.000000	0.121524
1214.000000	0.132726
1215.000000	0.145455
1216.000000	0.169896
1217.000000	0.200955
1218.000000	0.226923
1219.000000	0.235070
1220.000000	0.221322
1221.000000	0.190263
1222.000000	0.153602
1223.000000	0.127634
1224.000000	0.118978
1225.000000	0.131707
1226.000000	0.158694
1227.000000	0.194845
1228.000000	0.223359
1229.000000	0.236598
1230.000000	0.224377
1231.000000	0.187208
1232.000000	0.150547
1233.000000	0.124579
1234.000000	0.112868
1235.000000	0.114395
1236.000000	0.136799
1237.000000	0.168877
1238.000000	0.201974
1239.000000	0.226923
1240.000000	0.240671
1241.000000	0.244744
1242.000000	0.224377
1243.000000	0.182116
1244.000000	0.144946
1245.000000	0.121524
1246.000000	0.119996
1247.000000	0.132726
1248.000000	0.161240
1249.000000	0.191790
1250.000000	0.220304
1251.000000	0.237107
1252.000000	0.241180
1253.000000	0.232524
1254.000000	0.204520
1255.000000	0.165822
1256.000000	0.132726
1257.000000	0.122033
1258.000000	0.132726
1259.000000	0.159712
1260.000000	0.190772
1261.000000	0.216740
1262.000000	0.235070
1263.000000	0.242199
1264.000000	0.240671
1265.000000	0.226923
1266.000000	0.198409
1267.000000	0.161240
1268.000000	0.129671
1269.000000	0.121015
1270.000000	0.137308
1271.000000	0.165822
1272.000000	0.197900
1273.000000	0.225396
1274.000000	0.230487
1275.000000	0.212157
1276.000000	0.181097
1277.000000	0.146983
1278.000000	0.123051
1279.000000	0.112868
1280.000000	0.121015
1281.000000	0.146473
1282.000000	0.180079
1283.000000	0.210630
1284.000000	0.230997
1285.000000	0.232015
1286.000000	0.221832
1287.000000	0.206556
1288.000000	0.187717
1289.000000	0.159203
1290.000000	0.130689
1291.000000	0.117450
1292.000000	0.130180
1293.000000	0.162258
1294.000000	0.195354
1295.000000	0.221832
1296.000000	0.237616
1297.000000	0.245763
1298.000000	0.236088
1299.000000	0.220813
1300.000000	0.205538
1301.000000	0.201464
1302.000000	0.193827
1303.000000	0.163276
1304.000000	0.134253
1305.000000	0.115923
1306.000000	0.112359
1307.000000	0.118978
1308.000000	0.130180
1309.000000	0.156657
1310.000000	0.188735
1311.000000	0.213685
1312.000000	0.232524
1313.000000	0.237616
1314.000000	0.214194
1315.000000	0.182625
1316.000000	0.148001
1317.000000	0.122033
1318.000000	0.113377
1319.000000	0.118978
1320.000000	0.136799
1321.000000	0.160221
1322.000000	0.193318
1323.000000	0.222850
1324.000000	0.227432
1325.000000	0.208084
1326.000000	0.178042
1327.000000	0.153602
1328.000000	0.130180
1329.000000	0.113886
1330.000000	0.108794
1331.000000	0.122033
1332.000000	0.166331
1333.000000	0.206047
1334.000000	0.207065
1335.000000	0.180588
1336.000000	0.145964
1337.000000	0.125088
1338.000000	0.128652
1339.000000	0.127634
1340.000000	0.151565
1341.000000	0.189244
1342.000000	0.216740
1343.000000	0.234052
1344.000000	0.231506
1345.000000	0.197900
1346.000000	0.160730
1347.000000	0.130689
1348.000000	0.115414
1349.000000	0.111849
1350.000000	0.128652
1351.000000	0.168368
1352.000000	0.208084
1353.000000	0.226923
1354.000000	0.231506
1355.000000	0.221322
1356.000000	0.195864
1357.000000	0.164295
1358.000000	0.138327
1359.000000	0.119487
1360.000000	0.111340
1361.000000	0.117450
1362.000000	0.139345
1363.000000	0.170914
1364.000000	0.205029
1365.000000	0.228451
1366.000000	0.233033
1367.000000	0.217758
1368.000000	0.178042
1369.000000	0.139345
1370.000000	0.124579
1371.000000	0.137308
1372.000000	0.162767
1373.000000	0.179570
1374.000000	0.210630
1375.000000	0.230487
1376.000000	0.222341
1377.000000	0.189753
1378.000000	0.151056
1379.000000	0.125597
1380.000000	0.123051
1381.000000	0.148510
1382.000000	0.185171
1383.000000	0.213685
1384.000000	0.232524
1385.000000	0.237616
1386.000000	0.228451
1387.000000	0.216740
1388.000000	0.209611
1389.000000	0.182116
1390.000000	0.150547
1391.000000	0.126106
1392.000000	0.115414
1393.000000	0.130180
1394.000000	0.153602
1395.000000	0.172951
1396.000000	0.201464
1397.000000	0.225396
1398.000000	0.232524
1399.000000	0.219286
1400.000000	0.190263
1401.000000	0.153093
1402.000000	0.127125
1403.000000	0.122542
1404.000000	0.144437
1405.000000	0.178042
1406.000000	0.208593
1407.000000	0.229469
1408.000000	0.234561
1409.000000	0.223359
1410.000000	0.195864
1411.000000	0.160730
1412.000000	0.130180
1413.000000	0.116432
1414.000000	0.120505
1415.000000	0.136799
1416.000000	0.164804
1417.000000	0.201974
1418.000000	0.225396
1419.000000	0.224377
1420.000000	0.201974
1421.000000	0.167350
1422.000000	0.134762
1423.000000	0.116941
1424.000000	0.108285
1425.000000	0.108285
1426.000000	0.119996
1427.000000	0.144437
1428.000000	0.176515
1429.000000	0.207575
1430.000000	0.229469
1431.000000	0.236088
1432.000000	0.231506
1433.000000	0.214703
1434.000000	0.187208
1435.000000	0.155639
1436.000000	0.129161
1437.000000	0.114395
1438.000000	0.124070
1439.000000	0.161240
1440.000000	0.201464
1441.000000	0.221322
1442.000000	0.219286
1443.000000	0.207575
1444.000000	0.196373
1445.000000	0.177024
1446.000000	0.154111
1447.000000	0.128143
1448.000000	0.117450
1449.000000	0.129671
1450.000000	0.163785
1451.000000	0.199428
1452.000000	0.225905
1453.000000	0.234561
1454.000000	0.225396
1455.000000	0.199428
1456.000000	0.165313
1457.000000	0.133744
1458.000000	0.120505
1459.000000	0.126616
1460.000000	0.135781
1461.000000	0.164295
1462.000000	0.199937
1463.000000	0.223868
1464.000000	0.230487
1465.000000	0.227942
1466.000000	0.214194
1467.000000	0.191790
1468.000000	0.161240
1469.000000	0.132217
1470.000000	0.115414
1471.000000	0.119487
1472.000000	0.148510
1473.000000	0.183643
1474.000000	0.213685
1475.000000	0.228451
1476.000000	0.216231
1477.000000	0.187717
1478.000000	0.154620
1479.000000	0.126616
1480.000000	0.115923
1481.000000	0.127634
1482.000000	0.152074
1483.000000	0.185171
1484.000000	0.213176
1485.000000	0.229978
1486.000000	0.228451
1487.000000	0.206556
1488.000000	0.176515
1489.000000	0.146473
1490.000000	0.122542
1491.000000	0.112868
1492.000000	0.118978
1493.000000	0.137308
1494.000000	0.165822
1495.000000	0.199937
1496.000000	0.222850
1497.000000	0.224377
1498.000000	0.200955
1499.000000	0.165822
1500.000000	0.138327
1501.000000	0.118978
1502.000000	0.108285
1503.000000	0.111849
1504.000000	0.126616
1505.000000	0.153093
1506.000000	0.189753
1507.000000	0.218267
1508.000000	0.233543
1509.000000	0.235070
1510.000000	0.219795
1511.000000	0.197391
1512.000000	0.166331
1513.000000	0.136290
1514.000000	0.118978
1515.000000	0.122542
1516.000000	0.142909
1517.000000	0.173969
1518.000000	0.206556
1519.000000	0.224377
1520.000000	0.218776
1521.000000	0.195354
1522.000000	0.160221
1523.000000	0.130689
1524.000000	0.116432
1525.000000	0.118978
1526.000000	0.126616
1527.000000	0.147492
1528.000000	0.183134
1529.000000	0.214194
1530.000000	0.229469
1531.000000	0.229978
1532.000000	0.225905
1533.000000	0.215721
1534.000000	0.198409
1535.000000	0.172951
1536.000000	0.142400
1537.000000	0.121524
1538.000000	0.113886
1539.000000	0.124579
1540.000000	0.149529
1541.000000	0.181607
1542.000000	0.213176
1543.000000	0.224887
1544.000000	0.217249
1545.000000	0.192808
1546.000000	0.160221
1547.000000	0.130180
1548.000000	0.119996
1549.000000	0.132726
1550.000000	0.159203
1551.000000	0.188226
1552.000000	0.213176
1553.000000	0.230487
1554.000000	0.232015
1555.000000	0.212666
1556.000000	0.185171
1557.000000	0.157675
1558.000000	0.131707
1559.000000	0.115414
1560.000000	0.116941
1561.000000	0.132726
1562.000000	0.152074
1563.000000	0.178552
1564.000000	0.206047
1565.000000	0.224887
1566.000000	0.232524
1567.000000	0.222850
1568.000000	0.195354
1569.000000	0.161240
1570.000000	0.132217
1571.000000	0.116432
1572.000000	0.113886
1573.000000	0.131198
1574.000000	0.162767
1575.000000	0.196373
1576.000000	0.220304
1577.000000	0.227432
1578.000000	0.223359
1579.000000	0.195864
1580.000000	0.158185
1581.000000	0.131198
1582.000000	0.115923
1583.000000	0.122033
1584.000000	0.148510
1585.000000	0.184662
1586.000000	0.214194
1587.000000	0.226923
1588.000000	0.225396
1589.000000	0.208593
1590.000000	0.181607
1591.000000	0.150547
1592.000000	0.125597
1593.000000	0.115414
1594.000000	0.121524
1595.000000	0.144437
1596.000000	0.167350
1597.000000	0.191790
1598.000000	0.216231
1599.000000	0.230997
1600.000000	0.237616
1601.000000	0.232524
1602.000000	0.218776
1603.000000	0.189244
1604.000000	0.153093
1605.000000	0.125597
1606.000000	0.115414
1607.000000	0.128652
1608.000000	0.125597
1609.000000	0.126616
1610.000000	0.142909
1611.000000	0.173460
1612.000000	0.207065
1613.000000	0.218267
1614.000000	0.205538
1615.000000	0.175496
1616.000000	0.150038
1617.000000	0.144437
1618.000000	0.130689
1619.000000	0.121015
1620.000000	0.165313
1621.000000	0.204520
1622.000000	0.217249
1623.000000	0.213176
1624.000000	0.196373
1625.000000	0.159712
1626.000000	0.129161
1627.000000	0.124579
1628.000000	0.140363
1629.000000	0.159203
1630.000000	0.166331
1631.000000	0.169386
1632.000000	0.185680
1633.000000	0.213176
1634.000000	0.224377
1635.000000	0.199428
1636.000000	0.156148
1637.000000	0.130180
1638.000000	0.126616
1639.000000	0.134762
1640.000000	0.160730
1641.000000	0.193827
1642.000000	0.219795
1643.000000	0.226923
1644.000000	0.220813
1645.000000	0.204010
1646.000000	0.179570
1647.000000	0.155129
1648.000000	0.135781
1649.000000	0.117960
1650.000000	0.130180
1651.000000	0.169896
1652.000000	0.206047
1653.000000	0.225396
1654.000000	0.233543
1655.000000	0.224377
1656.000000	0.193827
1657.000000	0.157675
1658.000000	0.128652
1659.000000	0.123561
1660.000000	0.146983
1661.000000	0.178042
1662.000000	0.206047
1663.000000	0.225905
1664.000000	0.228451
1665.000000	0.215212
1666.000000	0.185171
1667.000000	0.150038
1668.000000	0.129161
1669.000000	0.117960
1670.000000	0.121524
1671.000000	0.140363
1672.000000	0.168877
1673.000000	0.201464
1674.000000	0.221322
1675.000000	0.220813
1676.000000	0.214194
1677.000000	0.193827
1678.000000	0.169896
1679.000000	0.147492
1680.000000	0.126106
1681.000000	0.116941
1682.000000	0.123561
1683.000000	0.146473
1684.000000	0.179570
1685.000000	0.209102
1686.000000	0.218776
1687.000000	0.197900
1688.000000	0.162258
1689.000000	0.131707
1690.000000	0.115414
1691.000000	0.119487
1692.000000	0.131198
1693.000000	0.148510
1694.000000	0.168368
1695.000000	0.182116
1696.000000	0.194845
1697.000000	0.217249
1698.000000	0.229469
1699.000000	0.224887
1700.000000	0.197900
1701.000000	0.159203
1702.000000	0.129671
1703.000000	0.119996
1704.000000	0.121524
1705.000000	0.126106
1706.000000	0.143418
1707.000000	0.176006
1708.000000	0.207065
1709.000000	0.220813
1710.000000	0.220304
1711.000000	0.212666
1712.000000	0.191790
1713.000000	0.159203
1714.000000	0.130689
1715.000000	0.118978
1716.000000	0.129161
1717.000000	0.154620
1718.000000	0.192299
1719.000000	0.213685
1720.000000	0.213685
1721.000000	0.192808
1722.000000	0.158185
1723.000000	0.129671
1724.000000	0.119996
1725.000000	0.121524
1726.000000	0.114905
1727.000000	0.114905
1728.000000	0.126616
1729.000000	0.137308
1730.000000	0.148001
1731.000000	0.181607
1732.000000	0.211139
1733.000000	0.213685
1734.000000	0.179061
1735.000000	0.148001
1736.000000	0.125597
1737.000000	0.116432
1738.000000	0.126106
1739.000000	0.143418
1740.000000	0.162258
1741.000000	0.174478
1742.000000	0.192299
1743.000000	0.214703
1744.000000	0.227432
1745.000000	0.219286
1746.000000	0.189753
1747.000000	0.149019
1748.000000	0.128143
1749.000000	0.130180
1750.000000	0.155639
1751.000000	0.187717
1752.000000	0.214703
1753.000000	0.227432
1754.000000	0.226414
1755.000000	0.214194
1756.000000	0.188735
1757.000000	0.160221
1758.000000	0.134762
1759.000000	0.117960
1760.000000	0.108794
1761.000000	0.103193
1762.000000	0.102175
1763.000000	0.109813
1764.000000	0.131707
1765.000000	0.168877
1766.000000	0.205538
1767.000000	0.216740
1768.000000	0.202483
1769.000000	0.177024
1770.000000	0.150547
1771.000000	0.128143
1772.000000	0.115414
1773.000000	0.109813
1774.000000	0.127634
1775.000000	0.165822
1776.000000	0.200955
1777.000000	0.217758
1778.000000	0.212666
1779.000000	0.189244
1780.000000	0.156148
1781.000000	0.128652
1782.000000	0.124070
1783.000000	0.143928
1784.000000	0.173969
1785.000000	0.198919
1786.000000	0.219795
1787.000000	0.230997
1788.000000	0.232524
1789.000000	0.224377
1790.000000	0.207065
1791.000000	0.179061
1792.000000	0.150038
1793.000000	0.126616
1794.000000	0.121524
1795.000000	0.138327
1796.000000	0.166840
1797.000000	0.197900
1798.000000	0.218776
1799.000000	0.218267
1800.000000	0.201974
1801.000000	0.173969
1802.000000	0.142909
1803.000000	0.124070
1804.000000	0.131707
1805.000000	0.150547
1806.000000	0.174478
1807.000000	0.200955
1808.000000	0.221322
1809.000000	0.227432
1810.000000	0.216231
1811.000000	0.189753
1812.000000	0.162258
1813.000000	0.137817
1814.000000	0.120505
1815.000000	0.122033
1816.000000	0.148510
1817.000000	0.182116
1818.000000	0.209611
1819.000000	0.225396
1820.000000	0.221832
1821.000000	0.195354
1822.000000	0.159203
1823.000000	0.132217
1824.000000	0.129671
1825.000000	0.151056
1826.000000	0.183134
1827.000000	0.206047
1828.000000	0.220304
1829.000000	0.229978
1830.000000	0.235070
1831.000000	0.229978
1832.000000	0.212157
1833.000000	0.184152
1834.000000	0.154620
1835.000000	0.130180
1836.000000	0.117450
1837.000000	0.124579
1838.000000	0.153602
1839.000000	0.184662
1840.000000	0.212157
1841.000000	0.227432
1842.000000	0.227432
1843.000000	0.210120
1844.000000	0.181097
1845.000000	0.150547
1846.000000	0.127634
1847.000000	0.114905
1848.000000	0.115923
1849.000000	0.134253
1850.000000	0.164295
1851.000000	0.199428
1852.000000	0.220813
1853.000000	0.226414
1854.000000	0.211648
1855.000000	0.178042
1856.000000	0.144437
1857.000000	0.123561
1858.000000	0.116432
1859.000000	0.119996
1860.000000	0.130180
1861.000000	0.146983
1862.000000	0.173969
1863.000000	0.201464
1864.000000	0.221322
1865.000000	0.228451
1866.000000	0.218267
1867.000000	0.209102
1868.000000	0.197900
1869.000000	0.166840
1870.000000	0.136799
1871.000000	0.136799
1872.000000	0.165313
1873.000000	0.197900
1874.000000	0.217249
1875.000000	0.229978
1876.000000	0.229978
1877.000000	0.223868
1878.000000	0.203501
1879.000000	0.169896
1880.000000	0.140363
1881.000000	0.122542
1882.000000	0.115923
1883.000000	0.126106
1884.000000	0.152584
1885.000000	0.186189
1886.000000	0.211648
1887.000000	0.226923
1888.000000	0.234561
1889.000000	0.237616
1890.000000	0.228451
1891.000000	0.199428
1892.000000	0.163785
1893.000000	0.133235
1894.000000	0.124070
1895.000000	0.136290
1896.000000	0.165313
1897.000000	0.197391
1898.000000	0.219795
1899.000000	0.222341
1900.000000	0.202992
1901.000000	0.167350
1902.000000	0.136290
1903.000000	0.119996
1904.000000	0.123051
1905.000000	0.138327
1906.000000	0.162258
1907.000000	0.186698
1908.000000	0.211139
1909.000000	0.228451
1910.000000	0.230997
1911.000000	0.215212
1912.000000	0.187208
1913.000000	0.154111
1914.000000	0.129161
1915.000000	0.118978
1916.000000	0.128143
1917.000000	0.158185
1918.000000	0.192299
1919.000000	0.219286
1920.000000	0.227432
1921.000000	0.214703
1922.000000	0.187208
1923.000000	0.157675
1924.000000	0.131707
1925.000000	0.117450
1926.000000	0.114395
1927.000000	0.124070
1928.000000	0.146983
1929.000000	0.180079
1930.000000	0.210120
1931.000000	0.225905
1932.000000	0.222850
1933.000000	0.201974
1934.000000	0.165822
1935.000000	0.138836
1936.000000	0.123051
1937.000000	0.111340
1938.000000	0.104721
1939.000000	0.102175
1940.000000	0.102175
1941.000000	0.116941
1942.000000	0.141891
1943.000000	0.155639
1944.000000	0.153093
1945.000000	0.187717
1946.000000	0.215212
1947.000000	0.226923
1948.000000	0.225396
1949.000000	0.211139
1950.000000	0.181097
1951.000000	0.148510
1952.000000	0.126106
1953.000000	0.126616
1954.000000	0.139854
1955.000000	0.161749
1956.000000	0.195864
1957.000000	0.219286
1958.000000	0.227432
1959.000000	0.216740
1960.000000	0.202483
1961.000000	0.195864
1962.000000	0.191790
1963.000000	0.169386
1964.000000	0.144946
1965.000000	0.124070
1966.000000	0.118469
1967.000000	0.132217
1968.000000	0.159712
1969.000000	0.192299
1970.000000	0.217249
1971.000000	0.225396
1972.000000	0.213685
1973.000000	0.186698
1974.000000	0.153602
1975.000000	0.130180
1976.000000	0.122033
1977.000000	0.137308
1978.000000	0.166840
1979.000000	0.198409
1980.000000	0.222341
1981.000000	0.231506
1982.000000	0.220304
1983.000000	0.192808
1984.000000	0.162767
1985.000000	0.136290
1986.000000	0.124579
1987.000000	0.142909
1988.000000	0.168368
1989.000000	0.190772
1990.000000	0.211648
1991.000000	0.221322
1992.000000	0.210120
1993.000000	0.183643
1994.000000	0.153093
1995.000000	0.130689
1996.000000	0.117450
1997.000000	0.110322
1998.000000	0.114395
1999.000000	0.140873
2000.000000	0.176006
2001.000000	0.207575
2002.000000	0.224377
2003.000000	0.220304
2004.000000	0.190772
2005.000000	0.151565
2006.000000	0.130689
2007.000000	0.126616
2008.000000	0.126616
2009.000000	0.137308
2010.000000	0.160221
2011.000000	0.189753
2012.000000	0.216231
2013.000000	0.221832
2014.000000	0.207575
2015.000000	0.187208
2016.000000	0.164804
2017.000000	0.170405
2018.000000	0.193318
2019.000000	0.194336
2020.000000	0.174478
2021.000000	0.146473
2022.000000	0.125597
2023.000000	0.123051
2024.000000	0.133235
2025.000000	0.155129
2026.000000	0.175496
2027.000000	0.200446
2028.000000	0.222341
2029.000000	0.218776
2030.000000	0.190263
2031.000000	0.162767
2032.000000	0.141891
2033.000000	0.122542
2034.000000	0.115414
2035.000000	0.116432
2036.000000	0.130689
2037.000000	0.161749
2038.000000	0.197900
2039.000000	0.218776
2040.000000	0.229978
2041.000000	0.225905
2042.000000	0.216231
2043.000000	0.198919
2044.000000	0.166331
2045.000000	0.136799
2046.000000	0.119996
2047.000000	0.112868
2048.000000	0.119996
2049.000000	0.138327
2050.000000	0.163276
2051.000000	0.199428
2052.000000	0.221832
2053.000000	0.227432
2054.000000	0.217758
2055.000000	0.184152
2056.000000	0.153602
2057.000000	0.140363
2058.000000	0.126616
2059.000000	0.115923
2060.000000	0.118469
2061.000000	0.144437
2062.000000	0.173969
2063.000000	0.207065
2064.000000	0.223359
2065.000000	0.228451
2066.000000	0.226923
2067.000000	0.215721
2068.000000	0.191281
2069.000000	0.162258
2070.000000	0.135272
2071.000000	0.122033
2072.000000	0.137308
2073.000000	0.181097
2074.000000	0.211648
2075.000000	0.212157
2076.000000	0.183643
2077.000000	0.149019
2078.000000	0.126616
2079.000000	0.116432
2080.000000	0.111849
2081.000000	0.116941
2082.000000	0.135272
2083.000000	0.162258
2084.000000	0.176006
2085.000000	0.187208
2086.000000	0.204010
2087.000000	0.221832
2088.000000	0.233033
2089.000000	0.236598
2090.000000	0.234052
2091.000000	0.225905
2092.000000	0.207065
2093.000000	0.182625
2094.000000	0.151565
2095.000000	0.129671
2096.000000	0.124070
2097.000000	0.130689
2098.000000	0.149529
2099.000000	0.178552
2100.000000	0.206047
2101.000000	0.225396
2102.000000	0.221832
2103.000000	0.193827
2104.000000	0.163785
2105.000000	0.138327
2106.000000	0.122542
2107.000000	0.116432
2108.000000	0.111340
2109.000000	0.108285
2110.000000	0.106249
2111.000000	0.113377
2112.000000	0.148001
2113.000000	0.191790
2114.000000	0.216231
2115.000000	0.216231
2116.000000	0.206556
2117.000000	0.177533
2118.000000	0.144437
2119.000000	0.123561
2120.000000	0.115414
2121.000000	0.111849
2122.000000	0.110831
2123.000000	0.112359
2124.000000	0.127125
2125.000000	0.157166
2126.000000	0.178552
2127.000000	0.199428
2128.000000	0.222341
2129.000000	0.233033
2130.000000	0.233543
2131.000000	0.227432
2132.000000	0.208084
2133.000000	0.191281
2134.000000	0.190772
2135.000000	0.191790
2136.000000	0.171932
2137.000000	0.140873
2138.000000	0.148001
2139.000000	0.189244
2140.000000	0.216231
2141.000000	0.230487
2142.000000	0.234052
2143.000000	0.233033
2144.000000	0.235070
2145.000000	0.234052
2146.000000	0.210120
2147.000000	0.172441
2148.000000	0.139345
2149.000000	0.124579
2150.000000	0.124579
2151.000000	0.138327
2152.000000	0.152584
2153.000000	0.161240
2154.000000	0.183134
2155.000000	0.211648
2156.000000	0.226414
2157.000000	0.230997
2158.000000	0.235070
2159.000000	0.233543
2160.000000	0.214703
2161.000000	0.177533
2162.000000	0.146983
2163.000000	0.127125
2164.000000	0.115414
2165.000000	0.115414
2166.000000	0.121524
2167.000000	0.131198
2168.000000	0.142909
2169.000000	0.155639
2170.000000	0.168368
2171.000000	0.181097
2172.000000	0.198919
2173.000000	0.215721
2174.000000	0.229978
2175.000000	0.238125
2176.000000	0.241689
2177.000000	0.241689
2178.000000	0.229469
2179.000000	0.199937
2180.000000	0.160221
2181.000000	0.132726
2182.000000	0.128652
2183.000000	0.149019
2184.000000	0.179061
2185.000000	0.205538
2186.000000	0.224887
2187.000000	0.236088
2188.000000	0.237616
2189.000000	0.221832
2190.000000	0.200955
2191.000000	0.178042
2192.000000	0.152584
2193.000000	0.131707
2194.000000	0.117960
2195.000000	0.122033
2196.000000	0.144946
2197.000000	0.172951
2198.000000	0.196882
2199.000000	0.219795
2200.000000	0.230997
2201.000000	0.226923
2202.000000	0.202483
2203.000000	0.174987
2204.000000	0.156148
2205.000000	0.138327
2206.000000	0.122033
2207.000000	0.116432
2208.000000	0.136290
2209.000000	0.161749
2210.000000	0.180588
2211.000000	0.201464
2212.000000	0.218776
2213.000000	0.231506
2214.000000	0.238125
2215.000000	0.215721
2216.000000	0.179570
2217.000000	0.146983
2218.000000	0.127634
2219.000000	0.128143
2220.000000	0.143928
2221.000000	0.161240
2222.000000	0.177024
2223.000000	0.195864
2224.000000	0.217758
2225.000000	0.232015
2226.000000	0.234052
2227.000000	0.225905
2228.000000	0.206556
2229.000000	0.180588
2230.000000	0.149019
2231.000000	0.131707
2232.000000	0.120505
2233.000000	0.112359
2234.000000	0.108794
2235.000000	0.109304
2236.000000	0.114395
2237.000000	0.116432
2238.000000	0.125597
2239.000000	0.153602
2240.000000	0.188735
2241.000000	0.217249
2242.000000	0.229978
2243.000000	0.234052
2244.000000	0.228451
2245.000000	0.213176
2246.000000	0.190772
2247.000000	0.164804
2248.000000	0.142909
2249.000000	0.125088
2250.000000	0.115923
2251.000000	0.116432
2252.000000	0.130180
2253.000000	0.159712
2254.000000	0.194336
2255.000000	0.219286
2256.000000	0.233033
2257.000000	0.235070
2258.000000	0.222341
2259.000000	0.195354
2260.000000	0.161749
2261.000000	0.135781
2262.000000	0.123561
2263.000000	0.116432
2264.000000	0.119487
2265.000000	0.134253
2266.000000	0.166331
2267.000000	0.197391
2268.000000	0.220304
2269.000000	0.234561
2270.000000	0.236088
2271.000000	0.223868
2272.000000	0.200955
2273.000000	0.177533
2274.000000	0.148001
2275.000000	0.127634
2276.000000	0.122542
2277.000000	0.126616
2278.000000	0.139854
2279.000000	0.158185
2280.000000	0.179061
2281.000000	0.194845
2282.000000	0.214703
2283.000000	0.229978
2284.000000	0.232524
2285.000000	0.229469
2286.000000	0.220813
2287.000000	0.204520
2288.000000	0.182625
2289.000000	0.160221
2290.000000	0.137308
2291.000000	0.123561
2292.000000	0.123561
2293.000000	0.129161
2294.000000	0.136290
2295.000000	0.153093
2296.000000	0.178042
2297.000000	0.204520
2298.000000	0.226414
2299.000000	0.236088
2300.000000	0.229978
2301.000000	0.211139
2302.000000	0.181097
2303.000000	0.149529
2304.000000	0.129671
2305.000000	0.122542
2306.000000	0.129671
2307.000000	0.145455
2308.000000	0.168368
2309.000000	0.193318
2310.000000	0.218267
2311.000000	0.226414
2312.000000	0.207575
2313.000000	0.173460
2314.000000	0.141891
2315.000000	0.125597
2316.000000	0.122542
2317.000000	0.136799
2318.000000	0.156657
2319.000000	0.179570
2320.000000	0.204520
2321.000000	0.224377
2322.000000	0.231506
2323.000000	0.223359
2324.000000	0.207065
2325.000000	0.177024
2326.000000	0.144946
2327.000000	0.127634
2328.000000	0.120505
2329.000000	0.122542
2330.000000	0.138327
2331.000000	0.155129
2332.000000	0.170405
2333.000000	0.188226
2334.000000	0.202483
2335.000000	0.218267
2336.000000	0.227942
2337.000000	0.234561
2338.000000	0.239653
2339.000000	0.243217
2340.000000	0.244235
2341.000000	0.235579
2342.000000	0.206556
2343.000000	0.164295
2344.000000	0.137308
2345.000000	0.138327
2346.000000	0.156148
2347.000000	0.181097
2348.000000	0.199937
2349.000000	0.213685
2350.000000	0.226414
2351.000000	0.235070
2352.000000	0.239143
2353.000000	0.242708
2354.000000	0.234052
2355.000000	0.206556
2356.000000	0.197900
2357.000000	0.192808
2358.000000	0.182116
2359.000000	0.167859
2360.000000	0.158185
2361.000000	0.145455
2362.000000	0.132726
2363.000000	0.120505
2364.000000	0.121015
2365.000000	0.137308
2366.000000	0.170914
2367.000000	0.207575
2368.000000	0.217249
2369.000000	0.197391
2370.000000	0.154620
2371.000000	0.132726
2372.000000	0.128143
2373.000000	0.132217
2374.000000	0.119996
2375.000000	0.112868
2376.000000	0.108794
2377.000000	0.108285
2378.000000	0.117960
2379.000000	0.131707
2380.000000	0.155129
2381.000000	0.188735
2382.000000	0.217758
2383.000000	0.224377
2384.000000	0.216231
2385.000000	0.205029
2386.000000	0.194336
2387.000000	0.177533
2388.000000	0.159203
2389.000000	0.138836
2390.000000	0.125088
2391.000000	0.117450
2392.000000	0.140873
2393.000000	0.185680
2394.000000	0.214194
2395.000000	0.228960
2396.000000	0.234561
2397.000000	0.229469
2398.000000	0.205538
2399.000000	0.169896
2400.000000	0.139854
2401.000000	0.125088
2402.000000	0.121524
2403.000000	0.135781
2404.000000	0.170405
2405.000000	0.204010
2406.000000	0.226414
2407.000000	0.230487
2408.000000	0.220304
2409.000000	0.201974
2410.000000	0.171932
2411.000000	0.143418
2412.000000	0.125088
2413.000000	0.121524
2414.000000	0.125088
2415.000000	0.137817
2416.000000	0.160221
2417.000000	0.187208
2418.000000	0.208084
2419.000000	0.223868
2420.000000	0.233033
2421.000000	0.235579
2422.000000	0.223868
2423.000000	0.201464
2424.000000	0.175496
2425.000000	0.167859
2426.000000	0.170405
2427.000000	0.166331
2428.000000	0.152074
2429.000000	0.135272
2430.000000	0.121524
2431.000000	0.115414
2432.000000	0.121015
2433.000000	0.136290
2434.000000	0.160221
2435.000000	0.189244
2436.000000	0.211648
2437.000000	0.219795
2438.000000	0.221322
2439.000000	0.228960
2440.000000	0.236088
2441.000000	0.234561
2442.000000	0.233543
2443.000000	0.218776
2444.000000	0.187717
2445.000000	0.160730
2446.000000	0.135781
2447.000000	0.122542
2448.000000	0.123051
2449.000000	0.137817
2450.000000	0.174478
2451.000000	0.209102
2452.000000	0.222341
2453.000000	0.213685
2454.000000	0.193318
2455.000000	0.172441
2456.000000	0.148001
2457.000000	0.128652
2458.000000	0.119487
2459.000000	0.121524
2460.000000	0.133744
2461.000000	0.151056
2462.000000	0.177024
2463.000000	0.203501
2464.000000	0.225396
2465.000000	0.233033
2466.000000	0.224377
2467.000000	0.202992
2468.000000	0.175496
2469.000000	0.147492
2470.000000	0.128143
2471.000000	0.125088
2472.000000	0.140873
2473.000000	0.171423
2474.000000	0.202483
2475.000000	0.224887
2476.000000	0.236088
2477.000000	0.243217
2478.000000	0.241180
2479.000000	0.227432
2480.000000	0.199937
2481.000000	0.165822
2482.000000	0.141382
2483.000000	0.126106
2484.000000	0.118469
2485.000000	0.126106
2486.000000	0.141891
2487.000000	0.174987
2488.000000	0.207575
2489.000000	0.226414
2490.000000	0.233033
2491.000000	0.225396
2492.000000	0.208084
2493.000000	0.187208
2494.000000	0.157675
2495.000000	0.134762
2496.000000	0.130689
2497.000000	0.144437
2498.000000	0.170914
2499.000000	0.196882
2500.000000	0.218776
2501.000000	0.229978
2502.000000	0.223868
2503.000000	0.212666
2504.000000	0.205029
2505.000000	0.200955
2506.000000	0.193827
2507.000000	0.185171
2508.000000	0.183643
