28.000000	0.133744
29.000000	0.160221
30.000000	0.194845
31.000000	0.225396
32.000000	0.244744
33.000000	0.241180
34.000000	0.210120
35.000000	0.166331
36.000000	0.131707
37.000000	0.128652
38.000000	0.162258
39.000000	0.208084
40.000000	0.235070
41.000000	0.222341
42.000000	0.174478
43.000000	0.136799
44.000000	0.153602
45.000000	0.205029
46.000000	0.235070
47.000000	0.218267
48.000000	0.176006
49.000000	0.136799
50.000000	0.121015
51.000000	0.142909
52.000000	0.187208
53.000000	0.225396
54.000000	0.216231
55.000000	0.162767
56.000000	0.137308
57.000000	0.162258
58.000000	0.210630
59.000000	0.240671
60.000000	0.235070
61.000000	0.193318
62.000000	0.143928
63.000000	0.149019
64.000000	0.193827
65.000000	0.234561
66.000000	0.235579
67.000000	0.196882
68.000000	0.144437
69.000000	0.133744
70.000000	0.172441
71.000000	0.219286
72.000000	0.238125
73.000000	0.207575
74.000000	0.151565
75.000000	0.129161
76.000000	0.154111
77.000000	0.206047
78.000000	0.236598
79.000000	0.228451
80.000000	0.191281
81.000000	0.142909
82.000000	0.122542
83.000000	0.139345
84.000000	0.164295
85.000000	0.202992
86.000000	0.235070
87.000000	0.226414
88.000000	0.170914
89.000000	0.136290
90.000000	0.158694
91.000000	0.204010
92.000000	0.234561
93.000000	0.241180
94.000000	0.208084
95.000000	0.157675
96.000000	0.122542
97.000000	0.124070
98.000000	0.157675
99.000000	0.204520
100.000000	0.234561
101.000000	0.219795
102.000000	0.164804
103.000000	0.133235
104.000000	0.159203
105.000000	0.212157
106.000000	0.223868
107.000000	0.190772
108.000000	0.142400
109.000000	0.152584
110.000000	0.202992
111.000000	0.229469
112.000000	0.200955
113.000000	0.150038
114.000000	0.122033
115.000000	0.137308
116.000000	0.187208
117.000000	0.229978
118.000000	0.235579
119.000000	0.202483
120.000000	0.151056
121.000000	0.119996
122.000000	0.118978
123.000000	0.171423
124.000000	0.221322
125.000000	0.226923
126.000000	0.182116
127.000000	0.138836
128.000000	0.151565
129.000000	0.191281
130.000000	0.231506
131.000000	0.237107
132.000000	0.199937
133.000000	0.148001
134.000000	0.132217
135.000000	0.178552
136.000000	0.222850
137.000000	0.190263
138.000000	0.140873
139.000000	0.146473
140.000000	0.197900
141.000000	0.237616
142.000000	0.244235
143.000000	0.214703
144.000000	0.179061
145.000000	0.136290
146.000000	0.133744
147.000000	0.174478
148.000000	0.222341
149.000000	0.238634
150.000000	0.195354
151.000000	0.141382
152.000000	0.135272
153.000000	0.181607
154.000000	0.227942
155.000000	0.223359
156.000000	0.173969
157.000000	0.131707
158.000000	0.140363
159.000000	0.193318
160.000000	0.235579
161.000000	0.225905
162.000000	0.177024
163.000000	0.132726
164.000000	0.134253
165.000000	0.183643
166.000000	0.227942
167.000000	0.209102
168.000000	0.153093
169.000000	0.135781
170.000000	0.179570
171.000000	0.226923
172.000000	0.216231
173.000000	0.159712
174.000000	0.127634
175.000000	0.156148
176.000000	0.211648
177.000000	0.227432
178.000000	0.187717
179.000000	0.141382
180.000000	0.112868
181.000000	0.119487
182.000000	0.168877
183.000000	0.219795
184.000000	0.219795
185.000000	0.172441
186.000000	0.129161
187.000000	0.144437
188.000000	0.199937
189.000000	0.231506
190.000000	0.215212
191.000000	0.162767
192.000000	0.134762
193.000000	0.175496
194.000000	0.221322
195.000000	0.208084
196.000000	0.153093
197.000000	0.136799
198.000000	0.189753
199.000000	0.220813
200.000000	0.186698
201.000000	0.136799
202.000000	0.154111
203.000000	0.209102
204.000000	0.227432
205.000000	0.197900
206.000000	0.148001
207.000000	0.122033
208.000000	0.144946
209.000000	0.199428
210.000000	0.230487
211.000000	0.213176
212.000000	0.153602
213.000000	0.155639
214.000000	0.201974
215.000000	0.233033
216.000000	0.208084
217.000000	0.151565
218.000000	0.123561
219.000000	0.148001
220.000000	0.199428
221.000000	0.229978
222.000000	0.198919
223.000000	0.145455
224.000000	0.122542
225.000000	0.149529
226.000000	0.202483
227.000000	0.232015
228.000000	0.217758
229.000000	0.173460
230.000000	0.131198
231.000000	0.153093
232.000000	0.210630
233.000000	0.232015
234.000000	0.193318
235.000000	0.139854
236.000000	0.136290
237.000000	0.176515
238.000000	0.222850
239.000000	0.240162
240.000000	0.195864
241.000000	0.140873
242.000000	0.149019
243.000000	0.205029
244.000000	0.230487
245.000000	0.199937
246.000000	0.146983
247.000000	0.128652
248.000000	0.168368
249.000000	0.221322
250.000000	0.228451
251.000000	0.186189
252.000000	0.136290
253.000000	0.135781
254.000000	0.181607
255.000000	0.229978
256.000000	0.234052
257.000000	0.184152
258.000000	0.134762
259.000000	0.134762
260.000000	0.183134
261.000000	0.230997
262.000000	0.228451
263.000000	0.184152
264.000000	0.136290
265.000000	0.127634
266.000000	0.168368
267.000000	0.221832
268.000000	0.235579
269.000000	0.192299
270.000000	0.140873
271.000000	0.158694
272.000000	0.216740
273.000000	0.219286
274.000000	0.163276
275.000000	0.138327
276.000000	0.182625
277.000000	0.229978
278.000000	0.197900
279.000000	0.143928
280.000000	0.129161
281.000000	0.153093
282.000000	0.207065
283.000000	0.218267
284.000000	0.176515
285.000000	0.131707
286.000000	0.126616
287.000000	0.170405
288.000000	0.220304
289.000000	0.199937
290.000000	0.147492
291.000000	0.125088
292.000000	0.153093
293.000000	0.208084
294.000000	0.240162
295.000000	0.211648
296.000000	0.155639
297.000000	0.132217
298.000000	0.172441
299.000000	0.224377
300.000000	0.225905
301.000000	0.176006
302.000000	0.130689
303.000000	0.136799
304.000000	0.189244
305.000000	0.232015
306.000000	0.218776
307.000000	0.165822
308.000000	0.125597
309.000000	0.138327
310.000000	0.195354
311.000000	0.230487
312.000000	0.211139
313.000000	0.156148
314.000000	0.132217
315.000000	0.166840
316.000000	0.220813
317.000000	0.234052
318.000000	0.192808
319.000000	0.138836
320.000000	0.124070
321.000000	0.152074
322.000000	0.204520
323.000000	0.240162
324.000000	0.219795
325.000000	0.163276
326.000000	0.128143
327.000000	0.142909
328.000000	0.186698
329.000000	0.231506
330.000000	0.236598
331.000000	0.197900
332.000000	0.152584
333.000000	0.120505
334.000000	0.138836
335.000000	0.194336
336.000000	0.231506
337.000000	0.223868
338.000000	0.174987
339.000000	0.128143
340.000000	0.117960
341.000000	0.144946
342.000000	0.197391
343.000000	0.232015
344.000000	0.216231
345.000000	0.163785
346.000000	0.124070
347.000000	0.132217
348.000000	0.155129
349.000000	0.197391
350.000000	0.228451
351.000000	0.200955
352.000000	0.152074
353.000000	0.115923
354.000000	0.106758
355.000000	0.127634
356.000000	0.190263
357.000000	0.219286
358.000000	0.198409
359.000000	0.152584
360.000000	0.121015
361.000000	0.133235
362.000000	0.179570
363.000000	0.223868
364.000000	0.212666
365.000000	0.174478
366.000000	0.132726
367.000000	0.111849
368.000000	0.138836
369.000000	0.191790
370.000000	0.231506
371.000000	0.228451
372.000000	0.190263
373.000000	0.145964
374.000000	0.112868
375.000000	0.107776
376.000000	0.130180
377.000000	0.146473
378.000000	0.164295
379.000000	0.191790
380.000000	0.229978
381.000000	0.233543
382.000000	0.190772
383.000000	0.137817
384.000000	0.120505
385.000000	0.137308
386.000000	0.185680
387.000000	0.227942
388.000000	0.246781
389.000000	0.225905
390.000000	0.173460
391.000000	0.129161
392.000000	0.121524
393.000000	0.145455
394.000000	0.190263
395.000000	0.222341
396.000000	0.245254
397.000000	0.235579
398.000000	0.195354
399.000000	0.140873
400.000000	0.115414
401.000000	0.127125
402.000000	0.168368
403.000000	0.213685
404.000000	0.242708
405.000000	0.259511
406.000000	0.257474
407.000000	0.220813
408.000000	0.164804
409.000000	0.124070
410.000000	0.109304
411.000000	0.130689
412.000000	0.180079
413.000000	0.224887
414.000000	0.246272
415.000000	0.243217
416.000000	0.210630
417.000000	0.164804
418.000000	0.124579
419.000000	0.112868
420.000000	0.140363
421.000000	0.172441
422.000000	0.206047
423.000000	0.239143
424.000000	0.247290
425.000000	0.222341
426.000000	0.176515
427.000000	0.132726
428.000000	0.126616
429.000000	0.178552
430.000000	0.222850
431.000000	0.211648
432.000000	0.161749
433.000000	0.122033
434.000000	0.111340
435.000000	0.115923
436.000000	0.138327
437.000000	0.192299
438.000000	0.226923
439.000000	0.214194
440.000000	0.188226
441.000000	0.156148
442.000000	0.123051
443.000000	0.111340
444.000000	0.158185
445.000000	0.215212
446.000000	0.242708
447.000000	0.244744
448.000000	0.226923
449.000000	0.197391
450.000000	0.171932
451.000000	0.137817
452.000000	0.108285
453.000000	0.094538
454.000000	0.097593
455.000000	0.144946
456.000000	0.203501
457.000000	0.239143
458.000000	0.243726
459.000000	0.219795
460.000000	0.172441
461.000000	0.129161
462.000000	0.116432
463.000000	0.144437
464.000000	0.191790
465.000000	0.233543
466.000000	0.248309
467.000000	0.234052
468.000000	0.198409
469.000000	0.153602
470.000000	0.117960
471.000000	0.134253
472.000000	0.189244
473.000000	0.228960
474.000000	0.222341
475.000000	0.188226
476.000000	0.144437
477.000000	0.111340
478.000000	0.102175
479.000000	0.120505
480.000000	0.167350
481.000000	0.214194
482.000000	0.245763
483.000000	0.234052
484.000000	0.186189
485.000000	0.135781
486.000000	0.119487
487.000000	0.146473
488.000000	0.198919
489.000000	0.234561
490.000000	0.224887
491.000000	0.184152
492.000000	0.142909
493.000000	0.112868
494.000000	0.126106
495.000000	0.184662
496.000000	0.227942
497.000000	0.230997
498.000000	0.195354
499.000000	0.139854
500.000000	0.114395
501.000000	0.102684
502.000000	0.119996
503.000000	0.186189
504.000000	0.232524
505.000000	0.240671
506.000000	0.210630
507.000000	0.150547
508.000000	0.132217
509.000000	0.118978
510.000000	0.124579
511.000000	0.164804
512.000000	0.214194
513.000000	0.243217
514.000000	0.238125
515.000000	0.193827
516.000000	0.144437
517.000000	0.112868
518.000000	0.112868
519.000000	0.134253
520.000000	0.164804
521.000000	0.200446
522.000000	0.236598
523.000000	0.248309
524.000000	0.216231
525.000000	0.163276
526.000000	0.128652
527.000000	0.106249
528.000000	0.105739
529.000000	0.151056
530.000000	0.206556
531.000000	0.242199
532.000000	0.244235
533.000000	0.215212
534.000000	0.156657
535.000000	0.132217
536.000000	0.140363
537.000000	0.181607
538.000000	0.230487
539.000000	0.249327
540.000000	0.239143
541.000000	0.197391
542.000000	0.152074
543.000000	0.119487
544.000000	0.100138
545.000000	0.106758
546.000000	0.152584
547.000000	0.212157
548.000000	0.222850
549.000000	0.189753
550.000000	0.149529
551.000000	0.118469
552.000000	0.100648
553.000000	0.107267
554.000000	0.137817
555.000000	0.186189
556.000000	0.232015
557.000000	0.242708
558.000000	0.236598
559.000000	0.208084
560.000000	0.166840
561.000000	0.123561
562.000000	0.116941
563.000000	0.154111
564.000000	0.212157
565.000000	0.225905
566.000000	0.190772
567.000000	0.146473
568.000000	0.117960
569.000000	0.149019
570.000000	0.210120
571.000000	0.238125
572.000000	0.215721
573.000000	0.165313
574.000000	0.124579
575.000000	0.104721
576.000000	0.122033
577.000000	0.178552
578.000000	0.227942
579.000000	0.233543
580.000000	0.211139
581.000000	0.176515
582.000000	0.135781
583.000000	0.113377
584.000000	0.144946
585.000000	0.195864
586.000000	0.234561
587.000000	0.254928
588.000000	0.238634
589.000000	0.194845
590.000000	0.143418
591.000000	0.112868
592.000000	0.114395
593.000000	0.149529
594.000000	0.198409
595.000000	0.238125
596.000000	0.253400
597.000000	0.236598
598.000000	0.192808
599.000000	0.144946
600.000000	0.113886
601.000000	0.111849
602.000000	0.146473
603.000000	0.196882
604.000000	0.239653
605.000000	0.253910
606.000000	0.232524
607.000000	0.181607
608.000000	0.134253
609.000000	0.114395
610.000000	0.130180
611.000000	0.180079
612.000000	0.227432
613.000000	0.252891
614.000000	0.243726
615.000000	0.201974
616.000000	0.149529
617.000000	0.117960
618.000000	0.126106
619.000000	0.168877
620.000000	0.217758
621.000000	0.247799
622.000000	0.242199
623.000000	0.206556
624.000000	0.162258
625.000000	0.123051
626.000000	0.109304
627.000000	0.130180
628.000000	0.179061
629.000000	0.224377
630.000000	0.252382
631.000000	0.250345
632.000000	0.218267
633.000000	0.177533
634.000000	0.139345
635.000000	0.112359
636.000000	0.096065
637.000000	0.089446
638.000000	0.114905
639.000000	0.171423
640.000000	0.217758
641.000000	0.246781
642.000000	0.249836
643.000000	0.208084
644.000000	0.151565
645.000000	0.130689
646.000000	0.157166
647.000000	0.201974
648.000000	0.238634
649.000000	0.251873
650.000000	0.230997
651.000000	0.185171
652.000000	0.139345
653.000000	0.119996
654.000000	0.135781
655.000000	0.169896
656.000000	0.210630
657.000000	0.246781
658.000000	0.251873
659.000000	0.222850
660.000000	0.170914
661.000000	0.127634
662.000000	0.118469
663.000000	0.144437
664.000000	0.183643
665.000000	0.224377
666.000000	0.250855
667.000000	0.247290
668.000000	0.193827
669.000000	0.138836
670.000000	0.121015
671.000000	0.151056
672.000000	0.202483
673.000000	0.241689
674.000000	0.244235
675.000000	0.209102
676.000000	0.159712
677.000000	0.122033
678.000000	0.108794
679.000000	0.131707
680.000000	0.181097
681.000000	0.228960
682.000000	0.246781
683.000000	0.225905
684.000000	0.185680
685.000000	0.137308
686.000000	0.111340
687.000000	0.118978
688.000000	0.168877
689.000000	0.222850
690.000000	0.244744
691.000000	0.223359
692.000000	0.178042
693.000000	0.133235
694.000000	0.109813
695.000000	0.124070
696.000000	0.173460
697.000000	0.220304
698.000000	0.249836
699.000000	0.242199
700.000000	0.210630
701.000000	0.165313
702.000000	0.124579
703.000000	0.117960
704.000000	0.154111
705.000000	0.206047
706.000000	0.243726
707.000000	0.248818
708.000000	0.226923
709.000000	0.184662
710.000000	0.137308
711.000000	0.109304
712.000000	0.115414
713.000000	0.159203
714.000000	0.209102
715.000000	0.245254
716.000000	0.254419
717.000000	0.231506
718.000000	0.183134
719.000000	0.134762
720.000000	0.108794
721.000000	0.114395
722.000000	0.164804
723.000000	0.222341
724.000000	0.245254
725.000000	0.230487
726.000000	0.190263
727.000000	0.141891
728.000000	0.124579
729.000000	0.155129
730.000000	0.204520
731.000000	0.243217
732.000000	0.264602
733.000000	0.262566
734.000000	0.215721
735.000000	0.161240
736.000000	0.124579
737.000000	0.126616
738.000000	0.161749
739.000000	0.216231
740.000000	0.240671
741.000000	0.209102
742.000000	0.153093
743.000000	0.120505
744.000000	0.118978
745.000000	0.158694
746.000000	0.209611
747.000000	0.244235
748.000000	0.234561
749.000000	0.193318
750.000000	0.144437
751.000000	0.113377
752.000000	0.115923
753.000000	0.154620
754.000000	0.199937
755.000000	0.239653
756.000000	0.261547
757.000000	0.253910
758.000000	0.212157
759.000000	0.156148
760.000000	0.131707
761.000000	0.165822
762.000000	0.220813
763.000000	0.243217
764.000000	0.210630
765.000000	0.154111
766.000000	0.121015
767.000000	0.130180
768.000000	0.175496
769.000000	0.225396
770.000000	0.253910
771.000000	0.251364
772.000000	0.221322
773.000000	0.166331
774.000000	0.125597
775.000000	0.126106
776.000000	0.165313
777.000000	0.214194
778.000000	0.246781
779.000000	0.238634
780.000000	0.197391
781.000000	0.147492
782.000000	0.114395
783.000000	0.113886
784.000000	0.146473
785.000000	0.197900
786.000000	0.240671
787.000000	0.254419
788.000000	0.245763
789.000000	0.225396
790.000000	0.196373
791.000000	0.155129
792.000000	0.120505
793.000000	0.108285
794.000000	0.143928
795.000000	0.199937
796.000000	0.242199
797.000000	0.257983
798.000000	0.249327
799.000000	0.206047
800.000000	0.153093
801.000000	0.119996
802.000000	0.131707
803.000000	0.179061
804.000000	0.226923
805.000000	0.253400
806.000000	0.249327
807.000000	0.217249
808.000000	0.170914
809.000000	0.128143
810.000000	0.108794
811.000000	0.122033
812.000000	0.168368
813.000000	0.218267
814.000000	0.251364
815.000000	0.264602
816.000000	0.262566
817.000000	0.247290
818.000000	0.211139
819.000000	0.163276
820.000000	0.123561
821.000000	0.113886
822.000000	0.136799
823.000000	0.182625
824.000000	0.230487
825.000000	0.249836
826.000000	0.226414
827.000000	0.174478
828.000000	0.128652
829.000000	0.106249
830.000000	0.114395
831.000000	0.151056
832.000000	0.203501
833.000000	0.243726
834.000000	0.245254
835.000000	0.204010
836.000000	0.150547
837.000000	0.157166
838.000000	0.199428
839.000000	0.240162
840.000000	0.240671
841.000000	0.203501
842.000000	0.150547
843.000000	0.119487
844.000000	0.132217
845.000000	0.176006
846.000000	0.225396
847.000000	0.253400
848.000000	0.247290
849.000000	0.214703
850.000000	0.162767
851.000000	0.120505
852.000000	0.111340
853.000000	0.130180
854.000000	0.170405
855.000000	0.218776
856.000000	0.248309
857.000000	0.232015
858.000000	0.183643
859.000000	0.134253
860.000000	0.117450
861.000000	0.149529
862.000000	0.204520
863.000000	0.243726
864.000000	0.245763
865.000000	0.209611
866.000000	0.159203
867.000000	0.119487
868.000000	0.127634
869.000000	0.177533
870.000000	0.229469
871.000000	0.251873
872.000000	0.233033
873.000000	0.189753
874.000000	0.144437
875.000000	0.112359
876.000000	0.112359
877.000000	0.140873
878.000000	0.186189
879.000000	0.229469
880.000000	0.256965
881.000000	0.259511
882.000000	0.234561
883.000000	0.201464
884.000000	0.157675
885.000000	0.120505
886.000000	0.121015
887.000000	0.158185
888.000000	0.201464
889.000000	0.241180
890.000000	0.253910
891.000000	0.232015
892.000000	0.182625
893.000000	0.132726
894.000000	0.124579
895.000000	0.163276
896.000000	0.219795
897.000000	0.242708
898.000000	0.223359
899.000000	0.177533
900.000000	0.132217
901.000000	0.106249
902.000000	0.101157
903.000000	0.114395
904.000000	0.153093
905.000000	0.207065
906.000000	0.240162
907.000000	0.242708
908.000000	0.206047
909.000000	0.155129
910.000000	0.117960
911.000000	0.114905
912.000000	0.150038
913.000000	0.205538
914.000000	0.243217
915.000000	0.246272
916.000000	0.203501
917.000000	0.148001
918.000000	0.114905
919.000000	0.119487
920.000000	0.159712
921.000000	0.201464
922.000000	0.236598
923.000000	0.260020
924.000000	0.265111
925.000000	0.245763
926.000000	0.208593
927.000000	0.153093
928.000000	0.122542
929.000000	0.138836
930.000000	0.179570
931.000000	0.222341
932.000000	0.249327
933.000000	0.238125
934.000000	0.193827
935.000000	0.143418
936.000000	0.113377
937.000000	0.118978
938.000000	0.149529
939.000000	0.193318
940.000000	0.233033
941.000000	0.257983
942.000000	0.266130
943.000000	0.257983
944.000000	0.226923
945.000000	0.185171
946.000000	0.136799
947.000000	0.119996
948.000000	0.155129
949.000000	0.212157
950.000000	0.240162
951.000000	0.227432
952.000000	0.176515
953.000000	0.133235
954.000000	0.137308
955.000000	0.159712
956.000000	0.197391
957.000000	0.236598
958.000000	0.238634
959.000000	0.200446
960.000000	0.165822
961.000000	0.140873
962.000000	0.117450
963.000000	0.160730
964.000000	0.216740
965.000000	0.232524
966.000000	0.202992
967.000000	0.152074
968.000000	0.115923
969.000000	0.100648
970.000000	0.114905
971.000000	0.163276
972.000000	0.218267
973.000000	0.243217
974.000000	0.227432
975.000000	0.169386
976.000000	0.122542
977.000000	0.107776
978.000000	0.125088
979.000000	0.173969
980.000000	0.223359
981.000000	0.244744
982.000000	0.221322
983.000000	0.166840
984.000000	0.124070
985.000000	0.118978
986.000000	0.142909
987.000000	0.178552
988.000000	0.220304
989.000000	0.249327
990.000000	0.244744
991.000000	0.212666
992.000000	0.167350
993.000000	0.126106
994.000000	0.104212
995.000000	0.112868
996.000000	0.159203
997.000000	0.209102
998.000000	0.245254
999.000000	0.242199
1000.000000	0.201974
1001.000000	0.153093
1002.000000	0.115923
1003.000000	0.103703
1004.000000	0.117960
1005.000000	0.147492
1006.000000	0.180588
1007.000000	0.221322
1008.000000	0.239653
1009.000000	0.205029
1010.000000	0.148510
1011.000000	0.124579
1012.000000	0.144437
1013.000000	0.189753
1014.000000	0.233033
1015.000000	0.248309
1016.000000	0.221322
1017.000000	0.171932
1018.000000	0.126616
1019.000000	0.107776
1020.000000	0.133744
1021.000000	0.185171
1022.000000	0.230997
1023.000000	0.248309
1024.000000	0.243217
1025.000000	0.217249
1026.000000	0.176515
1027.000000	0.132217
1028.000000	0.111340
1029.000000	0.138836
1030.000000	0.187208
1031.000000	0.230997
1032.000000	0.248309
1033.000000	0.251364
1034.000000	0.241180
1035.000000	0.212157
1036.000000	0.165313
1037.000000	0.123561
1038.000000	0.104721
1039.000000	0.109813
1040.000000	0.146473
1041.000000	0.194845
1042.000000	0.233543
1043.000000	0.256455
1044.000000	0.265621
1045.000000	0.238634
1046.000000	0.167350
1047.000000	0.137308
1048.000000	0.164295
1049.000000	0.213685
1050.000000	0.244744
1051.000000	0.239143
1052.000000	0.200446
1053.000000	0.152584
1054.000000	0.116432
1055.000000	0.107776
1056.000000	0.143418
1057.000000	0.194336
1058.000000	0.235579
1059.000000	0.255946
1060.000000	0.243726
1061.000000	0.220813
1062.000000	0.183134
1063.000000	0.132217
1064.000000	0.110322
1065.000000	0.123561
1066.000000	0.168368
1067.000000	0.214703
1068.000000	0.245763
1069.000000	0.254928
1070.000000	0.254419
1071.000000	0.230487
1072.000000	0.179061
1073.000000	0.129161
1074.000000	0.115414
1075.000000	0.138836
1076.000000	0.182116
1077.000000	0.222341
1078.000000	0.248309
1079.000000	0.247290
1080.000000	0.232524
1081.000000	0.197391
1082.000000	0.145964
1083.000000	0.112868
1084.000000	0.097083
1085.000000	0.087409
1086.000000	0.091482
1087.000000	0.109304
1088.000000	0.145964
1089.000000	0.191281
1090.000000	0.230997
1091.000000	0.249327
1092.000000	0.231506
1093.000000	0.182625
1094.000000	0.134762
1095.000000	0.105230
1096.000000	0.090973
1097.000000	0.088937
1098.000000	0.102684
1099.000000	0.132217
1100.000000	0.172951
1101.000000	0.218267
1102.000000	0.247799
1103.000000	0.251873
1104.000000	0.217249
1105.000000	0.161749
1106.000000	0.120505
1107.000000	0.101157
1108.000000	0.109304
1109.000000	0.140873
1110.000000	0.183134
1111.000000	0.222850
1112.000000	0.244235
1113.000000	0.220304
1114.000000	0.174478
1115.000000	0.130689
1116.000000	0.103193
1117.000000	0.101157
1118.000000	0.119996
1119.000000	0.158694
1120.000000	0.207575
1121.000000	0.242708
1122.000000	0.252382
1123.000000	0.236088
1124.000000	0.191281
1125.000000	0.150038
1126.000000	0.122542
1127.000000	0.099629
1128.000000	0.103703
1129.000000	0.135781
1130.000000	0.187208
1131.000000	0.232015
1132.000000	0.248309
1133.000000	0.229978
1134.000000	0.179570
1135.000000	0.130180
1136.000000	0.108285
1137.000000	0.114905
1138.000000	0.139854
1139.000000	0.184662
1140.000000	0.224377
1141.000000	0.251364
1142.000000	0.262566
1143.000000	0.260020
1144.000000	0.238125
1145.000000	0.202483
1146.000000	0.157166
1147.000000	0.119996
1148.000000	0.104212
1149.000000	0.111849
1150.000000	0.141382
1151.000000	0.190263
1152.000000	0.228451
1153.000000	0.251873
1154.000000	0.261038
1155.000000	0.246781
1156.000000	0.207575
1157.000000	0.163785
1158.000000	0.126106
1159.000000	0.101157
1160.000000	0.094538
1161.000000	0.107267
1162.000000	0.132726
1163.000000	0.182116
1164.000000	0.227432
1165.000000	0.251873
1166.000000	0.248818
1167.000000	0.216740
1168.000000	0.168877
1169.000000	0.126106
1170.000000	0.104721
1171.000000	0.118469
1172.000000	0.156657
1173.000000	0.198409
1174.000000	0.235070
1175.000000	0.254928
1176.000000	0.253910
1177.000000	0.232524
1178.000000	0.193827
1179.000000	0.148001
1180.000000	0.112868
1181.000000	0.106758
1182.000000	0.122542
1183.000000	0.156148
1184.000000	0.203501
1185.000000	0.239653
1186.000000	0.257474
1187.000000	0.252891
1188.000000	0.229469
1189.000000	0.193318
1190.000000	0.154620
1191.000000	0.121524
1192.000000	0.099120
1193.000000	0.094538
1194.000000	0.110831
1195.000000	0.141382
1196.000000	0.184662
1197.000000	0.228960
1198.000000	0.248309
1199.000000	0.243217
1200.000000	0.216740
1201.000000	0.175496
1202.000000	0.137817
1203.000000	0.116432
1204.000000	0.097593
1205.000000	0.091992
1206.000000	0.106249
1207.000000	0.144437
1208.000000	0.195354
1209.000000	0.236088
1210.000000	0.253400
1211.000000	0.247799
1212.000000	0.218267
1213.000000	0.162258
1214.000000	0.118469
1215.000000	0.106249
1216.000000	0.117960
1217.000000	0.142400
1218.000000	0.181097
1219.000000	0.216740
1220.000000	0.242199
1221.000000	0.259511
1222.000000	0.257983
1223.000000	0.228451
1224.000000	0.164804
1225.000000	0.126616
1226.000000	0.148510
1227.000000	0.195864
1228.000000	0.235070
1229.000000	0.248818
1230.000000	0.238634
1231.000000	0.212157
1232.000000	0.183643
1233.000000	0.142909
1234.000000	0.112868
1235.000000	0.116941
1236.000000	0.140873
1237.000000	0.162767
1238.000000	0.195864
1239.000000	0.234561
1240.000000	0.244744
1241.000000	0.232524
1242.000000	0.217249
1243.000000	0.194336
1244.000000	0.159203
1245.000000	0.120505
1246.000000	0.098611
1247.000000	0.107776
1248.000000	0.137817
1249.000000	0.176006
1250.000000	0.221832
1251.000000	0.244744
1252.000000	0.234052
1253.000000	0.196373
1254.000000	0.155639
1255.000000	0.122033
1256.000000	0.100648
1257.000000	0.093519
1258.000000	0.113886
1259.000000	0.155129
1260.000000	0.199428
1261.000000	0.234561
1262.000000	0.254928
1263.000000	0.264093
1264.000000	0.248309
1265.000000	0.200955
1266.000000	0.158694
1267.000000	0.131198
1268.000000	0.104721
1269.000000	0.104721
1270.000000	0.136799
1271.000000	0.179061
1272.000000	0.219795
1273.000000	0.248818
1274.000000	0.261547
1275.000000	0.260529
1276.000000	0.242708
1277.000000	0.207575
1278.000000	0.152074
1279.000000	0.114395
1280.000000	0.105739
1281.000000	0.127634
1282.000000	0.165822
1283.000000	0.201974
1284.000000	0.234561
1285.000000	0.256455
1286.000000	0.255946
1287.000000	0.227432
1288.000000	0.188735
1289.000000	0.148510
1290.000000	0.113886
1291.000000	0.095047
1292.000000	0.088937
1293.000000	0.094028
1294.000000	0.117450
1295.000000	0.162258
1296.000000	0.215721
1297.000000	0.243217
1298.000000	0.246781
1299.000000	0.230487
1300.000000	0.201974
1301.000000	0.155129
1302.000000	0.116432
1303.000000	0.107776
1304.000000	0.121015
1305.000000	0.152074
1306.000000	0.189753
1307.000000	0.217249
1308.000000	0.237107
1309.000000	0.254928
1310.000000	0.264602
1311.000000	0.259511
1312.000000	0.238634
1313.000000	0.193827
1314.000000	0.142400
1315.000000	0.114395
1316.000000	0.132217
1317.000000	0.172951
1318.000000	0.215212
1319.000000	0.246272
1320.000000	0.259001
1321.000000	0.250855
1322.000000	0.225905
1323.000000	0.188226
1324.000000	0.145455
1325.000000	0.112359
1326.000000	0.125597
1327.000000	0.181097
1328.000000	0.226923
1329.000000	0.250855
1330.000000	0.259001
1331.000000	0.256455
1332.000000	0.244744
1333.000000	0.228451
1334.000000	0.199937
1335.000000	0.156657
1336.000000	0.119996
1337.000000	0.103703
1338.000000	0.132726
1339.000000	0.179061
1340.000000	0.220304
1341.000000	0.247290
1342.000000	0.263075
1343.000000	0.253910
1344.000000	0.213176
1345.000000	0.160221
1346.000000	0.117960
1347.000000	0.099629
1348.000000	0.102175
1349.000000	0.110322
1350.000000	0.120505
1351.000000	0.139854
1352.000000	0.175496
1353.000000	0.210630
1354.000000	0.241689
1355.000000	0.260529
1356.000000	0.259001
1357.000000	0.241180
1358.000000	0.202483
1359.000000	0.157675
1360.000000	0.118469
1361.000000	0.104212
1362.000000	0.125597
1363.000000	0.179061
1364.000000	0.226923
1365.000000	0.245254
1366.000000	0.235579
1367.000000	0.201974
1368.000000	0.176006
1369.000000	0.142400
1370.000000	0.110322
1371.000000	0.107776
1372.000000	0.134253
1373.000000	0.161749
1374.000000	0.187208
1375.000000	0.204520
1376.000000	0.216740
1377.000000	0.229469
1378.000000	0.247290
1379.000000	0.263075
1380.000000	0.267148
1381.000000	0.244744
1382.000000	0.203501
1383.000000	0.159203
1384.000000	0.121015
1385.000000	0.101666
1386.000000	0.115414
1387.000000	0.148001
1388.000000	0.183643
1389.000000	0.216231
1390.000000	0.244744
1391.000000	0.256455
1392.000000	0.242708
1393.000000	0.210120
1394.000000	0.168368
1395.000000	0.128652
1396.000000	0.103193
1397.000000	0.101666
1398.000000	0.125088
1399.000000	0.161240
1400.000000	0.207575
1401.000000	0.240671
1402.000000	0.249327
1403.000000	0.235070
1404.000000	0.206047
1405.000000	0.165822
1406.000000	0.128652
1407.000000	0.101666
1408.000000	0.097593
1409.000000	0.117960
1410.000000	0.154111
1411.000000	0.202483
1412.000000	0.237616
1413.000000	0.236598
1414.000000	0.221832
1415.000000	0.194336
1416.000000	0.157166
1417.000000	0.118469
1418.000000	0.100138
1419.000000	0.109304
1420.000000	0.134253
1421.000000	0.176515
1422.000000	0.218267
1423.000000	0.246272
1424.000000	0.254928
1425.000000	0.240162
1426.000000	0.214194
1427.000000	0.180588
1428.000000	0.137308
1429.000000	0.106758
1430.000000	0.105739
1431.000000	0.134762
1432.000000	0.182625
1433.000000	0.225905
1434.000000	0.249836
1435.000000	0.245254
1436.000000	0.211648
1437.000000	0.161749
1438.000000	0.120505
1439.000000	0.097593
1440.000000	0.096065
1441.000000	0.119487
1442.000000	0.168368
1443.000000	0.216231
1444.000000	0.245254
1445.000000	0.238125
1446.000000	0.192808
1447.000000	0.145964
1448.000000	0.113377
1449.000000	0.094028
1450.000000	0.091992
1451.000000	0.114905
1452.000000	0.158694
1453.000000	0.207575
1454.000000	0.241689
1455.000000	0.251873
1456.000000	0.240671
1457.000000	0.214194
1458.000000	0.175496
1459.000000	0.137308
1460.000000	0.106758
1461.000000	0.093519
1462.000000	0.097593
1463.000000	0.116432
1464.000000	0.146473
1465.000000	0.185680
1466.000000	0.221322
1467.000000	0.248309
1468.000000	0.258492
1469.000000	0.242199
1470.000000	0.216740
1471.000000	0.185171
1472.000000	0.148510
1473.000000	0.115923
1474.000000	0.102175
1475.000000	0.123051
1476.000000	0.162767
1477.000000	0.208593
1478.000000	0.242708
1479.000000	0.255946
1480.000000	0.230997
1481.000000	0.172951
1482.000000	0.126106
1483.000000	0.108794
1484.000000	0.141891
1485.000000	0.204520
1486.000000	0.238634
1487.000000	0.229978
1488.000000	0.184662
1489.000000	0.138327
1490.000000	0.106249
1491.000000	0.098102
1492.000000	0.116941
1493.000000	0.159203
1494.000000	0.198919
1495.000000	0.235579
1496.000000	0.246272
1497.000000	0.224377
1498.000000	0.198919
1499.000000	0.177024
1500.000000	0.145455
1501.000000	0.112359
1502.000000	0.098102
1503.000000	0.099629
1504.000000	0.103703
1505.000000	0.098102
1506.000000	0.099629
1507.000000	0.125597
1508.000000	0.170914
1509.000000	0.215721
1510.000000	0.244235
1511.000000	0.260529
1512.000000	0.257474
1513.000000	0.233543
1514.000000	0.202483
1515.000000	0.157166
1516.000000	0.117450
1517.000000	0.105739
1518.000000	0.161749
1519.000000	0.218267
1520.000000	0.239143
1521.000000	0.237107
1522.000000	0.235579
1523.000000	0.215721
1524.000000	0.168368
1525.000000	0.127125
1526.000000	0.105230
1527.000000	0.104212
1528.000000	0.111340
1529.000000	0.127634
1530.000000	0.148510
1531.000000	0.152074
1532.000000	0.153093
1533.000000	0.186189
1534.000000	0.229469
1535.000000	0.238125
1536.000000	0.229978
1537.000000	0.229469
1538.000000	0.225396
1539.000000	0.212157
1540.000000	0.193827
1541.000000	0.148001
1542.000000	0.114395
1543.000000	0.116432
1544.000000	0.155129
1545.000000	0.208084
1546.000000	0.236088
1547.000000	0.229469
1548.000000	0.190772
1549.000000	0.138327
1550.000000	0.113886
1551.000000	0.148510
1552.000000	0.198409
1553.000000	0.234561
1554.000000	0.218267
1555.000000	0.170914
1556.000000	0.125088
1557.000000	0.100648
1558.000000	0.104721
1559.000000	0.122542
1560.000000	0.140873
1561.000000	0.164804
1562.000000	0.201464
1563.000000	0.239143
1564.000000	0.257983
1565.000000	0.255946
1566.000000	0.235070
1567.000000	0.194845
1568.000000	0.155129
1569.000000	0.122542
1570.000000	0.099120
1571.000000	0.090464
1572.000000	0.095047
1573.000000	0.110322
1574.000000	0.139854
1575.000000	0.182116
1576.000000	0.221832
1577.000000	0.249836
1578.000000	0.263584
1579.000000	0.264093
1580.000000	0.240162
1581.000000	0.197391
1582.000000	0.148001
1583.000000	0.112359
1584.000000	0.101666
1585.000000	0.112359
1586.000000	0.133235
1587.000000	0.174987
1588.000000	0.221322
1589.000000	0.248309
1590.000000	0.247290
1591.000000	0.208084
1592.000000	0.148510
1593.000000	0.119996
1594.000000	0.138327
1595.000000	0.180079
1596.000000	0.223359
1597.000000	0.250855
1598.000000	0.261038
1599.000000	0.254419
1600.000000	0.246781
1601.000000	0.230487
1602.000000	0.205029
1603.000000	0.164295
1604.000000	0.121524
1605.000000	0.104721
1606.000000	0.103193
1607.000000	0.107267
1608.000000	0.133744
1609.000000	0.183643
1610.000000	0.226414
1611.000000	0.250855
1612.000000	0.253400
1613.000000	0.244744
1614.000000	0.234561
1615.000000	0.214194
1616.000000	0.178552
1617.000000	0.138327
1618.000000	0.106758
1619.000000	0.110322
1620.000000	0.142909
1621.000000	0.188226
1622.000000	0.232015
1623.000000	0.251873
1624.000000	0.252891
1625.000000	0.232524
1626.000000	0.178552
1627.000000	0.129671
1628.000000	0.106249
1629.000000	0.114905
1630.000000	0.153602
1631.000000	0.204010
1632.000000	0.240671
1633.000000	0.252382
1634.000000	0.238634
1635.000000	0.207575
1636.000000	0.160730
1637.000000	0.119487
1638.000000	0.108285
1639.000000	0.123051
1640.000000	0.158185
1641.000000	0.186698
1642.000000	0.205029
1643.000000	0.238634
1644.000000	0.253910
1645.000000	0.238634
1646.000000	0.190772
1647.000000	0.136290
1648.000000	0.105739
1649.000000	0.093519
1650.000000	0.101157
1651.000000	0.126616
1652.000000	0.165313
1653.000000	0.200446
1654.000000	0.232015
1655.000000	0.251364
1656.000000	0.264093
1657.000000	0.270203
1658.000000	0.253910
1659.000000	0.220304
1660.000000	0.176006
1661.000000	0.133235
1662.000000	0.105230
1663.000000	0.105230
1664.000000	0.137817
1665.000000	0.195864
1666.000000	0.237107
1667.000000	0.244744
1668.000000	0.220304
1669.000000	0.180079
1670.000000	0.144946
1671.000000	0.114395
1672.000000	0.095556
1673.000000	0.101157
1674.000000	0.119996
1675.000000	0.143418
1676.000000	0.178042
1677.000000	0.214703
1678.000000	0.245763
1679.000000	0.242199
1680.000000	0.207065
1681.000000	0.159203
1682.000000	0.119996
1683.000000	0.101666
1684.000000	0.111340
1685.000000	0.128143
1686.000000	0.146983
1687.000000	0.185171
1688.000000	0.229978
1689.000000	0.247799
1690.000000	0.229469
1691.000000	0.189753
1692.000000	0.152074
1693.000000	0.119996
1694.000000	0.098102
1695.000000	0.104212
1696.000000	0.149019
1697.000000	0.192808
1698.000000	0.228451
1699.000000	0.253910
1700.000000	0.255946
1701.000000	0.223868
1702.000000	0.191281
1703.000000	0.148001
1704.000000	0.112868
1705.000000	0.098611
1706.000000	0.110322
1707.000000	0.137308
1708.000000	0.173460
1709.000000	0.213685
1710.000000	0.245763
1711.000000	0.257474
1712.000000	0.245763
1713.000000	0.223359
1714.000000	0.189244
1715.000000	0.152074
1716.000000	0.120505
1717.000000	0.097593
1718.000000	0.096065
1719.000000	0.119487
1720.000000	0.160730
1721.000000	0.207065
1722.000000	0.242199
1723.000000	0.246272
1724.000000	0.219286
1725.000000	0.176006
1726.000000	0.133744
1727.000000	0.104721
1728.000000	0.105739
1729.000000	0.140873
1730.000000	0.184662
1731.000000	0.220813
1732.000000	0.248309
1733.000000	0.249836
1734.000000	0.213176
1735.000000	0.160221
1736.000000	0.118469
1737.000000	0.101666
1738.000000	0.100648
1739.000000	0.119996
1740.000000	0.154620
1741.000000	0.195354
1742.000000	0.232015
1743.000000	0.253910
1744.000000	0.246781
1745.000000	0.237616
1746.000000	0.211648
1747.000000	0.193827
1748.000000	0.162767
1749.000000	0.125597
1750.000000	0.103193
1751.000000	0.108285
1752.000000	0.133235
1753.000000	0.171423
1754.000000	0.210120
1755.000000	0.240162
1756.000000	0.260020
1757.000000	0.265111
1758.000000	0.247290
1759.000000	0.211648
1760.000000	0.164295
1761.000000	0.121524
1762.000000	0.101157
1763.000000	0.111340
1764.000000	0.142909
1765.000000	0.189244
1766.000000	0.231506
1767.000000	0.252382
1768.000000	0.245763
1769.000000	0.218267
1770.000000	0.177024
1771.000000	0.136799
1772.000000	0.108794
1773.000000	0.093010
1774.000000	0.096574
1775.000000	0.123561
1776.000000	0.173460
1777.000000	0.221832
1778.000000	0.247290
1779.000000	0.250345
1780.000000	0.244235
1781.000000	0.219286
1782.000000	0.181097
1783.000000	0.138327
1784.000000	0.107776
1785.000000	0.109813
1786.000000	0.138836
1787.000000	0.175496
1788.000000	0.210120
1789.000000	0.242708
1790.000000	0.261038
1791.000000	0.268167
1792.000000	0.263075
1793.000000	0.245763
1794.000000	0.217758
1795.000000	0.187717
1796.000000	0.158185
1797.000000	0.126616
1798.000000	0.100648
1799.000000	0.095556
1800.000000	0.114905
1801.000000	0.153602
1802.000000	0.200446
1803.000000	0.238634
1804.000000	0.249327
1805.000000	0.239143
1806.000000	0.218776
1807.000000	0.189753
1808.000000	0.147492
1809.000000	0.112359
1810.000000	0.094028
1811.000000	0.097083
1812.000000	0.128652
1813.000000	0.175496
1814.000000	0.216740
1815.000000	0.246781
1816.000000	0.256965
1817.000000	0.246781
1818.000000	0.219795
1819.000000	0.182625
1820.000000	0.148510
1821.000000	0.119487
1822.000000	0.100138
1823.000000	0.117960
1824.000000	0.166840
1825.000000	0.218267
1826.000000	0.245763
1827.000000	0.235579
1828.000000	0.189244
1829.000000	0.138327
1830.000000	0.107267
1831.000000	0.099629
1832.000000	0.115923
1833.000000	0.146983
1834.000000	0.191281
1835.000000	0.230487
1836.000000	0.252382
1837.000000	0.230997
1838.000000	0.198919
1839.000000	0.165313
1840.000000	0.123051
1841.000000	0.100648
1842.000000	0.105230
1843.000000	0.139854
1844.000000	0.188735
1845.000000	0.229469
1846.000000	0.253910
1847.000000	0.265621
1848.000000	0.265111
1849.000000	0.243217
1850.000000	0.202483
1851.000000	0.162258
1852.000000	0.126616
1853.000000	0.101157
1854.000000	0.091992
1855.000000	0.106758
1856.000000	0.148001
1857.000000	0.206047
1858.000000	0.238634
1859.000000	0.218776
1860.000000	0.168368
1861.000000	0.123561
1862.000000	0.102175
1863.000000	0.116432
1864.000000	0.161240
1865.000000	0.206556
1866.000000	0.241689
1867.000000	0.260020
1868.000000	0.264602
1869.000000	0.273767
1870.000000	0.271222
1871.000000	0.262566
1872.000000	0.239143
1873.000000	0.183134
1874.000000	0.130180
1875.000000	0.117960
1876.000000	0.131707
1877.000000	0.144946
1878.000000	0.179061
1879.000000	0.222341
1880.000000	0.251873
1881.000000	0.260020
1882.000000	0.246272
1883.000000	0.222341
1884.000000	0.201974
1885.000000	0.174987
1886.000000	0.137308
1887.000000	0.107267
1888.000000	0.089446
1889.000000	0.084863
1890.000000	0.096574
1891.000000	0.123051
1892.000000	0.153093
1893.000000	0.193318
1894.000000	0.234052
1895.000000	0.239143
1896.000000	0.199937
1897.000000	0.153602
1898.000000	0.118469
1899.000000	0.136290
1900.000000	0.188735
1901.000000	0.233543
1902.000000	0.254419
1903.000000	0.244744
1904.000000	0.207575
1905.000000	0.157166
1906.000000	0.116941
1907.000000	0.100138
1908.000000	0.102175
1909.000000	0.119487
1910.000000	0.142909
1911.000000	0.171423
1912.000000	0.199937
1913.000000	0.224377
1914.000000	0.250855
1915.000000	0.260529
1916.000000	0.259001
1917.000000	0.238634
1918.000000	0.194336
1919.000000	0.142400
1920.000000	0.109304
1921.000000	0.100648
1922.000000	0.105739
1923.000000	0.127125
1924.000000	0.161240
1925.000000	0.198409
1926.000000	0.235070
1927.000000	0.256455
1928.000000	0.254419
1929.000000	0.214703
1930.000000	0.165822
1931.000000	0.124579
1932.000000	0.101666
1933.000000	0.099120
1934.000000	0.112359
1935.000000	0.128143
1936.000000	0.159712
1937.000000	0.204520
1938.000000	0.242199
1939.000000	0.250855
1940.000000	0.232524
1941.000000	0.195864
1942.000000	0.156148
1943.000000	0.119487
1944.000000	0.098611
1945.000000	0.112359
1946.000000	0.152074
1947.000000	0.195354
1948.000000	0.232524
1949.000000	0.256965
1950.000000	0.260529
1951.000000	0.247290
1952.000000	0.222341
1953.000000	0.181607
1954.000000	0.140873
1955.000000	0.108285
1956.000000	0.094538
1957.000000	0.108285
1958.000000	0.149529
1959.000000	0.202483
1960.000000	0.242199
1961.000000	0.254928
1962.000000	0.242708
1963.000000	0.209611
1964.000000	0.170405
1965.000000	0.131707
1966.000000	0.104721
1967.000000	0.092501
1968.000000	0.100138
1969.000000	0.122033
1970.000000	0.161749
1971.000000	0.198919
1972.000000	0.233033
1973.000000	0.244235
1974.000000	0.220304
1975.000000	0.186189
1976.000000	0.143418
1977.000000	0.110322
1978.000000	0.104212
1979.000000	0.127125
1980.000000	0.161240
1981.000000	0.200955
1982.000000	0.238634
1983.000000	0.233543
1984.000000	0.210120
1985.000000	0.180079
1986.000000	0.146473
1987.000000	0.112868
1988.000000	0.107776
1989.000000	0.138836
1990.000000	0.193827
1991.000000	0.236598
1992.000000	0.256965
1993.000000	0.262056
1994.000000	0.256965
1995.000000	0.246272
1996.000000	0.210120
1997.000000	0.157675
1998.000000	0.117450
1999.000000	0.118978
2000.000000	0.158185
2001.000000	0.193318
2002.000000	0.225396
2003.000000	0.251364
2004.000000	0.262566
2005.000000	0.254419
2006.000000	0.232015
2007.000000	0.203501
2008.000000	0.169896
2009.000000	0.138836
2010.000000	0.117450
2011.000000	0.100648
2012.000000	0.090464
2013.000000	0.107267
2014.000000	0.138836
2015.000000	0.170914
2016.000000	0.201464
2017.000000	0.238125
2018.000000	0.256455
2019.000000	0.243726
2020.000000	0.215721
2021.000000	0.190263
2022.000000	0.168368
2023.000000	0.138327
2024.000000	0.109304
2025.000000	0.092501
2026.000000	0.096065
2027.000000	0.123051
2028.000000	0.174987
2029.000000	0.226414
2030.000000	0.248818
2031.000000	0.243217
2032.000000	0.217758
2033.000000	0.195354
2034.000000	0.161749
2035.000000	0.126106
2036.000000	0.101666
2037.000000	0.102175
2038.000000	0.122542
2039.000000	0.162767
2040.000000	0.210630
2041.000000	0.245763
2042.000000	0.253910
2043.000000	0.238125
2044.000000	0.208084
2045.000000	0.171932
2046.000000	0.143928
2047.000000	0.117960
2048.000000	0.096065
2049.000000	0.087409
2050.000000	0.099120
2051.000000	0.136290
2052.000000	0.186189
2053.000000	0.228451
2054.000000	0.256455
2055.000000	0.269694
2056.000000	0.270203
2057.000000	0.252891
2058.000000	0.205538
2059.000000	0.152074
2060.000000	0.113886
2061.000000	0.103193
2062.000000	0.128143
2063.000000	0.171423
2064.000000	0.214703
2065.000000	0.246781
2066.000000	0.262566
2067.000000	0.251873
2068.000000	0.203501
2069.000000	0.151565
2070.000000	0.115414
2071.000000	0.095556
2072.000000	0.089446
2073.000000	0.098102
2074.000000	0.125597
2075.000000	0.167350
2076.000000	0.190263
2077.000000	0.187717
2078.000000	0.194336
2079.000000	0.229469
2080.000000	0.250855
2081.000000	0.232015
2082.000000	0.181607
2083.000000	0.130689
2084.000000	0.106758
2085.000000	0.120505
2086.000000	0.155129
2087.000000	0.186698
2088.000000	0.217249
2089.000000	0.237616
2090.000000	0.248309
2091.000000	0.251873
2092.000000	0.256965
2093.000000	0.270203
2094.000000	0.276313
2095.000000	0.258492
2096.000000	0.210120
2097.000000	0.167350
2098.000000	0.127634
2099.000000	0.108285
2100.000000	0.114905
2101.000000	0.125088
2102.000000	0.161749
2103.000000	0.214703
2104.000000	0.246781
2105.000000	0.256965
2106.000000	0.253400
2107.000000	0.227942
2108.000000	0.195864
2109.000000	0.163785
2110.000000	0.132726
2111.000000	0.112868
2112.000000	0.094028
2113.000000	0.084863
2114.000000	0.083845
2115.000000	0.093519
2116.000000	0.119487
2117.000000	0.157166
2118.000000	0.206047
2119.000000	0.243217
2120.000000	0.260529
2121.000000	0.259511
2122.000000	0.240162
2123.000000	0.198409
2124.000000	0.148510
2125.000000	0.112868
2126.000000	0.107776
2127.000000	0.123561
2128.000000	0.140873
2129.000000	0.166840
2130.000000	0.192299
2131.000000	0.222850
2132.000000	0.252382
2133.000000	0.257474
2134.000000	0.236088
2135.000000	0.201464
2136.000000	0.173460
2137.000000	0.151565
2138.000000	0.130180
2139.000000	0.108285
2140.000000	0.091992
2141.000000	0.093519
2142.000000	0.123561
2143.000000	0.163276
2144.000000	0.206047
2145.000000	0.244235
2146.000000	0.254419
2147.000000	0.235070
2148.000000	0.187717
2149.000000	0.141382
2150.000000	0.109304
2151.000000	0.094028
2152.000000	0.094538
2153.000000	0.105739
2154.000000	0.132217
2155.000000	0.173460
2156.000000	0.214194
2157.000000	0.244744
2158.000000	0.264602
2159.000000	0.269694
2160.000000	0.261038
2161.000000	0.233543
2162.000000	0.189753
2163.000000	0.149019
2164.000000	0.124070
2165.000000	0.100648
2166.000000	0.096065
2167.000000	0.122542
2168.000000	0.163276
2169.000000	0.203501
2170.000000	0.237616
2171.000000	0.260020
2172.000000	0.264093
2173.000000	0.245763
2174.000000	0.206556
2175.000000	0.161240
2176.000000	0.127125
2177.000000	0.107267
2178.000000	0.092501
2179.000000	0.082826
2180.000000	0.080790
2181.000000	0.084863
2182.000000	0.098611
2183.000000	0.113377
2184.000000	0.135272
2185.000000	0.173460
2186.000000	0.220304
2187.000000	0.246272
2188.000000	0.232524
2189.000000	0.199937
2190.000000	0.183134
2191.000000	0.166331
2192.000000	0.134253
2193.000000	0.107267
2194.000000	0.091992
2195.000000	0.103193
2196.000000	0.144946
2197.000000	0.199937
2198.000000	0.239653
2199.000000	0.234052
2200.000000	0.196882
2201.000000	0.153602
2202.000000	0.117960
2203.000000	0.096065
2204.000000	0.085372
2205.000000	0.082826
2206.000000	0.091992
2207.000000	0.111340
2208.000000	0.152074
2209.000000	0.202992
2210.000000	0.242708
2211.000000	0.254928
2212.000000	0.239143
2213.000000	0.207575
2214.000000	0.168368
2215.000000	0.132726
2216.000000	0.103703
2217.000000	0.091992
2218.000000	0.094028
2219.000000	0.103703
2220.000000	0.113886
2221.000000	0.129671
2222.000000	0.155129
2223.000000	0.190772
2224.000000	0.218267
2225.000000	0.227942
2226.000000	0.233033
2227.000000	0.246781
2228.000000	0.263075
2229.000000	0.273258
2230.000000	0.275804
2231.000000	0.272749
2232.000000	0.265111
2233.000000	0.260020
2234.000000	0.251364
2235.000000	0.225396
2236.000000	0.180079
2237.000000	0.136799
2238.000000	0.106758
2239.000000	0.090464
2240.000000	0.085882
2241.000000	0.091992
2242.000000	0.109304
2243.000000	0.154111
2244.000000	0.208084
2245.000000	0.242199
2246.000000	0.261547
2247.000000	0.261038
2248.000000	0.234052
2249.000000	0.189753
2250.000000	0.143418
2251.000000	0.111849
2252.000000	0.125597
2253.000000	0.167350
2254.000000	0.207575
2255.000000	0.226414
2256.000000	0.224377
2257.000000	0.232015
2258.000000	0.251873
2259.000000	0.266639
2260.000000	0.269185
2261.000000	0.251873
2262.000000	0.221832
2263.000000	0.188226
2264.000000	0.155129
2265.000000	0.124579
2266.000000	0.100648
2267.000000	0.095047
2268.000000	0.121015
2269.000000	0.172441
2270.000000	0.211648
2271.000000	0.240671
2272.000000	0.263584
2273.000000	0.269694
2274.000000	0.268676
2275.000000	0.256965
2276.000000	0.225905
2277.000000	0.177533
2278.000000	0.137817
2279.000000	0.110322
2280.000000	0.092501
2281.000000	0.084354
2282.000000	0.090464
2283.000000	0.111849
2284.000000	0.140873
2285.000000	0.179061
2286.000000	0.217249
2287.000000	0.246781
2288.000000	0.263075
2289.000000	0.267148
2290.000000	0.259511
2291.000000	0.236598
2292.000000	0.195864
2293.000000	0.144946
2294.000000	0.110322
2295.000000	0.102684
2296.000000	0.122033
2297.000000	0.153093
2298.000000	0.185680
2299.000000	0.217249
2300.000000	0.247799
2301.000000	0.261547
2302.000000	0.251364
2303.000000	0.225905
2304.000000	0.184152
2305.000000	0.138836
2306.000000	0.107776
2307.000000	0.093010
2308.000000	0.095047
2309.000000	0.140873
2310.000000	0.192299
2311.000000	0.225905
2312.000000	0.251364
2313.000000	0.264602
2314.000000	0.261547
2315.000000	0.235579
2316.000000	0.206047
2317.000000	0.159203
2318.000000	0.118469
2319.000000	0.112868
2320.000000	0.134253
2321.000000	0.172951
2322.000000	0.214194
2323.000000	0.244235
2324.000000	0.263075
2325.000000	0.271222
2326.000000	0.276823
2327.000000	0.279368
2328.000000	0.281405
2329.000000	0.280896
2330.000000	0.279368
2331.000000	0.278859
2332.000000	0.280387
2333.000000	0.283442
2334.000000	0.277841
2335.000000	0.256965
2336.000000	0.201974
2337.000000	0.143418
2338.000000	0.109304
2339.000000	0.105230
2340.000000	0.132726
2341.000000	0.180588
2342.000000	0.222850
2343.000000	0.250855
2344.000000	0.265621
2345.000000	0.257474
2346.000000	0.229469
2347.000000	0.193827
2348.000000	0.147492
2349.000000	0.110831
2350.000000	0.093010
2351.000000	0.091482
2352.000000	0.099120
2353.000000	0.111849
2354.000000	0.125597
2355.000000	0.169896
2356.000000	0.215721
2357.000000	0.246781
2358.000000	0.266130
2359.000000	0.268676
2360.000000	0.252891
2361.000000	0.218776
2362.000000	0.169386
2363.000000	0.126616
2364.000000	0.100138
2365.000000	0.091992
2366.000000	0.093010
2367.000000	0.102684
2368.000000	0.122542
2369.000000	0.155129
2370.000000	0.203501
2371.000000	0.241689
2372.000000	0.258492
2373.000000	0.248309
2374.000000	0.223359
2375.000000	0.182116
2376.000000	0.139345
2377.000000	0.110322
2378.000000	0.098102
2379.000000	0.115414
2380.000000	0.145455
2381.000000	0.168368
2382.000000	0.185680
2383.000000	0.206047
2384.000000	0.239653
2385.000000	0.261038
2386.000000	0.266639
2387.000000	0.248309
2388.000000	0.212157
2389.000000	0.181097
2390.000000	0.148510
2391.000000	0.116432
2392.000000	0.095556
2393.000000	0.083845
2394.000000	0.080790
2395.000000	0.089955
2396.000000	0.109304
2397.000000	0.139854
2398.000000	0.181607
2399.000000	0.220304
2400.000000	0.250345
2401.000000	0.263584
2402.000000	0.256965
2403.000000	0.209102
2404.000000	0.153093
2405.000000	0.116432
2406.000000	0.098102
2407.000000	0.131707
2408.000000	0.189753
2409.000000	0.234561
2410.000000	0.259511
2411.000000	0.266130
2412.000000	0.257474
2413.000000	0.237616
2414.000000	0.212666
2415.000000	0.181607
2416.000000	0.147492
2417.000000	0.117450
2418.000000	0.098102
2419.000000	0.085882
2420.000000	0.084354
2421.000000	0.098102
2422.000000	0.128652
2423.000000	0.156657
2424.000000	0.197391
2425.000000	0.237616
2426.000000	0.259511
2427.000000	0.271222
2428.000000	0.273258
2429.000000	0.246781
2430.000000	0.193827
2431.000000	0.146473
2432.000000	0.111340
2433.000000	0.092501
2434.000000	0.088427
2435.000000	0.100138
2436.000000	0.128143
2437.000000	0.166840
2438.000000	0.209611
2439.000000	0.243726
2440.000000	0.248818
2441.000000	0.235070
2442.000000	0.208084
2443.000000	0.184662
2444.000000	0.151565
2445.000000	0.132217
2446.000000	0.135272
2447.000000	0.136290
2448.000000	0.129671
2449.000000	0.120505
2450.000000	0.102684
2451.000000	0.087409
2452.000000	0.091482
2453.000000	0.118978
2454.000000	0.172441
2455.000000	0.217249
2456.000000	0.248818
2457.000000	0.264093
2458.000000	0.262566
2459.000000	0.242199
2460.000000	0.208593
2461.000000	0.168877
2462.000000	0.133744
2463.000000	0.107776
2464.000000	0.091482
2465.000000	0.087409
2466.000000	0.095047
2467.000000	0.122542
2468.000000	0.171932
2469.000000	0.226923
2470.000000	0.247799
2471.000000	0.253910
2472.000000	0.254419
2473.000000	0.230487
2474.000000	0.181097
2475.000000	0.137817
2476.000000	0.108794
2477.000000	0.094028
2478.000000	0.098102
2479.000000	0.128652
2480.000000	0.160730
2481.000000	0.199428
2482.000000	0.238634
2483.000000	0.260529
2484.000000	0.263075
2485.000000	0.247290
2486.000000	0.215721
2487.000000	0.185680
2488.000000	0.167859
2489.000000	0.157675
