0.000000	0.236088
1.000000	0.230997
2.000000	0.241689
3.000000	0.242708
4.000000	0.237616
5.000000	0.226923
6.000000	0.239143
7.000000	0.266639
8.000000	0.287515
9.000000	0.295153
10.000000	0.295153
11.000000	0.276313
12.000000	0.268167
13.000000	0.262056
14.000000	0.252891
15.000000	0.244235
16.000000	0.245763
17.000000	0.262566
18.000000	0.274277
19.000000	0.275804
20.000000	0.283951
21.000000	0.278350
22.000000	0.246272
23.000000	0.230487
24.000000	0.232015
25.000000	0.234052
26.000000	0.233033
27.000000	0.222341
28.000000	0.210630
29.000000	0.196882
30.000000	0.189244
31.000000	0.189753
32.000000	0.206047
33.000000	0.233543
34.000000	0.250855
35.000000	0.265111
36.000000	0.280387
37.000000	0.292607
38.000000	0.293625
39.000000	0.289552
40.000000	0.277332
41.000000	0.271222
42.000000	0.268167
43.000000	0.264093
44.000000	0.263075
45.000000	0.252891
46.000000	0.240162
47.000000	0.237107
48.000000	0.254419
49.000000	0.281405
50.000000	0.290061
51.000000	0.296171
52.000000	0.294644
53.000000	0.287515
54.000000	0.292098
55.000000	0.292607
56.000000	0.291079
57.000000	0.285479
58.000000	0.273767
59.000000	0.265111
60.000000	0.262056
61.000000	0.255437
62.000000	0.259001
63.000000	0.278859
64.000000	0.286497
65.000000	0.280896
66.000000	0.278350
67.000000	0.281405
68.000000	0.292607
69.000000	0.295662
70.000000	0.280896
71.000000	0.255437
72.000000	0.236088
73.000000	0.236088
74.000000	0.236088
75.000000	0.230997
76.000000	0.226414
77.000000	0.221322
78.000000	0.227942
79.000000	0.222341
80.000000	0.211139
81.000000	0.214194
82.000000	0.210120
83.000000	0.265621
84.000000	0.257983
85.000000	0.233033
86.000000	0.214703
87.000000	0.210120
88.000000	0.206047
89.000000	0.198919
90.000000	0.186189
91.000000	0.176006
92.000000	0.171423
93.000000	0.174987
94.000000	0.237616
95.000000	0.211648
96.000000	0.250855
97.000000	0.266639
98.000000	0.260529
99.000000	0.294135
100.000000	0.312974
101.000000	0.278350
102.000000	0.305336
103.000000	0.303300
104.000000	0.244235
105.000000	0.278350
106.000000	0.269185
107.000000	0.235070
108.000000	0.220813
109.000000	0.211648
110.000000	0.207575
111.000000	0.197391
112.000000	0.252382
113.000000	0.296680
114.000000	0.267148
115.000000	0.242708
116.000000	0.293625
117.000000	0.305846
118.000000	0.257983
119.000000	0.305336
120.000000	0.301263
121.000000	0.259511
122.000000	0.299226
123.000000	0.311446
124.000000	0.280896
125.000000	0.322648
126.000000	0.342506
127.000000	0.302281
128.000000	0.256455
129.000000	0.222341
130.000000	0.197900
131.000000	0.187717
132.000000	0.204010
133.000000	0.263075
134.000000	0.359309
135.000000	0.440268
136.000000	0.460126
137.000000	0.421429
138.000000	0.334869
139.000000	0.254928
140.000000	0.235579
141.000000	0.290570
142.000000	0.379676
143.000000	0.450452
144.000000	0.469291
145.000000	0.433140
146.000000	0.356763
147.000000	0.274277
148.000000	0.228960
149.000000	0.230487
150.000000	0.284460
151.000000	0.376621
152.000000	0.448415
153.000000	0.456562
154.000000	0.395461
155.000000	0.307882
156.000000	0.244744
157.000000	0.253400
158.000000	0.336396
159.000000	0.426011
160.000000	0.445869
161.000000	0.386295
162.000000	0.293625
163.000000	0.238125
164.000000	0.262056
165.000000	0.350653
166.000000	0.431612
167.000000	0.438740
168.000000	0.367965
169.000000	0.276313
170.000000	0.244235
171.000000	0.291589
172.000000	0.378149
173.000000	0.443323
174.000000	0.435176
175.000000	0.353199
176.000000	0.266130
177.000000	0.251364
178.000000	0.325194
179.000000	0.412773
180.000000	0.439759
181.000000	0.383240
182.000000	0.282933
183.000000	0.260529
184.000000	0.345052
185.000000	0.418883
186.000000	0.398516
187.000000	0.305336
188.000000	0.248309
189.000000	0.287006
190.000000	0.373566
191.000000	0.433649
192.000000	0.421938
193.000000	0.345052
194.000000	0.265111
195.000000	0.233033
196.000000	0.278350
197.000000	0.349635
198.000000	0.414300
199.000000	0.456562
200.000000	0.460635
201.000000	0.392405
202.000000	0.291589
203.000000	0.252891
204.000000	0.309410
205.000000	0.388332
206.000000	0.441286
207.000000	0.417355
208.000000	0.342506
209.000000	0.264602
210.000000	0.273258
211.000000	0.343015
212.000000	0.417864
213.000000	0.447906
214.000000	0.393933
215.000000	0.298717
216.000000	0.281405
217.000000	0.338433
218.000000	0.402589
219.000000	0.452488
220.000000	0.440268
221.000000	0.332832
222.000000	0.269185
223.000000	0.321121
224.000000	0.408699
225.000000	0.409717
226.000000	0.321121
227.000000	0.256965
228.000000	0.278859
229.000000	0.364401
230.000000	0.429575
231.000000	0.412263
232.000000	0.328249
233.000000	0.261038
234.000000	0.302790
235.000000	0.396479
236.000000	0.424993
237.000000	0.366947
238.000000	0.283442
239.000000	0.260529
240.000000	0.295662
241.000000	0.373566
242.000000	0.438231
243.000000	0.426011
244.000000	0.343015
245.000000	0.267148
246.000000	0.281914
247.000000	0.373057
248.000000	0.434158
249.000000	0.409208
250.000000	0.324176
251.000000	0.265111
252.000000	0.290061
253.000000	0.364401
254.000000	0.432121
255.000000	0.402589
256.000000	0.334359
257.000000	0.295153
258.000000	0.293116
259.000000	0.359309
260.000000	0.421429
261.000000	0.417864
262.000000	0.347598
263.000000	0.270203
264.000000	0.260020
265.000000	0.338942
266.000000	0.418373
267.000000	0.420410
268.000000	0.350144
269.000000	0.272749
270.000000	0.247799
271.000000	0.299735
272.000000	0.387314
273.000000	0.433140
274.000000	0.405644
275.000000	0.321121
276.000000	0.264093
277.000000	0.299226
278.000000	0.385277
279.000000	0.428048
280.000000	0.384259
281.000000	0.298208
282.000000	0.252382
283.000000	0.289552
284.000000	0.374584
285.000000	0.426011
286.000000	0.394442
287.000000	0.311446
288.000000	0.251364
289.000000	0.270203
290.000000	0.357272
291.000000	0.409208
292.000000	0.366947
293.000000	0.281405
294.000000	0.258492
295.000000	0.300245
296.000000	0.380694
297.000000	0.419901
298.000000	0.376621
299.000000	0.297699
300.000000	0.259001
301.000000	0.311956
302.000000	0.392915
303.000000	0.421429
304.000000	0.386295
305.000000	0.305846
306.000000	0.251873
307.000000	0.277332
308.000000	0.356763
309.000000	0.416846
310.000000	0.393933
311.000000	0.309919
312.000000	0.254419
313.000000	0.283951
314.000000	0.368474
315.000000	0.415828
316.000000	0.377639
317.000000	0.294135
318.000000	0.262566
319.000000	0.325194
320.000000	0.400043
321.000000	0.431612
322.000000	0.385277
323.000000	0.296680
324.000000	0.273767
325.000000	0.339451
326.000000	0.409208
327.000000	0.406153
328.000000	0.332832
329.000000	0.265111
330.000000	0.283442
331.000000	0.362364
332.000000	0.420410
333.000000	0.405644
334.000000	0.327740
335.000000	0.264093
336.000000	0.282933
337.000000	0.360837
338.000000	0.416337
339.000000	0.382222
340.000000	0.297190
341.000000	0.264093
342.000000	0.313992
343.000000	0.392915
344.000000	0.411754
345.000000	0.343525
346.000000	0.272240
347.000000	0.271222
348.000000	0.340470
349.000000	0.411754
350.000000	0.405644
351.000000	0.331814
352.000000	0.266130
353.000000	0.273258
354.000000	0.343015
355.000000	0.412773
356.000000	0.414300
357.000000	0.352181
358.000000	0.277332
359.000000	0.266130
360.000000	0.318575
361.000000	0.394442
362.000000	0.431103
363.000000	0.380694
364.000000	0.293116
365.000000	0.271222
366.000000	0.328758
367.000000	0.407681
368.000000	0.412263
369.000000	0.343525
370.000000	0.274786
371.000000	0.276823
372.000000	0.349635
373.000000	0.418883
374.000000	0.420919
375.000000	0.350144
376.000000	0.277332
377.000000	0.260020
378.000000	0.300754
379.000000	0.377639
380.000000	0.428048
381.000000	0.399534
382.000000	0.323667
383.000000	0.264602
384.000000	0.280387
385.000000	0.351162
386.000000	0.416846
387.000000	0.438740
388.000000	0.387314
389.000000	0.304827
390.000000	0.259511
391.000000	0.271731
392.000000	0.344543
393.000000	0.413282
394.000000	0.428557
395.000000	0.380185
396.000000	0.304827
397.000000	0.261038
398.000000	0.287006
399.000000	0.363382
400.000000	0.422956
401.000000	0.425502
402.000000	0.361346
403.000000	0.289552
404.000000	0.249327
405.000000	0.278859
406.000000	0.359818
407.000000	0.419901
408.000000	0.429066
409.000000	0.373057
410.000000	0.295662
411.000000	0.265111
412.000000	0.300245
413.000000	0.365419
414.000000	0.421429
415.000000	0.434667
416.000000	0.387823
417.000000	0.305336
418.000000	0.267148
419.000000	0.302281
420.000000	0.370511
421.000000	0.423974
422.000000	0.434158
423.000000	0.389350
424.000000	0.322139
425.000000	0.265111
426.000000	0.261038
427.000000	0.320102
428.000000	0.390878
429.000000	0.434158
430.000000	0.430594
431.000000	0.377639
432.000000	0.306864
433.000000	0.256965
434.000000	0.248818
435.000000	0.290061
436.000000	0.355745
437.000000	0.414300
438.000000	0.419901
439.000000	0.358800
440.000000	0.292098
441.000000	0.248818
442.000000	0.253400
443.000000	0.305336
444.000000	0.372548
445.000000	0.424993
446.000000	0.443832
447.000000	0.439759
448.000000	0.391387
449.000000	0.310428
450.000000	0.265111
451.000000	0.309410
452.000000	0.382731
453.000000	0.424484
454.000000	0.414300
455.000000	0.364401
456.000000	0.303300
457.000000	0.256965
458.000000	0.255946
459.000000	0.299735
460.000000	0.351162
461.000000	0.400043
462.000000	0.435685
463.000000	0.422447
464.000000	0.388841
465.000000	0.324176
466.000000	0.265111
467.000000	0.261038
468.000000	0.304318
469.000000	0.369493
470.000000	0.420919
471.000000	0.434158
472.000000	0.414300
473.000000	0.361346
474.000000	0.287515
475.000000	0.261038
476.000000	0.296171
477.000000	0.367965
478.000000	0.414809
479.000000	0.403607
480.000000	0.352181
481.000000	0.287515
482.000000	0.250855
483.000000	0.272749
484.000000	0.334359
485.000000	0.399025
486.000000	0.430084
487.000000	0.417864
488.000000	0.377130
489.000000	0.308901
490.000000	0.257983
491.000000	0.263075
492.000000	0.315011
493.000000	0.380185
494.000000	0.421938
495.000000	0.411754
496.000000	0.361855
497.000000	0.300754
498.000000	0.253400
499.000000	0.243726
500.000000	0.273258
501.000000	0.331814
502.000000	0.394442
503.000000	0.421938
504.000000	0.388332
505.000000	0.322139
506.000000	0.266639
507.000000	0.240162
508.000000	0.250855
509.000000	0.303809
510.000000	0.372548
511.000000	0.415318
512.000000	0.396479
513.000000	0.340470
514.000000	0.277332
515.000000	0.246781
516.000000	0.250345
517.000000	0.278859
518.000000	0.323158
519.000000	0.375603
520.000000	0.419392
521.000000	0.434667
522.000000	0.407681
523.000000	0.348107
524.000000	0.282933
525.000000	0.249836
526.000000	0.260020
527.000000	0.315520
528.000000	0.379167
529.000000	0.422447
530.000000	0.426520
531.000000	0.383749
532.000000	0.311956
533.000000	0.260529
534.000000	0.257983
535.000000	0.303809
536.000000	0.373566
537.000000	0.410227
538.000000	0.391896
539.000000	0.331304
540.000000	0.271731
541.000000	0.249836
542.000000	0.282933
543.000000	0.358800
544.000000	0.402080
545.000000	0.380694
546.000000	0.320102
547.000000	0.264093
548.000000	0.252891
549.000000	0.290061
550.000000	0.355236
551.000000	0.408699
552.000000	0.425502
553.000000	0.407172
554.000000	0.345561
555.000000	0.282933
556.000000	0.246781
557.000000	0.247290
558.000000	0.289043
559.000000	0.345052
560.000000	0.400552
561.000000	0.423465
562.000000	0.407172
563.000000	0.351671
564.000000	0.286497
565.000000	0.253910
566.000000	0.283951
567.000000	0.349635
568.000000	0.405135
569.000000	0.428048
570.000000	0.406153
571.000000	0.344543
572.000000	0.280387
573.000000	0.254419
574.000000	0.294135
575.000000	0.363382
576.000000	0.413791
577.000000	0.431612
578.000000	0.408699
579.000000	0.352690
580.000000	0.290570
581.000000	0.254928
582.000000	0.266130
583.000000	0.329268
584.000000	0.393933
585.000000	0.421938
586.000000	0.408190
587.000000	0.354217
588.000000	0.291079
589.000000	0.253910
590.000000	0.267657
591.000000	0.322648
592.000000	0.377639
593.000000	0.419901
594.000000	0.429066
595.000000	0.390369
596.000000	0.325194
597.000000	0.268676
598.000000	0.248309
599.000000	0.272240
600.000000	0.329268
601.000000	0.394442
602.000000	0.412773
603.000000	0.378149
604.000000	0.315520
605.000000	0.263584
606.000000	0.261038
607.000000	0.310937
608.000000	0.377130
609.000000	0.419901
610.000000	0.417355
611.000000	0.367456
612.000000	0.301263
613.000000	0.256965
614.000000	0.258492
615.000000	0.305336
616.000000	0.371529
617.000000	0.418373
618.000000	0.419901
619.000000	0.373057
620.000000	0.305336
621.000000	0.262566
622.000000	0.268167
623.000000	0.315011
624.000000	0.370002
625.000000	0.417864
626.000000	0.414809
627.000000	0.354217
628.000000	0.287006
629.000000	0.253400
630.000000	0.267148
631.000000	0.324685
632.000000	0.389350
633.000000	0.421938
634.000000	0.402080
635.000000	0.340470
636.000000	0.280896
637.000000	0.250855
638.000000	0.265111
639.000000	0.327231
640.000000	0.389350
641.000000	0.427539
642.000000	0.424484
643.000000	0.376112
644.000000	0.310937
645.000000	0.263075
646.000000	0.248818
647.000000	0.272240
648.000000	0.338942
649.000000	0.401571
650.000000	0.433649
651.000000	0.446378
652.000000	0.430084
653.000000	0.384768
654.000000	0.317557
655.000000	0.268167
656.000000	0.271731
657.000000	0.324176
658.000000	0.389350
659.000000	0.424993
660.000000	0.409717
661.000000	0.355236
662.000000	0.291079
663.000000	0.259511
664.000000	0.274786
665.000000	0.332323
666.000000	0.396479
667.000000	0.429575
668.000000	0.424484
669.000000	0.378149
670.000000	0.313992
671.000000	0.266130
672.000000	0.270712
673.000000	0.323667
674.000000	0.390369
675.000000	0.424484
676.000000	0.412773
677.000000	0.364910
678.000000	0.302790
679.000000	0.259511
680.000000	0.256965
681.000000	0.298208
682.000000	0.357782
683.000000	0.412773
684.000000	0.414300
685.000000	0.361855
686.000000	0.299226
687.000000	0.257983
688.000000	0.253910
689.000000	0.294644
690.000000	0.358291
691.000000	0.409717
692.000000	0.432121
693.000000	0.413791
694.000000	0.354217
695.000000	0.288024
696.000000	0.260529
697.000000	0.282933
698.000000	0.336905
699.000000	0.396479
700.000000	0.425502
701.000000	0.406662
702.000000	0.356763
703.000000	0.299226
704.000000	0.262566
705.000000	0.273767
706.000000	0.324176
707.000000	0.385786
708.000000	0.426520
709.000000	0.428557
710.000000	0.388332
711.000000	0.321630
712.000000	0.272240
713.000000	0.276313
714.000000	0.328758
715.000000	0.388841
716.000000	0.427029
717.000000	0.424993
718.000000	0.381713
719.000000	0.325703
720.000000	0.272749
721.000000	0.257983
722.000000	0.286497
723.000000	0.351162
724.000000	0.409717
725.000000	0.428048
726.000000	0.402080
727.000000	0.350144
728.000000	0.293116
729.000000	0.260529
730.000000	0.273258
731.000000	0.313483
732.000000	0.373057
733.000000	0.414300
734.000000	0.400043
735.000000	0.336396
736.000000	0.279878
737.000000	0.263075
738.000000	0.296680
739.000000	0.356763
740.000000	0.411754
741.000000	0.431612
742.000000	0.401061
743.000000	0.340470
744.000000	0.282423
745.000000	0.254419
746.000000	0.264602
747.000000	0.311446
748.000000	0.374075
749.000000	0.421429
750.000000	0.431612
751.000000	0.398006
752.000000	0.329777
753.000000	0.276313
754.000000	0.253400
755.000000	0.276313
756.000000	0.344543
757.000000	0.403607
758.000000	0.433140
759.000000	0.411754
760.000000	0.346580
761.000000	0.287006
762.000000	0.263584
763.000000	0.303809
764.000000	0.375603
765.000000	0.413791
766.000000	0.388332
767.000000	0.330795
768.000000	0.277841
769.000000	0.263075
770.000000	0.302790
771.000000	0.368983
772.000000	0.416846
773.000000	0.410736
774.000000	0.360327
775.000000	0.310937
776.000000	0.266130
777.000000	0.244235
778.000000	0.256455
779.000000	0.300754
780.000000	0.369493
781.000000	0.413282
782.000000	0.396479
783.000000	0.350653
784.000000	0.299226
785.000000	0.261547
786.000000	0.242199
787.000000	0.267657
788.000000	0.320102
789.000000	0.368983
790.000000	0.403607
791.000000	0.399025
792.000000	0.355745
793.000000	0.303809
794.000000	0.262566
795.000000	0.255946
796.000000	0.283442
797.000000	0.333850
798.000000	0.394442
799.000000	0.426520
800.000000	0.414809
801.000000	0.351162
802.000000	0.287006
803.000000	0.267148
804.000000	0.295153
805.000000	0.357782
806.000000	0.413282
807.000000	0.417864
808.000000	0.375093
809.000000	0.312974
810.000000	0.269185
811.000000	0.274277
812.000000	0.324176
813.000000	0.388332
814.000000	0.424993
815.000000	0.411245
816.000000	0.372548
817.000000	0.320102
818.000000	0.271731
819.000000	0.254419
820.000000	0.276313
821.000000	0.322139
822.000000	0.376112
823.000000	0.421938
824.000000	0.438231
825.000000	0.419901
826.000000	0.383749
827.000000	0.325703
828.000000	0.275804
829.000000	0.258492
830.000000	0.288024
831.000000	0.345561
832.000000	0.404117
833.000000	0.421429
834.000000	0.385277
835.000000	0.324176
836.000000	0.274786
837.000000	0.254419
838.000000	0.266130
839.000000	0.309919
840.000000	0.371529
841.000000	0.420919
842.000000	0.430084
843.000000	0.393933
844.000000	0.332323
845.000000	0.278859
846.000000	0.260020
847.000000	0.286497
848.000000	0.345052
849.000000	0.405135
850.000000	0.417864
851.000000	0.381713
852.000000	0.322648
853.000000	0.273258
854.000000	0.250855
855.000000	0.270203
856.000000	0.341997
857.000000	0.399025
858.000000	0.382731
859.000000	0.326722
860.000000	0.281405
861.000000	0.264602
862.000000	0.291589
863.000000	0.339451
864.000000	0.387823
865.000000	0.426520
866.000000	0.435176
867.000000	0.398516
868.000000	0.332323
869.000000	0.278350
870.000000	0.266639
871.000000	0.309919
872.000000	0.373566
873.000000	0.420919
874.000000	0.442814
875.000000	0.433649
876.000000	0.383240
877.000000	0.311446
878.000000	0.271222
879.000000	0.283442
880.000000	0.333850
881.000000	0.390369
882.000000	0.428048
883.000000	0.429575
884.000000	0.383240
885.000000	0.320102
886.000000	0.271731
887.000000	0.263584
888.000000	0.299226
889.000000	0.358800
890.000000	0.411245
891.000000	0.409208
892.000000	0.373057
893.000000	0.324176
894.000000	0.275295
895.000000	0.290570
896.000000	0.361346
897.000000	0.413791
898.000000	0.424993
899.000000	0.382222
900.000000	0.317047
901.000000	0.268676
902.000000	0.265111
903.000000	0.313483
904.000000	0.382731
905.000000	0.421938
906.000000	0.419392
907.000000	0.390878
908.000000	0.349635
909.000000	0.294644
910.000000	0.257983
911.000000	0.265621
912.000000	0.312974
913.000000	0.373057
914.000000	0.419392
915.000000	0.429575
916.000000	0.394442
917.000000	0.332832
918.000000	0.278350
919.000000	0.259511
920.000000	0.279878
921.000000	0.315011
922.000000	0.364401
923.000000	0.413791
924.000000	0.422956
925.000000	0.375093
926.000000	0.304827
927.000000	0.268167
928.000000	0.280896
929.000000	0.338942
930.000000	0.399025
931.000000	0.426011
932.000000	0.409717
933.000000	0.361855
934.000000	0.304318
935.000000	0.263075
936.000000	0.265111
937.000000	0.303809
938.000000	0.364910
939.000000	0.414300
940.000000	0.425502
941.000000	0.393424
942.000000	0.328249
943.000000	0.275295
944.000000	0.265621
945.000000	0.294644
946.000000	0.346580
947.000000	0.402589
948.000000	0.434158
949.000000	0.441796
950.000000	0.418373
951.000000	0.361346
952.000000	0.300245
953.000000	0.269185
954.000000	0.295153
955.000000	0.345561
956.000000	0.398006
957.000000	0.428048
958.000000	0.396479
959.000000	0.334359
960.000000	0.278859
961.000000	0.266639
962.000000	0.282933
963.000000	0.331304
964.000000	0.386805
965.000000	0.423974
966.000000	0.426520
967.000000	0.401061
968.000000	0.344543
969.000000	0.285988
970.000000	0.264602
971.000000	0.305336
972.000000	0.371020
973.000000	0.417864
974.000000	0.423974
975.000000	0.391896
976.000000	0.330795
977.000000	0.278350
978.000000	0.259001
979.000000	0.285988
980.000000	0.339960
981.000000	0.398006
982.000000	0.428048
983.000000	0.416337
984.000000	0.364910
985.000000	0.303300
986.000000	0.268167
987.000000	0.285479
988.000000	0.329777
989.000000	0.376112
990.000000	0.417355
991.000000	0.408699
992.000000	0.335378
993.000000	0.277332
994.000000	0.259001
995.000000	0.282933
996.000000	0.339451
997.000000	0.394951
998.000000	0.429066
999.000000	0.437213
1000.000000	0.412773
1001.000000	0.357272
1002.000000	0.292607
1003.000000	0.265621
1004.000000	0.268676
1005.000000	0.302790
1006.000000	0.355745
1007.000000	0.406153
1008.000000	0.420410
1009.000000	0.375603
1010.000000	0.307882
1011.000000	0.270712
1012.000000	0.295662
1013.000000	0.354217
1014.000000	0.406153
1015.000000	0.423974
1016.000000	0.402589
1017.000000	0.354217
1018.000000	0.299735
1019.000000	0.260529
1020.000000	0.250345
1021.000000	0.280387
1022.000000	0.352690
1023.000000	0.407681
1024.000000	0.430084
1025.000000	0.419901
1026.000000	0.385277
1027.000000	0.333341
1028.000000	0.280896
1029.000000	0.259001
1030.000000	0.279368
1031.000000	0.320102
1032.000000	0.368983
1033.000000	0.412263
1034.000000	0.437722
1035.000000	0.439759
1036.000000	0.423465
1037.000000	0.385786
1038.000000	0.327740
1039.000000	0.280896
1040.000000	0.253910
1041.000000	0.261038
1042.000000	0.298208
1043.000000	0.346580
1044.000000	0.399025
1045.000000	0.425502
1046.000000	0.415828
1047.000000	0.380694
1048.000000	0.326722
1049.000000	0.275804
1050.000000	0.252382
1051.000000	0.261038
1052.000000	0.300245
1053.000000	0.351671
1054.000000	0.394442
1055.000000	0.425502
1056.000000	0.432630
1057.000000	0.395461
1058.000000	0.336396
1059.000000	0.281914
1060.000000	0.271731
1061.000000	0.302790
1062.000000	0.352181
1063.000000	0.403607
1064.000000	0.414809
1065.000000	0.376112
1066.000000	0.317047
1067.000000	0.269185
1068.000000	0.252891
1069.000000	0.265111
1070.000000	0.305336
1071.000000	0.354726
1072.000000	0.403098
1073.000000	0.420919
1074.000000	0.407681
1075.000000	0.376621
1076.000000	0.346580
1077.000000	0.293625
1078.000000	0.260020
1079.000000	0.274277
1080.000000	0.319593
1081.000000	0.375093
1082.000000	0.415828
1083.000000	0.424993
1084.000000	0.405644
1085.000000	0.365928
1086.000000	0.306355
1087.000000	0.267148
1088.000000	0.279878
1089.000000	0.349126
1090.000000	0.402589
1091.000000	0.426011
1092.000000	0.416846
1093.000000	0.376112
1094.000000	0.325703
1095.000000	0.278859
1096.000000	0.251364
1097.000000	0.244744
1098.000000	0.262056
1099.000000	0.304827
1100.000000	0.357782
1101.000000	0.403607
1102.000000	0.430084
1103.000000	0.429066
1104.000000	0.404626
1105.000000	0.349126
1106.000000	0.296171
1107.000000	0.259511
1108.000000	0.254419
1109.000000	0.280387
1110.000000	0.319084
1111.000000	0.357782
1112.000000	0.389860
1113.000000	0.419392
1114.000000	0.439759
1115.000000	0.436195
1116.000000	0.395461
1117.000000	0.336396
1118.000000	0.288024
1119.000000	0.255437
1120.000000	0.244235
1121.000000	0.265621
1122.000000	0.310937
1123.000000	0.365928
1124.000000	0.410227
1125.000000	0.420410
1126.000000	0.383749
1127.000000	0.317557
1128.000000	0.269694
1129.000000	0.260529
1130.000000	0.297190
1131.000000	0.355745
1132.000000	0.406153
1133.000000	0.414809
1134.000000	0.385786
1135.000000	0.336396
1136.000000	0.297699
1137.000000	0.266130
1138.000000	0.246781
1139.000000	0.259001
1140.000000	0.291589
1141.000000	0.335887
1142.000000	0.375093
1143.000000	0.411754
1144.000000	0.429575
1145.000000	0.419392
1146.000000	0.397497
1147.000000	0.364910
1148.000000	0.313992
1149.000000	0.268167
1150.000000	0.254928
1151.000000	0.277841
1152.000000	0.316029
1153.000000	0.366437
1154.000000	0.407681
1155.000000	0.432121
1156.000000	0.429575
1157.000000	0.401571
1158.000000	0.360837
1159.000000	0.317557
1160.000000	0.275295
1161.000000	0.247290
1162.000000	0.242708
1163.000000	0.271222
1164.000000	0.317557
1165.000000	0.372038
1166.000000	0.415828
1167.000000	0.432630
1168.000000	0.415828
1169.000000	0.363892
1170.000000	0.307882
1171.000000	0.266639
1172.000000	0.269694
1173.000000	0.294644
1174.000000	0.325194
1175.000000	0.366947
1176.000000	0.408699
1177.000000	0.433649
1178.000000	0.433140
1179.000000	0.406153
1180.000000	0.359309
1181.000000	0.313483
1182.000000	0.271731
1183.000000	0.247290
1184.000000	0.258492
1185.000000	0.295153
1186.000000	0.352181
1187.000000	0.399025
1188.000000	0.428048
1189.000000	0.435685
1190.000000	0.419901
1191.000000	0.383240
1192.000000	0.328249
1193.000000	0.277332
1194.000000	0.256455
1195.000000	0.269185
1196.000000	0.306864
1197.000000	0.367456
1198.000000	0.401571
1199.000000	0.403607
1200.000000	0.384768
1201.000000	0.353708
1202.000000	0.309919
1203.000000	0.270203
1204.000000	0.243726
1205.000000	0.244744
1206.000000	0.304318
1207.000000	0.370002
1208.000000	0.411754
1209.000000	0.422447
1210.000000	0.409717
1211.000000	0.404626
1212.000000	0.383749
1213.000000	0.347598
1214.000000	0.305336
1215.000000	0.262566
1216.000000	0.247290
1217.000000	0.259001
1218.000000	0.297190
1219.000000	0.343015
1220.000000	0.389350
1221.000000	0.421938
1222.000000	0.429575
1223.000000	0.413791
1224.000000	0.376621
1225.000000	0.322139
1226.000000	0.273258
1227.000000	0.252382
1228.000000	0.269694
1229.000000	0.313992
1230.000000	0.363892
1231.000000	0.406153
1232.000000	0.430594
1233.000000	0.427539
1234.000000	0.415828
1235.000000	0.365928
1236.000000	0.304827
1237.000000	0.262566
1238.000000	0.251873
1239.000000	0.266639
1240.000000	0.316538
1241.000000	0.365928
1242.000000	0.406662
1243.000000	0.431103
1244.000000	0.427539
1245.000000	0.385786
1246.000000	0.333341
1247.000000	0.280896
1248.000000	0.254419
1249.000000	0.249836
1250.000000	0.281914
1251.000000	0.321630
1252.000000	0.360837
1253.000000	0.402080
1254.000000	0.409717
1255.000000	0.393424
1256.000000	0.355236
1257.000000	0.315011
1258.000000	0.273767
1259.000000	0.251364
1260.000000	0.269185
1261.000000	0.329268
1262.000000	0.387314
1263.000000	0.420410
1264.000000	0.427539
1265.000000	0.414300
1266.000000	0.389350
1267.000000	0.375093
1268.000000	0.341997
1269.000000	0.295153
1270.000000	0.259001
1271.000000	0.246781
1272.000000	0.263584
1273.000000	0.294135
1274.000000	0.339960
1275.000000	0.386805
1276.000000	0.421429
1277.000000	0.424484
1278.000000	0.389350
1279.000000	0.335378
1280.000000	0.284969
1281.000000	0.253910
1282.000000	0.248818
1283.000000	0.269185
1284.000000	0.303809
1285.000000	0.345052
1286.000000	0.386295
1287.000000	0.417355
1288.000000	0.436195
1289.000000	0.437213
1290.000000	0.413282
1291.000000	0.367456
1292.000000	0.311446
1293.000000	0.266639
1294.000000	0.255437
1295.000000	0.275804
1296.000000	0.320102
1297.000000	0.369493
1298.000000	0.410227
1299.000000	0.426011
1300.000000	0.403098
1301.000000	0.349126
1302.000000	0.294644
1303.000000	0.256965
1304.000000	0.250345
1305.000000	0.272749
1306.000000	0.322139
1307.000000	0.371020
1308.000000	0.404626
1309.000000	0.429066
1310.000000	0.435685
1311.000000	0.417355
1312.000000	0.368983
1313.000000	0.316538
1314.000000	0.270203
1315.000000	0.246781
1316.000000	0.254419
1317.000000	0.288024
1318.000000	0.332832
1319.000000	0.375093
1320.000000	0.412773
1321.000000	0.426520
1322.000000	0.402080
1323.000000	0.350653
1324.000000	0.295153
1325.000000	0.256455
1326.000000	0.250855
1327.000000	0.269694
1328.000000	0.299226
1329.000000	0.345052
1330.000000	0.386295
1331.000000	0.416846
1332.000000	0.434158
1333.000000	0.433140
1334.000000	0.414300
1335.000000	0.381713
1336.000000	0.333341
1337.000000	0.282933
1338.000000	0.251873
1339.000000	0.246272
1340.000000	0.268676
1341.000000	0.315520
1342.000000	0.366947
1343.000000	0.410227
1344.000000	0.422447
1345.000000	0.405644
1346.000000	0.363892
1347.000000	0.311956
1348.000000	0.268676
1349.000000	0.248309
1350.000000	0.277841
1351.000000	0.342506
1352.000000	0.395970
1353.000000	0.409208
1354.000000	0.390878
1355.000000	0.349635
1356.000000	0.298717
1357.000000	0.261038
1358.000000	0.248818
1359.000000	0.270712
1360.000000	0.306864
1361.000000	0.332323
1362.000000	0.344543
1363.000000	0.370002
1364.000000	0.407681
1365.000000	0.410227
1366.000000	0.379167
1367.000000	0.324176
1368.000000	0.273767
1369.000000	0.252891
1370.000000	0.251364
1371.000000	0.266130
1372.000000	0.304318
1373.000000	0.357272
1374.000000	0.401571
1375.000000	0.424993
1376.000000	0.427029
1377.000000	0.395970
1378.000000	0.350144
1379.000000	0.297699
1380.000000	0.260020
1381.000000	0.244744
1382.000000	0.255437
1383.000000	0.300245
1384.000000	0.353708
1385.000000	0.399534
1386.000000	0.424484
1387.000000	0.417864
1388.000000	0.385277
1389.000000	0.340470
1390.000000	0.296680
1391.000000	0.263075
1392.000000	0.240671
1393.000000	0.240671
1394.000000	0.262566
1395.000000	0.291079
1396.000000	0.331304
1397.000000	0.376621
1398.000000	0.412263
1399.000000	0.429575
1400.000000	0.414300
1401.000000	0.374075
1402.000000	0.324176
1403.000000	0.276313
1404.000000	0.247799
1405.000000	0.247290
1406.000000	0.284969
1407.000000	0.343015
1408.000000	0.395461
1409.000000	0.419901
1410.000000	0.419392
1411.000000	0.401571
1412.000000	0.368474
1413.000000	0.320612
1414.000000	0.277332
1415.000000	0.248818
1416.000000	0.252891
1417.000000	0.297190
1418.000000	0.357782
1419.000000	0.404626
1420.000000	0.422447
1421.000000	0.412263
1422.000000	0.379167
1423.000000	0.325703
1424.000000	0.275295
1425.000000	0.248818
1426.000000	0.254419
1427.000000	0.290061
1428.000000	0.324176
1429.000000	0.361346
1430.000000	0.398006
1431.000000	0.424484
1432.000000	0.427539
1433.000000	0.392405
1434.000000	0.339960
1435.000000	0.287515
1436.000000	0.252891
1437.000000	0.250345
1438.000000	0.278350
1439.000000	0.327740
1440.000000	0.372038
1441.000000	0.409717
1442.000000	0.424993
1443.000000	0.418883
1444.000000	0.381204
1445.000000	0.327740
1446.000000	0.276823
1447.000000	0.249327
1448.000000	0.247799
1449.000000	0.266130
1450.000000	0.309919
1451.000000	0.365419
1452.000000	0.406153
1453.000000	0.427539
1454.000000	0.426011
1455.000000	0.411245
1456.000000	0.383240
1457.000000	0.331304
1458.000000	0.280896
1459.000000	0.252891
1460.000000	0.271731
1461.000000	0.304827
1462.000000	0.343525
1463.000000	0.388841
1464.000000	0.417864
1465.000000	0.435176
1466.000000	0.431103
1467.000000	0.396988
1468.000000	0.344034
1469.000000	0.289552
1470.000000	0.260529
1471.000000	0.272240
1472.000000	0.316538
1473.000000	0.357272
1474.000000	0.401061
1475.000000	0.413282
1476.000000	0.408699
1477.000000	0.377639
1478.000000	0.327740
1479.000000	0.279878
1480.000000	0.249836
1481.000000	0.245763
1482.000000	0.285479
1483.000000	0.336905
1484.000000	0.384768
1485.000000	0.417864
1486.000000	0.429575
1487.000000	0.421429
1488.000000	0.389860
1489.000000	0.340979
1490.000000	0.293116
1491.000000	0.257983
1492.000000	0.244744
1493.000000	0.277332
1494.000000	0.328758
1495.000000	0.371020
1496.000000	0.403607
1497.000000	0.428048
1498.000000	0.418373
1499.000000	0.396988
1500.000000	0.363382
1501.000000	0.299735
1502.000000	0.266639
1503.000000	0.280387
1504.000000	0.313992
1505.000000	0.362873
1506.000000	0.406153
1507.000000	0.415828
1508.000000	0.386805
1509.000000	0.339451
1510.000000	0.290570
1511.000000	0.257474
1512.000000	0.251364
1513.000000	0.257983
1514.000000	0.265111
1515.000000	0.286497
1516.000000	0.341997
1517.000000	0.384259
1518.000000	0.412263
1519.000000	0.430594
1520.000000	0.431612
1521.000000	0.418883
1522.000000	0.390878
1523.000000	0.350653
1524.000000	0.307882
1525.000000	0.269694
1526.000000	0.249836
1527.000000	0.275804
1528.000000	0.334359
1529.000000	0.391387
1530.000000	0.408699
1531.000000	0.389350
1532.000000	0.344034
1533.000000	0.293625
1534.000000	0.256965
1535.000000	0.252891
1536.000000	0.274786
1537.000000	0.316029
1538.000000	0.363382
1539.000000	0.403607
1540.000000	0.426011
1541.000000	0.428048
1542.000000	0.401061
1543.000000	0.350144
1544.000000	0.301263
1545.000000	0.260529
1546.000000	0.240162
1547.000000	0.230487
1548.000000	0.242708
1549.000000	0.276823
1550.000000	0.329777
1551.000000	0.380694
1552.000000	0.415318
1553.000000	0.417864
1554.000000	0.395461
1555.000000	0.340470
1556.000000	0.289552
1557.000000	0.254419
1558.000000	0.254928
1559.000000	0.287515
1560.000000	0.333850
1561.000000	0.382222
1562.000000	0.417355
1563.000000	0.423465
1564.000000	0.399534
1565.000000	0.359309
1566.000000	0.310937
1567.000000	0.270712
1568.000000	0.244235
1569.000000	0.239653
1570.000000	0.266639
1571.000000	0.316538
1572.000000	0.365928
1573.000000	0.405135
1574.000000	0.424993
1575.000000	0.415318
1576.000000	0.379167
1577.000000	0.329268
1578.000000	0.279878
1579.000000	0.250855
1580.000000	0.244744
1581.000000	0.261038
1582.000000	0.289043
1583.000000	0.327740
1584.000000	0.372038
1585.000000	0.409717
1586.000000	0.423465
1587.000000	0.408699
1588.000000	0.371020
1589.000000	0.323158
1590.000000	0.274786
1591.000000	0.251364
1592.000000	0.256965
1593.000000	0.290570
1594.000000	0.340470
1595.000000	0.384768
1596.000000	0.415828
1597.000000	0.431612
1598.000000	0.429575
1599.000000	0.412773
1600.000000	0.376621
1601.000000	0.325703
1602.000000	0.276823
1603.000000	0.249327
1604.000000	0.246272
1605.000000	0.273767
1606.000000	0.323667
1607.000000	0.370511
1608.000000	0.409208
1609.000000	0.425502
1610.000000	0.423465
1611.000000	0.401061
1612.000000	0.365419
1613.000000	0.319084
1614.000000	0.276823
1615.000000	0.249836
1616.000000	0.250855
1617.000000	0.275804
1618.000000	0.320102
1619.000000	0.371020
1620.000000	0.408699
1621.000000	0.414300
1622.000000	0.389350
1623.000000	0.328758
1624.000000	0.276823
1625.000000	0.268167
1626.000000	0.321630
1627.000000	0.382222
1628.000000	0.417864
1629.000000	0.428048
1630.000000	0.411754
1631.000000	0.359818
1632.000000	0.302281
1633.000000	0.263075
1634.000000	0.245254
1635.000000	0.250855
1636.000000	0.281405
1637.000000	0.334359
1638.000000	0.380185
1639.000000	0.412773
1640.000000	0.430594
1641.000000	0.417355
1642.000000	0.379167
1643.000000	0.330286
1644.000000	0.280387
1645.000000	0.250855
1646.000000	0.250855
1647.000000	0.273258
1648.000000	0.321630
1649.000000	0.364401
1650.000000	0.404626
1651.000000	0.423974
1652.000000	0.413282
1653.000000	0.377130
1654.000000	0.331304
1655.000000	0.282933
1656.000000	0.251364
1657.000000	0.240162
1658.000000	0.263584
1659.000000	0.309919
1660.000000	0.362873
1661.000000	0.404117
1662.000000	0.422447
1663.000000	0.408190
1664.000000	0.371529
1665.000000	0.327740
1666.000000	0.285988
1667.000000	0.254928
1668.000000	0.244744
1669.000000	0.266130
1670.000000	0.317557
1671.000000	0.367456
1672.000000	0.407172
1673.000000	0.425502
1674.000000	0.424484
1675.000000	0.409717
1676.000000	0.381204
1677.000000	0.331814
1678.000000	0.286497
1679.000000	0.254928
1680.000000	0.253400
1681.000000	0.278350
1682.000000	0.304318
1683.000000	0.349126
1684.000000	0.396479
1685.000000	0.417355
1686.000000	0.408190
1687.000000	0.360327
1688.000000	0.300245
1689.000000	0.259001
1690.000000	0.246781
1691.000000	0.261038
1692.000000	0.298717
1693.000000	0.347598
1694.000000	0.392915
1695.000000	0.422956
1696.000000	0.430084
1697.000000	0.414300
1698.000000	0.376112
1699.000000	0.319084
1700.000000	0.270712
1701.000000	0.250345
1702.000000	0.256455
1703.000000	0.283442
1704.000000	0.336905
1705.000000	0.390369
1706.000000	0.422447
1707.000000	0.429066
1708.000000	0.400552
1709.000000	0.352181
1710.000000	0.298208
1711.000000	0.260529
1712.000000	0.248309
1713.000000	0.264093
1714.000000	0.305846
1715.000000	0.358291
1716.000000	0.396988
1717.000000	0.423974
1718.000000	0.430084
1719.000000	0.416337
1720.000000	0.390369
1721.000000	0.351162
1722.000000	0.296680
1723.000000	0.260529
1724.000000	0.261038
1725.000000	0.279878
1726.000000	0.313483
1727.000000	0.354726
1728.000000	0.399025
1729.000000	0.423974
1730.000000	0.422447
1731.000000	0.396988
1732.000000	0.356254
1733.000000	0.313992
1734.000000	0.274277
1735.000000	0.249836
1736.000000	0.243726
1737.000000	0.263075
1738.000000	0.315520
1739.000000	0.373057
1740.000000	0.412263
1741.000000	0.423465
1742.000000	0.394442
1743.000000	0.334359
1744.000000	0.284460
1745.000000	0.253910
1746.000000	0.248818
1747.000000	0.267657
1748.000000	0.296171
1749.000000	0.324685
1750.000000	0.368983
1751.000000	0.408699
1752.000000	0.425502
1753.000000	0.414300
1754.000000	0.366437
1755.000000	0.305336
1756.000000	0.264093
1757.000000	0.245763
1758.000000	0.248309
1759.000000	0.270203
1760.000000	0.312465
1761.000000	0.349635
1762.000000	0.387314
1763.000000	0.419901
1764.000000	0.437213
1765.000000	0.433140
1766.000000	0.407172
1767.000000	0.361346
1768.000000	0.305846
1769.000000	0.266639
1770.000000	0.248309
1771.000000	0.255437
1772.000000	0.288024
1773.000000	0.337414
1774.000000	0.391387
1775.000000	0.420919
1776.000000	0.412263
1777.000000	0.364910
1778.000000	0.311956
1779.000000	0.271222
1780.000000	0.249327
1781.000000	0.250345
1782.000000	0.272749
1783.000000	0.313992
1784.000000	0.351671
1785.000000	0.396988
1786.000000	0.422956
1787.000000	0.419392
1788.000000	0.383749
1789.000000	0.338942
1790.000000	0.293625
1791.000000	0.260529
1792.000000	0.255946
1793.000000	0.281405
1794.000000	0.317557
1795.000000	0.362364
1796.000000	0.405135
1797.000000	0.426520
1798.000000	0.412773
1799.000000	0.374584
1800.000000	0.321121
1801.000000	0.277841
1802.000000	0.251364
1803.000000	0.257474
1804.000000	0.282933
1805.000000	0.325703
1806.000000	0.370511
1807.000000	0.407172
1808.000000	0.429575
1809.000000	0.428048
1810.000000	0.396479
1811.000000	0.352690
1812.000000	0.306355
1813.000000	0.267148
1814.000000	0.261547
1815.000000	0.287515
1816.000000	0.319593
1817.000000	0.358291
1818.000000	0.401061
1819.000000	0.426520
1820.000000	0.431103
1821.000000	0.407172
1822.000000	0.355745
1823.000000	0.307373
1824.000000	0.270712
1825.000000	0.248818
1826.000000	0.251873
1827.000000	0.280387
1828.000000	0.329777
1829.000000	0.379167
1830.000000	0.415828
1831.000000	0.433140
1832.000000	0.435685
1833.000000	0.418373
1834.000000	0.375603
1835.000000	0.317047
1836.000000	0.274786
1837.000000	0.282423
1838.000000	0.321630
1839.000000	0.358800
1840.000000	0.401571
1841.000000	0.425502
1842.000000	0.405644
1843.000000	0.355745
1844.000000	0.309410
1845.000000	0.269185
1846.000000	0.262056
1847.000000	0.298717
1848.000000	0.353708
1849.000000	0.401571
1850.000000	0.427539
1851.000000	0.438231
1852.000000	0.435685
1853.000000	0.430084
1854.000000	0.415318
1855.000000	0.378149
1856.000000	0.331304
1857.000000	0.292098
1858.000000	0.261038
1859.000000	0.247799
1860.000000	0.264093
1861.000000	0.308901
1862.000000	0.364910
1863.000000	0.411754
1864.000000	0.427539
1865.000000	0.412773
1866.000000	0.372548
1867.000000	0.317047
1868.000000	0.274786
1869.000000	0.251873
1870.000000	0.253910
1871.000000	0.273258
1872.000000	0.306355
1873.000000	0.353708
1874.000000	0.401061
1875.000000	0.428048
1876.000000	0.424993
1877.000000	0.387314
1878.000000	0.330286
1879.000000	0.284460
1880.000000	0.256455
1881.000000	0.254419
1882.000000	0.282933
1883.000000	0.335378
1884.000000	0.385277
1885.000000	0.420919
1886.000000	0.437722
1887.000000	0.436195
1888.000000	0.407681
1889.000000	0.352181
1890.000000	0.299735
1891.000000	0.265111
1892.000000	0.255437
1893.000000	0.278350
1894.000000	0.316029
1895.000000	0.362364
1896.000000	0.394442
1897.000000	0.424993
1898.000000	0.429575
1899.000000	0.398006
1900.000000	0.354217
1901.000000	0.303300
1902.000000	0.265621
1903.000000	0.251364
1904.000000	0.247799
1905.000000	0.261038
1906.000000	0.290061
1907.000000	0.332323
1908.000000	0.383240
1909.000000	0.418373
1910.000000	0.422447
1911.000000	0.396479
1912.000000	0.360837
1913.000000	0.312465
1914.000000	0.272240
1915.000000	0.260020
1916.000000	0.283442
1917.000000	0.326722
1918.000000	0.379167
1919.000000	0.417355
1920.000000	0.426520
1921.000000	0.415828
1922.000000	0.390369
1923.000000	0.356254
1924.000000	0.311446
1925.000000	0.275295
1926.000000	0.252891
1927.000000	0.248309
1928.000000	0.259001
1929.000000	0.298717
1930.000000	0.350653
1931.000000	0.401571
1932.000000	0.429066
1933.000000	0.431103
1934.000000	0.414809
1935.000000	0.386295
1936.000000	0.334359
1937.000000	0.285479
1938.000000	0.256965
1939.000000	0.248818
1940.000000	0.260529
1941.000000	0.297190
1942.000000	0.343525
1943.000000	0.389860
1944.000000	0.423974
1945.000000	0.435685
1946.000000	0.413282
1947.000000	0.367456
1948.000000	0.316029
1949.000000	0.276313
1950.000000	0.254419
1951.000000	0.268167
1952.000000	0.294135
1953.000000	0.336905
1954.000000	0.389860
1955.000000	0.423465
1956.000000	0.430084
1957.000000	0.406153
1958.000000	0.359818
1959.000000	0.317047
1960.000000	0.275804
1961.000000	0.261038
1962.000000	0.281405
1963.000000	0.326213
1964.000000	0.374584
1965.000000	0.412263
1966.000000	0.433140
1967.000000	0.432630
1968.000000	0.416846
1969.000000	0.375603
1970.000000	0.332323
1971.000000	0.295662
1972.000000	0.272749
1973.000000	0.251873
1974.000000	0.244744
1975.000000	0.253910
1976.000000	0.284460
1977.000000	0.328249
1978.000000	0.377130
1979.000000	0.415828
1980.000000	0.432630
1981.000000	0.428048
1982.000000	0.399534
1983.000000	0.358291
1984.000000	0.316538
1985.000000	0.285479
1986.000000	0.261038
1987.000000	0.247290
1988.000000	0.252891
1989.000000	0.277332
1990.000000	0.321630
1991.000000	0.372548
1992.000000	0.412263
1993.000000	0.432121
1994.000000	0.428048
1995.000000	0.407172
1996.000000	0.364401
1997.000000	0.320102
1998.000000	0.281914
1999.000000	0.257983
2000.000000	0.264093
2001.000000	0.307882
2002.000000	0.354217
2003.000000	0.401571
2004.000000	0.428048
2005.000000	0.433140
2006.000000	0.415318
2007.000000	0.377130
2008.000000	0.332832
2009.000000	0.297190
2010.000000	0.267148
2011.000000	0.253400
2012.000000	0.257474
2013.000000	0.287006
2014.000000	0.334869
2015.000000	0.383240
2016.000000	0.420410
2017.000000	0.439250
2018.000000	0.444341
2019.000000	0.440268
2020.000000	0.420410
2021.000000	0.378658
2022.000000	0.322139
2023.000000	0.279878
2024.000000	0.258492
2025.000000	0.260020
2026.000000	0.279878
2027.000000	0.317047
2028.000000	0.360837
2029.000000	0.403607
2030.000000	0.430084
2031.000000	0.434667
2032.000000	0.414300
2033.000000	0.382222
2034.000000	0.347089
2035.000000	0.320102
2036.000000	0.290570
2037.000000	0.262566
2038.000000	0.247799
2039.000000	0.255437
2040.000000	0.293116
2041.000000	0.337414
2042.000000	0.370002
2043.000000	0.403607
2044.000000	0.430084
2045.000000	0.442814
2046.000000	0.433140
2047.000000	0.399025
2048.000000	0.350144
2049.000000	0.301263
2050.000000	0.268167
2051.000000	0.248818
2052.000000	0.246781
2053.000000	0.259511
2054.000000	0.291079
2055.000000	0.341997
2056.000000	0.391387
2057.000000	0.423974
2058.000000	0.431612
2059.000000	0.413282
2060.000000	0.380694
2061.000000	0.366947
2062.000000	0.342506
2063.000000	0.311446
2064.000000	0.274277
2065.000000	0.253910
2066.000000	0.264602
2067.000000	0.302790
2068.000000	0.341997
2069.000000	0.370511
2070.000000	0.396988
2071.000000	0.424484
2072.000000	0.427029
2073.000000	0.390878
2074.000000	0.342506
2075.000000	0.304318
2076.000000	0.275804
2077.000000	0.254928
2078.000000	0.243726
2079.000000	0.241180
2080.000000	0.242708
2081.000000	0.251873
2082.000000	0.278350
2083.000000	0.312465
2084.000000	0.335887
2085.000000	0.365928
2086.000000	0.391387
2087.000000	0.413791
2088.000000	0.432630
2089.000000	0.436704
2090.000000	0.403607
2091.000000	0.351162
2092.000000	0.321121
2093.000000	0.308901
2094.000000	0.287006
2095.000000	0.259511
2096.000000	0.250345
2097.000000	0.256965
2098.000000	0.307373
2099.000000	0.373057
2100.000000	0.413282
2101.000000	0.422447
2102.000000	0.416846
2103.000000	0.385277
2104.000000	0.340470
2105.000000	0.294644
2106.000000	0.264093
2107.000000	0.254419
2108.000000	0.262056
2109.000000	0.280896
2110.000000	0.308391
2111.000000	0.351671
2112.000000	0.392915
2113.000000	0.423465
2114.000000	0.438231
2115.000000	0.436195
2116.000000	0.423465
2117.000000	0.393933
2118.000000	0.353199
2119.000000	0.307882
2120.000000	0.272749
2121.000000	0.254928
2122.000000	0.261038
2123.000000	0.284460
2124.000000	0.319084
2125.000000	0.361346
2126.000000	0.395461
2127.000000	0.421938
2128.000000	0.434158
2129.000000	0.431103
2130.000000	0.415828
2131.000000	0.398006
2132.000000	0.370511
2133.000000	0.328758
2134.000000	0.293116
2135.000000	0.265111
2136.000000	0.251873
2137.000000	0.242199
2138.000000	0.242199
2139.000000	0.257983
2140.000000	0.286497
2141.000000	0.325194
2142.000000	0.365928
2143.000000	0.399534
2144.000000	0.427539
2145.000000	0.440777
2146.000000	0.432630
2147.000000	0.397497
2148.000000	0.351162
2149.000000	0.314502
2150.000000	0.275295
2151.000000	0.260020
2152.000000	0.279368
2153.000000	0.315011
2154.000000	0.344543
2155.000000	0.371529
2156.000000	0.401571
2157.000000	0.428048
2158.000000	0.441286
2159.000000	0.444851
2160.000000	0.430084
2161.000000	0.394951
2162.000000	0.353708
2163.000000	0.312465
2164.000000	0.278350
2165.000000	0.255437
2166.000000	0.254419
2167.000000	0.273258
2168.000000	0.303809
2169.000000	0.337924
2170.000000	0.378149
2171.000000	0.415318
2172.000000	0.412773
2173.000000	0.386805
2174.000000	0.357782
2175.000000	0.328249
2176.000000	0.292098
2177.000000	0.262056
2178.000000	0.255946
2179.000000	0.274277
2180.000000	0.307882
2181.000000	0.339960
2182.000000	0.371529
2183.000000	0.408190
2184.000000	0.415318
2185.000000	0.399025
2186.000000	0.367456
2187.000000	0.326213
2188.000000	0.290570
2189.000000	0.263075
2190.000000	0.246781
2191.000000	0.241689
2192.000000	0.248818
2193.000000	0.267148
2194.000000	0.297699
2195.000000	0.324685
2196.000000	0.362364
2197.000000	0.399534
2198.000000	0.423974
2199.000000	0.420919
2200.000000	0.389350
2201.000000	0.346580
2202.000000	0.305336
2203.000000	0.272240
2204.000000	0.251364
2205.000000	0.247290
2206.000000	0.257474
2207.000000	0.283442
2208.000000	0.312974
2209.000000	0.347598
2210.000000	0.381713
2211.000000	0.409208
2212.000000	0.429575
2213.000000	0.437213
2214.000000	0.429066
2215.000000	0.416337
2216.000000	0.395970
2217.000000	0.356254
2218.000000	0.311956
2219.000000	0.277841
2220.000000	0.256455
2221.000000	0.245254
2222.000000	0.257983
2223.000000	0.291589
2224.000000	0.344034
2225.000000	0.391896
2226.000000	0.422447
2227.000000	0.437213
2228.000000	0.431612
2229.000000	0.390878
2230.000000	0.334869
2231.000000	0.287515
2232.000000	0.267148
2233.000000	0.294644
2234.000000	0.338433
2235.000000	0.362364
2236.000000	0.386295
2237.000000	0.410227
2238.000000	0.428048
2239.000000	0.438740
2240.000000	0.435685
2241.000000	0.429575
2242.000000	0.419392
2243.000000	0.356254
2244.000000	0.293625
2245.000000	0.265621
2246.000000	0.259511
2247.000000	0.273767
2248.000000	0.287515
2249.000000	0.323158
2250.000000	0.354217
2251.000000	0.390878
2252.000000	0.419901
2253.000000	0.432630
2254.000000	0.422956
2255.000000	0.402589
2256.000000	0.376621
2257.000000	0.347598
2258.000000	0.306355
2259.000000	0.271731
2260.000000	0.251873
2261.000000	0.251873
2262.000000	0.276313
2263.000000	0.327740
2264.000000	0.375603
2265.000000	0.412773
2266.000000	0.429575
2267.000000	0.429575
2268.000000	0.411245
2269.000000	0.380185
2270.000000	0.334359
2271.000000	0.288534
2272.000000	0.260020
2273.000000	0.248309
2274.000000	0.259001
2275.000000	0.284969
2276.000000	0.315520
2277.000000	0.355745
2278.000000	0.390369
2279.000000	0.415318
2280.000000	0.434158
2281.000000	0.437722
2282.000000	0.422956
2283.000000	0.399025
2284.000000	0.361346
2285.000000	0.316538
2286.000000	0.283951
2287.000000	0.260020
2288.000000	0.254928
2289.000000	0.280387
2290.000000	0.317557
2291.000000	0.360327
2292.000000	0.403098
2293.000000	0.427029
2294.000000	0.437722
2295.000000	0.434158
2296.000000	0.422956
2297.000000	0.407681
2298.000000	0.387314
2299.000000	0.350653
2300.000000	0.305846
2301.000000	0.269185
2302.000000	0.252891
2303.000000	0.266130
2304.000000	0.296171
2305.000000	0.339451
2306.000000	0.384768
2307.000000	0.416337
2308.000000	0.423465
2309.000000	0.406153
2310.000000	0.375093
2311.000000	0.332832
2312.000000	0.292607
2313.000000	0.262566
2314.000000	0.248818
2315.000000	0.249836
2316.000000	0.259001
2317.000000	0.264602
2318.000000	0.278350
2319.000000	0.303300
2320.000000	0.338433
2321.000000	0.368474
2322.000000	0.401571
2323.000000	0.427029
2324.000000	0.427029
2325.000000	0.410736
2326.000000	0.390369
2327.000000	0.356763
2328.000000	0.306355
2329.000000	0.267657
2330.000000	0.250855
2331.000000	0.248818
2332.000000	0.272240
2333.000000	0.311956
2334.000000	0.357272
2335.000000	0.401061
2336.000000	0.421938
2337.000000	0.427029
2338.000000	0.416337
2339.000000	0.396479
2340.000000	0.366437
2341.000000	0.326213
2342.000000	0.283951
2343.000000	0.259001
2344.000000	0.260529
2345.000000	0.281914
2346.000000	0.317557
2347.000000	0.354217
2348.000000	0.389350
2349.000000	0.418883
2350.000000	0.431612
2351.000000	0.423465
2352.000000	0.394442
2353.000000	0.350653
2354.000000	0.302281
2355.000000	0.267657
2356.000000	0.248818
2357.000000	0.242199
2358.000000	0.248309
2359.000000	0.278859
2360.000000	0.338433
2361.000000	0.386805
2362.000000	0.414809
2363.000000	0.428048
2364.000000	0.428048
2365.000000	0.415828
2366.000000	0.388332
2367.000000	0.351671
2368.000000	0.313992
2369.000000	0.279878
2370.000000	0.255946
2371.000000	0.243726
2372.000000	0.251364
2373.000000	0.264093
2374.000000	0.306355
2375.000000	0.346580
2376.000000	0.384259
2377.000000	0.408699
2378.000000	0.422447
2379.000000	0.434158
2380.000000	0.437213
2381.000000	0.426011
2382.000000	0.407681
2383.000000	0.377130
2384.000000	0.333850
2385.000000	0.285988
2386.000000	0.263075
2387.000000	0.276823
2388.000000	0.308391
2389.000000	0.338942
2390.000000	0.371529
2391.000000	0.403098
2392.000000	0.423974
2393.000000	0.428048
2394.000000	0.414300
2395.000000	0.381204
2396.000000	0.335378
2397.000000	0.288534
2398.000000	0.259001
2399.000000	0.244744
2400.000000	0.252382
2401.000000	0.274786
2402.000000	0.317557
2403.000000	0.362364
2404.000000	0.402589
2405.000000	0.423465
2406.000000	0.428557
2407.000000	0.426011
2408.000000	0.411245
2409.000000	0.385277
2410.000000	0.350144
2411.000000	0.307882
2412.000000	0.271731
2413.000000	0.251873
2414.000000	0.248309
2415.000000	0.259001
2416.000000	0.277841
2417.000000	0.308901
2418.000000	0.343525
2419.000000	0.381713
2420.000000	0.412773
2421.000000	0.428557
2422.000000	0.431612
2423.000000	0.421938
2424.000000	0.402080
2425.000000	0.365928
2426.000000	0.331304
2427.000000	0.291589
2428.000000	0.261038
2429.000000	0.248309
2430.000000	0.254419
2431.000000	0.282423
2432.000000	0.328758
2433.000000	0.372038
2434.000000	0.408190
2435.000000	0.423974
2436.000000	0.414300
2437.000000	0.398006
2438.000000	0.370511
2439.000000	0.343015
2440.000000	0.316538
2441.000000	0.280896
2442.000000	0.254928
2443.000000	0.247799
2444.000000	0.271222
2445.000000	0.317047
2446.000000	0.359818
2447.000000	0.394951
2448.000000	0.420410
2449.000000	0.428048
2450.000000	0.419901
2451.000000	0.398516
2452.000000	0.359309
2453.000000	0.308901
2454.000000	0.268676
2455.000000	0.254419
2456.000000	0.257983
2457.000000	0.276823
2458.000000	0.310937
2459.000000	0.343525
2460.000000	0.376112
2461.000000	0.407172
2462.000000	0.426011
2463.000000	0.428557
2464.000000	0.419392
2465.000000	0.400043
2466.000000	0.370511
2467.000000	0.334359
2468.000000	0.290570
2469.000000	0.259001
2470.000000	0.252382
2471.000000	0.261038
2472.000000	0.279878
2473.000000	0.324176
2474.000000	0.373057
2475.000000	0.406662
2476.000000	0.409717
2477.000000	0.377130
2478.000000	0.335887
2479.000000	0.299735
2480.000000	0.275295
2481.000000	0.256455
2482.000000	0.242708
2483.000000	0.236088
2484.000000	0.246272
2485.000000	0.279368
2486.000000	0.320612
2487.000000	0.363892
2488.000000	0.399025
2489.000000	0.420410
2490.000000	0.429575
2491.000000	0.430084
2492.000000	0.416337
2493.000000	0.388332
2494.000000	0.343525
2495.000000	0.307882
2496.000000	0.273258
2497.000000	0.251873
2498.000000	0.257474
2499.000000	0.283442
2500.000000	0.318066
2501.000000	0.355745
2502.000000	0.387314
2503.000000	0.412263
2504.000000	0.413282
2505.000000	0.393424
2506.000000	0.362873
2507.000000	0.320612
2508.000000	0.280896
2509.000000	0.255946
2510.000000	0.254419
2511.000000	0.268167
2512.000000	0.298208
2513.000000	0.341488
2514.000000	0.384768
2515.000000	0.413791
2516.000000	0.423974
2517.000000	0.421938
2518.000000	0.415828
2519.000000	0.396988
2520.000000	0.376621
2521.000000	0.371529
2522.000000	0.360837
2523.000000	0.315011
2524.000000	0.272749
2525.000000	0.252382
2526.000000	0.248309
2527.000000	0.253910
2528.000000	0.270203
2529.000000	0.299735
2530.000000	0.330795
2531.000000	0.365928
2532.000000	0.399025
2533.000000	0.421938
2534.000000	0.422956
2535.000000	0.411754
2536.000000	0.384768
2537.000000	0.349635
2538.000000	0.317047
2539.000000	0.285479
2540.000000	0.259001
2541.000000	0.249327
2542.000000	0.274277
2543.000000	0.306864
2544.000000	0.344034
2545.000000	0.379167
2546.000000	0.407172
2547.000000	0.421429
2548.000000	0.411754
2549.000000	0.387823
2550.000000	0.343525
2551.000000	0.285988
2552.000000	0.261547
2553.000000	0.255946
2554.000000	0.260020
2555.000000	0.266130
2556.000000	0.292098
2557.000000	0.335887
2558.000000	0.382222
2559.000000	0.410227
2560.000000	0.414809
2561.000000	0.406153
2562.000000	0.384768
2563.000000	0.350653
2564.000000	0.308901
2565.000000	0.270203
2566.000000	0.252382
2567.000000	0.252891
2568.000000	0.267657
2569.000000	0.289552
2570.000000	0.316029
2571.000000	0.349635
2572.000000	0.378149
2573.000000	0.404117
2574.000000	0.423974
2575.000000	0.430084
2576.000000	0.423465
2577.000000	0.392915
2578.000000	0.350144
2579.000000	0.309919
2580.000000	0.280387
2581.000000	0.254928
2582.000000	0.246272
2583.000000	0.262056
2584.000000	0.304318
2585.000000	0.353199
2586.000000	0.394442
2587.000000	0.415318
2588.000000	0.419392
2589.000000	0.410736
2590.000000	0.387314
2591.000000	0.350653
2592.000000	0.310428
2593.000000	0.277332
