0.000000	0.251873
1.000000	0.242199
2.000000	0.232524
3.000000	0.226414
4.000000	0.208084
5.000000	0.199428
6.000000	0.191790
7.000000	0.188735
8.000000	0.190772
9.000000	0.191281
10.000000	0.190263
11.000000	0.196373
12.000000	0.194336
13.000000	0.187717
14.000000	0.188226
15.000000	0.205029
16.000000	0.228451
17.000000	0.252382
18.000000	0.269185
19.000000	0.307373
20.000000	0.353708
21.000000	0.381204
22.000000	0.387314
23.000000	0.345561
24.000000	0.281914
25.000000	0.231506
26.000000	0.212157
27.000000	0.248309
28.000000	0.321630
29.000000	0.413282
30.000000	0.465727
31.000000	0.441796
32.000000	0.351671
33.000000	0.270203
34.000000	0.246781
35.000000	0.288534
36.000000	0.374584
37.000000	0.449433
38.000000	0.477438
39.000000	0.429066
40.000000	0.337414
41.000000	0.264602
42.000000	0.258492
43.000000	0.325703
44.000000	0.408699
45.000000	0.469800
46.000000	0.462163
47.000000	0.396479
48.000000	0.305846
49.000000	0.264602
50.000000	0.330795
51.000000	0.424484
52.000000	0.480493
53.000000	0.484566
54.000000	0.385786
55.000000	0.285479
56.000000	0.248818
57.000000	0.289043
58.000000	0.385277
59.000000	0.454525
60.000000	0.440268
61.000000	0.360837
62.000000	0.276313
63.000000	0.253910
64.000000	0.329777
65.000000	0.431103
66.000000	0.452488
67.000000	0.396479
68.000000	0.311446
69.000000	0.253910
70.000000	0.273258
71.000000	0.359309
72.000000	0.445869
73.000000	0.464708
74.000000	0.386805
75.000000	0.292098
76.000000	0.253910
77.000000	0.298717
78.000000	0.389350
79.000000	0.462163
80.000000	0.454525
81.000000	0.376112
82.000000	0.290570
83.000000	0.260529
84.000000	0.341997
85.000000	0.438231
86.000000	0.446887
87.000000	0.362364
88.000000	0.277332
89.000000	0.272749
90.000000	0.331304
91.000000	0.422956
92.000000	0.461653
93.000000	0.410227
94.000000	0.318066
95.000000	0.258492
96.000000	0.273767
97.000000	0.343015
98.000000	0.426520
99.000000	0.451470
100.000000	0.379676
101.000000	0.295153
102.000000	0.252382
103.000000	0.305846
104.000000	0.399534
105.000000	0.450452
106.000000	0.410736
107.000000	0.326722
108.000000	0.260529
109.000000	0.266639
110.000000	0.335887
111.000000	0.423465
112.000000	0.429575
113.000000	0.347598
114.000000	0.270712
115.000000	0.261547
116.000000	0.312974
117.000000	0.398006
118.000000	0.456052
119.000000	0.436704
120.000000	0.344034
121.000000	0.270712
122.000000	0.287515
123.000000	0.368983
124.000000	0.441796
125.000000	0.453507
126.000000	0.392405
127.000000	0.303809
128.000000	0.256455
129.000000	0.305846
130.000000	0.403607
131.000000	0.446378
132.000000	0.405135
133.000000	0.316029
134.000000	0.260529
135.000000	0.281405
136.000000	0.365419
137.000000	0.441286
138.000000	0.447906
139.000000	0.388332
140.000000	0.302281
141.000000	0.256455
142.000000	0.288534
143.000000	0.360837
144.000000	0.416846
145.000000	0.364910
146.000000	0.285479
147.000000	0.310428
148.000000	0.405135
149.000000	0.435685
150.000000	0.374075
151.000000	0.291079
152.000000	0.278859
153.000000	0.337414
154.000000	0.421429
155.000000	0.457071
156.000000	0.400043
157.000000	0.305846
158.000000	0.259001
159.000000	0.295662
160.000000	0.378149
161.000000	0.448415
162.000000	0.437213
163.000000	0.356763
164.000000	0.281405
165.000000	0.257983
166.000000	0.316029
167.000000	0.411754
168.000000	0.451470
169.000000	0.405644
170.000000	0.316538
171.000000	0.278350
172.000000	0.339451
173.000000	0.432121
174.000000	0.465218
175.000000	0.420919
176.000000	0.322648
177.000000	0.282423
178.000000	0.339960
179.000000	0.429575
180.000000	0.445360
181.000000	0.373057
182.000000	0.292607
183.000000	0.311956
184.000000	0.395970
185.000000	0.456562
186.000000	0.448415
187.000000	0.371529
188.000000	0.289552
189.000000	0.276313
190.000000	0.340470
191.000000	0.429066
192.000000	0.450452
193.000000	0.381713
194.000000	0.295662
195.000000	0.296171
196.000000	0.373566
197.000000	0.441796
198.000000	0.433649
199.000000	0.356254
200.000000	0.282423
201.000000	0.269694
202.000000	0.338942
203.000000	0.423974
204.000000	0.438231
205.000000	0.370002
206.000000	0.292607
207.000000	0.267657
208.000000	0.328249
209.000000	0.414809
210.000000	0.432121
211.000000	0.357782
212.000000	0.285479
213.000000	0.298717
214.000000	0.378658
215.000000	0.439250
216.000000	0.413791
217.000000	0.329777
218.000000	0.275295
219.000000	0.310428
220.000000	0.395461
221.000000	0.435685
222.000000	0.393933
223.000000	0.312974
224.000000	0.268676
225.000000	0.302281
226.000000	0.385786
227.000000	0.436195
228.000000	0.399025
229.000000	0.317047
230.000000	0.272240
231.000000	0.316029
232.000000	0.400043
233.000000	0.434158
234.000000	0.383749
235.000000	0.300754
236.000000	0.274786
237.000000	0.329268
238.000000	0.410227
239.000000	0.429066
240.000000	0.373566
241.000000	0.300245
242.000000	0.257983
243.000000	0.279368
244.000000	0.351671
245.000000	0.423465
246.000000	0.432630
247.000000	0.368474
248.000000	0.291079
249.000000	0.270712
250.000000	0.305336
251.000000	0.383749
252.000000	0.435685
253.000000	0.413282
254.000000	0.332323
255.000000	0.273767
256.000000	0.295153
257.000000	0.371529
258.000000	0.433140
259.000000	0.436704
260.000000	0.374584
261.000000	0.300754
262.000000	0.268676
263.000000	0.315011
264.000000	0.393933
265.000000	0.439759
266.000000	0.416337
267.000000	0.348616
268.000000	0.280896
269.000000	0.264602
270.000000	0.324685
271.000000	0.402589
272.000000	0.440777
273.000000	0.413282
274.000000	0.345052
275.000000	0.286497
276.000000	0.248818
277.000000	0.262056
278.000000	0.333341
279.000000	0.411754
280.000000	0.419392
281.000000	0.347598
282.000000	0.283442
283.000000	0.298717
284.000000	0.373566
285.000000	0.435685
286.000000	0.451470
287.000000	0.405644
288.000000	0.327231
289.000000	0.271222
290.000000	0.260529
291.000000	0.292098
292.000000	0.365419
293.000000	0.431612
294.000000	0.436704
295.000000	0.384259
296.000000	0.307882
297.000000	0.271222
298.000000	0.308391
299.000000	0.376621
300.000000	0.437722
301.000000	0.446887
302.000000	0.408699
303.000000	0.340470
304.000000	0.283442
305.000000	0.301263
306.000000	0.368474
307.000000	0.431612
308.000000	0.457071
309.000000	0.438231
310.000000	0.357272
311.000000	0.287515
312.000000	0.264093
313.000000	0.303809
314.000000	0.375093
315.000000	0.436195
316.000000	0.461144
317.000000	0.433649
318.000000	0.363892
319.000000	0.295662
320.000000	0.259001
321.000000	0.255946
322.000000	0.300245
323.000000	0.384259
324.000000	0.438231
325.000000	0.436195
326.000000	0.393424
327.000000	0.326722
328.000000	0.274786
329.000000	0.262566
330.000000	0.304827
331.000000	0.375603
332.000000	0.436195
333.000000	0.427029
334.000000	0.367965
335.000000	0.296680
336.000000	0.264602
337.000000	0.297699
338.000000	0.380185
339.000000	0.440777
340.000000	0.458598
341.000000	0.436195
342.000000	0.390369
343.000000	0.315520
344.000000	0.270712
345.000000	0.277332
346.000000	0.341488
347.000000	0.417864
348.000000	0.453507
349.000000	0.436704
350.000000	0.369493
351.000000	0.303809
352.000000	0.262566
353.000000	0.283442
354.000000	0.352181
355.000000	0.418883
356.000000	0.457071
357.000000	0.451979
358.000000	0.402589
359.000000	0.334359
360.000000	0.278350
361.000000	0.258492
362.000000	0.287006
363.000000	0.349126
364.000000	0.413282
365.000000	0.454525
366.000000	0.443832
367.000000	0.390878
368.000000	0.317047
369.000000	0.270712
370.000000	0.266639
371.000000	0.330286
372.000000	0.407172
373.000000	0.454525
374.000000	0.458089
375.000000	0.413791
376.000000	0.344543
377.000000	0.284460
378.000000	0.273767
379.000000	0.328758
380.000000	0.405644
381.000000	0.446378
382.000000	0.419901
383.000000	0.346070
384.000000	0.284460
385.000000	0.281405
386.000000	0.344543
387.000000	0.415318
388.000000	0.457580
389.000000	0.461653
390.000000	0.427539
391.000000	0.372038
392.000000	0.302790
393.000000	0.276823
394.000000	0.298717
395.000000	0.348616
396.000000	0.418883
397.000000	0.441796
398.000000	0.426520
399.000000	0.385277
400.000000	0.332323
401.000000	0.278859
402.000000	0.254928
403.000000	0.260020
404.000000	0.302281
405.000000	0.373057
406.000000	0.434158
407.000000	0.439250
408.000000	0.381204
409.000000	0.307373
410.000000	0.266639
411.000000	0.271222
412.000000	0.321630
413.000000	0.388841
414.000000	0.443323
415.000000	0.461653
416.000000	0.435685
417.000000	0.380694
418.000000	0.310937
419.000000	0.275295
420.000000	0.299735
421.000000	0.370511
422.000000	0.432630
423.000000	0.451979
424.000000	0.412773
425.000000	0.339960
426.000000	0.280896
427.000000	0.269694
428.000000	0.303809
429.000000	0.371020
430.000000	0.430594
431.000000	0.448415
432.000000	0.417355
433.000000	0.358291
434.000000	0.303300
435.000000	0.263584
436.000000	0.266130
437.000000	0.323158
438.000000	0.393933
439.000000	0.443832
440.000000	0.456052
441.000000	0.422956
442.000000	0.360327
443.000000	0.296680
444.000000	0.264093
445.000000	0.284460
446.000000	0.347598
447.000000	0.415828
448.000000	0.453507
449.000000	0.440777
450.000000	0.389860
451.000000	0.319593
452.000000	0.272749
453.000000	0.277332
454.000000	0.327740
455.000000	0.387314
456.000000	0.437213
457.000000	0.444851
458.000000	0.386295
459.000000	0.308391
460.000000	0.271731
461.000000	0.290570
462.000000	0.345561
463.000000	0.408699
464.000000	0.446887
465.000000	0.433649
466.000000	0.374075
467.000000	0.303300
468.000000	0.269694
469.000000	0.288024
470.000000	0.350144
471.000000	0.414300
472.000000	0.439759
473.000000	0.410227
474.000000	0.346580
475.000000	0.284969
476.000000	0.271731
477.000000	0.308391
478.000000	0.375093
479.000000	0.429066
480.000000	0.455543
481.000000	0.450452
482.000000	0.418883
483.000000	0.365419
484.000000	0.303809
485.000000	0.266130
486.000000	0.270712
487.000000	0.313992
488.000000	0.374075
489.000000	0.427539
490.000000	0.453507
491.000000	0.435685
492.000000	0.376112
493.000000	0.304827
494.000000	0.279878
495.000000	0.324176
496.000000	0.395970
497.000000	0.438231
498.000000	0.435685
499.000000	0.382222
500.000000	0.315011
501.000000	0.271731
502.000000	0.274277
503.000000	0.317557
504.000000	0.381204
505.000000	0.432121
506.000000	0.432630
507.000000	0.381713
508.000000	0.316029
509.000000	0.267657
510.000000	0.252891
511.000000	0.295662
512.000000	0.362364
513.000000	0.418373
514.000000	0.447396
515.000000	0.433140
516.000000	0.390878
517.000000	0.320612
518.000000	0.273258
519.000000	0.270712
520.000000	0.317047
521.000000	0.383749
522.000000	0.430084
523.000000	0.424993
524.000000	0.367965
525.000000	0.301263
526.000000	0.267657
527.000000	0.288024
528.000000	0.348107
529.000000	0.411245
530.000000	0.442814
531.000000	0.428048
532.000000	0.371529
533.000000	0.303809
534.000000	0.270203
535.000000	0.273258
536.000000	0.317047
537.000000	0.388332
538.000000	0.432121
539.000000	0.429066
540.000000	0.380694
541.000000	0.315520
542.000000	0.270712
543.000000	0.269694
544.000000	0.312465
545.000000	0.374584
546.000000	0.425502
547.000000	0.444341
548.000000	0.424993
549.000000	0.375093
550.000000	0.323667
551.000000	0.276823
552.000000	0.260529
553.000000	0.295153
554.000000	0.362873
555.000000	0.420410
556.000000	0.424484
557.000000	0.377639
558.000000	0.317047
559.000000	0.270712
560.000000	0.261038
561.000000	0.311956
562.000000	0.388332
563.000000	0.423974
564.000000	0.389860
565.000000	0.329777
566.000000	0.283442
567.000000	0.252891
568.000000	0.256455
569.000000	0.299226
570.000000	0.360837
571.000000	0.419901
572.000000	0.427539
573.000000	0.384768
574.000000	0.317557
575.000000	0.271222
576.000000	0.260529
577.000000	0.306864
578.000000	0.383240
579.000000	0.431103
580.000000	0.430594
581.000000	0.381204
582.000000	0.311446
583.000000	0.271731
584.000000	0.261038
585.000000	0.272749
586.000000	0.331304
587.000000	0.399534
588.000000	0.438740
589.000000	0.446378
590.000000	0.411245
591.000000	0.345052
592.000000	0.288024
593.000000	0.276313
594.000000	0.318575
595.000000	0.380694
596.000000	0.422447
597.000000	0.407681
598.000000	0.348616
599.000000	0.288024
600.000000	0.289552
601.000000	0.346070
602.000000	0.399025
603.000000	0.437722
604.000000	0.444851
605.000000	0.422956
606.000000	0.368474
607.000000	0.303809
608.000000	0.266130
609.000000	0.274786
610.000000	0.308391
611.000000	0.356763
612.000000	0.411754
613.000000	0.439759
614.000000	0.433140
615.000000	0.395970
616.000000	0.328758
617.000000	0.277841
618.000000	0.276823
619.000000	0.302281
620.000000	0.353199
621.000000	0.409208
622.000000	0.414809
623.000000	0.344543
624.000000	0.288534
625.000000	0.279368
626.000000	0.312465
627.000000	0.367965
628.000000	0.419901
629.000000	0.446887
630.000000	0.441796
631.000000	0.395461
632.000000	0.341997
633.000000	0.292607
634.000000	0.266130
635.000000	0.282423
636.000000	0.336396
637.000000	0.399025
638.000000	0.434667
639.000000	0.423974
640.000000	0.368474
641.000000	0.302790
642.000000	0.273258
643.000000	0.297190
644.000000	0.330795
645.000000	0.365419
646.000000	0.409717
647.000000	0.443323
648.000000	0.459617
649.000000	0.447906
650.000000	0.405135
651.000000	0.334359
652.000000	0.281405
653.000000	0.277841
654.000000	0.324176
655.000000	0.393933
656.000000	0.422447
657.000000	0.398516
658.000000	0.339451
659.000000	0.283442
660.000000	0.273767
661.000000	0.315011
662.000000	0.374584
663.000000	0.426011
664.000000	0.443832
665.000000	0.419901
666.000000	0.358800
667.000000	0.296171
668.000000	0.265111
669.000000	0.268676
670.000000	0.311446
671.000000	0.375603
672.000000	0.426011
673.000000	0.434158
674.000000	0.385277
675.000000	0.314502
676.000000	0.281405
677.000000	0.309919
678.000000	0.376621
679.000000	0.426011
680.000000	0.423974
681.000000	0.365419
682.000000	0.299226
683.000000	0.276313
684.000000	0.305846
685.000000	0.365419
686.000000	0.419901
687.000000	0.438740
688.000000	0.431103
689.000000	0.382731
690.000000	0.320102
691.000000	0.275295
692.000000	0.278859
693.000000	0.325703
694.000000	0.389350
695.000000	0.432630
696.000000	0.432630
697.000000	0.386295
698.000000	0.315011
699.000000	0.270712
700.000000	0.255946
701.000000	0.290061
702.000000	0.362364
703.000000	0.420410
704.000000	0.424993
705.000000	0.370511
706.000000	0.305846
707.000000	0.271222
708.000000	0.284460
709.000000	0.341488
710.000000	0.404626
711.000000	0.437722
712.000000	0.431612
713.000000	0.379167
714.000000	0.327231
715.000000	0.279368
716.000000	0.256965
717.000000	0.267148
718.000000	0.313992
719.000000	0.380694
720.000000	0.428557
721.000000	0.435685
722.000000	0.386805
723.000000	0.312974
724.000000	0.278859
725.000000	0.290061
726.000000	0.342506
727.000000	0.401061
728.000000	0.439759
729.000000	0.438231
730.000000	0.387314
731.000000	0.319084
732.000000	0.275295
733.000000	0.268167
734.000000	0.297190
735.000000	0.351671
736.000000	0.404117
737.000000	0.439759
738.000000	0.426520
739.000000	0.361855
740.000000	0.300245
741.000000	0.274277
742.000000	0.303300
743.000000	0.365928
744.000000	0.422956
745.000000	0.431612
746.000000	0.403098
747.000000	0.335378
748.000000	0.284969
749.000000	0.275295
750.000000	0.302281
751.000000	0.359818
752.000000	0.414809
753.000000	0.435176
754.000000	0.387314
755.000000	0.326213
756.000000	0.280896
757.000000	0.265111
758.000000	0.304827
759.000000	0.378149
760.000000	0.428557
761.000000	0.436195
762.000000	0.390878
763.000000	0.329268
764.000000	0.279368
765.000000	0.264602
766.000000	0.287515
767.000000	0.342506
768.000000	0.402080
769.000000	0.439250
770.000000	0.439759
771.000000	0.401571
772.000000	0.341997
773.000000	0.289043
774.000000	0.261038
775.000000	0.266639
776.000000	0.308901
777.000000	0.366947
778.000000	0.416337
779.000000	0.447396
780.000000	0.447906
781.000000	0.411754
782.000000	0.354217
783.000000	0.296171
784.000000	0.275295
785.000000	0.296171
786.000000	0.347089
787.000000	0.408190
788.000000	0.439250
789.000000	0.427029
790.000000	0.384768
791.000000	0.323158
792.000000	0.279368
793.000000	0.289552
794.000000	0.345052
795.000000	0.405644
796.000000	0.435176
797.000000	0.413791
798.000000	0.351671
799.000000	0.295662
800.000000	0.299735
801.000000	0.354726
802.000000	0.414809
803.000000	0.433649
804.000000	0.405644
805.000000	0.350144
806.000000	0.299226
807.000000	0.265621
808.000000	0.266639
809.000000	0.304827
810.000000	0.366437
811.000000	0.422447
812.000000	0.435685
813.000000	0.410227
814.000000	0.364401
815.000000	0.304827
816.000000	0.274786
817.000000	0.291079
818.000000	0.341997
819.000000	0.401571
820.000000	0.437722
821.000000	0.433649
822.000000	0.402589
823.000000	0.342506
824.000000	0.290061
825.000000	0.287006
826.000000	0.336396
827.000000	0.394951
828.000000	0.435685
829.000000	0.437722
830.000000	0.388332
831.000000	0.324685
832.000000	0.281914
833.000000	0.284969
834.000000	0.333850
835.000000	0.405135
836.000000	0.419901
837.000000	0.373057
838.000000	0.309410
839.000000	0.274277
840.000000	0.271731
841.000000	0.290570
842.000000	0.345052
843.000000	0.403098
844.000000	0.440777
845.000000	0.432121
846.000000	0.377130
847.000000	0.323158
848.000000	0.281405
849.000000	0.260020
850.000000	0.270203
851.000000	0.331304
852.000000	0.403607
853.000000	0.428557
854.000000	0.400552
855.000000	0.346070
856.000000	0.291079
857.000000	0.267148
858.000000	0.289552
859.000000	0.357272
860.000000	0.416846
861.000000	0.431612
862.000000	0.402080
863.000000	0.357272
864.000000	0.312974
865.000000	0.275804
866.000000	0.256455
867.000000	0.259001
868.000000	0.292098
869.000000	0.345561
870.000000	0.396988
871.000000	0.436704
872.000000	0.450452
873.000000	0.429066
874.000000	0.388841
875.000000	0.334359
876.000000	0.286497
877.000000	0.280896
878.000000	0.339451
879.000000	0.406153
880.000000	0.443832
881.000000	0.455543
882.000000	0.434158
883.000000	0.377130
884.000000	0.311446
885.000000	0.284969
886.000000	0.324176
887.000000	0.390369
888.000000	0.434158
889.000000	0.445360
890.000000	0.417355
891.000000	0.346070
892.000000	0.302790
893.000000	0.324176
894.000000	0.361855
895.000000	0.386805
896.000000	0.413282
897.000000	0.443323
898.000000	0.453507
899.000000	0.406153
900.000000	0.337924
901.000000	0.291589
902.000000	0.304827
903.000000	0.348107
904.000000	0.392405
905.000000	0.431612
906.000000	0.451979
907.000000	0.433649
908.000000	0.385786
909.000000	0.326213
910.000000	0.285988
911.000000	0.300245
912.000000	0.360327
913.000000	0.414300
914.000000	0.424484
915.000000	0.371529
916.000000	0.307373
917.000000	0.281405
918.000000	0.303809
919.000000	0.358800
920.000000	0.417355
921.000000	0.445360
922.000000	0.428557
923.000000	0.374075
924.000000	0.318066
925.000000	0.278350
926.000000	0.272240
927.000000	0.299735
928.000000	0.361855
929.000000	0.419392
930.000000	0.444341
931.000000	0.433140
932.000000	0.391387
933.000000	0.333341
934.000000	0.285988
935.000000	0.267657
936.000000	0.275804
937.000000	0.312974
938.000000	0.363892
939.000000	0.414300
940.000000	0.442305
941.000000	0.431612
942.000000	0.409208
943.000000	0.369493
944.000000	0.321121
945.000000	0.283951
946.000000	0.299226
947.000000	0.352181
948.000000	0.409717
949.000000	0.445869
950.000000	0.454525
951.000000	0.440777
952.000000	0.427539
953.000000	0.372548
954.000000	0.308901
955.000000	0.280387
956.000000	0.300245
957.000000	0.349635
958.000000	0.405135
959.000000	0.439759
960.000000	0.423974
961.000000	0.377639
962.000000	0.315520
963.000000	0.275295
964.000000	0.267148
965.000000	0.294135
966.000000	0.331814
967.000000	0.376621
968.000000	0.422956
969.000000	0.437213
970.000000	0.415828
971.000000	0.366947
972.000000	0.313483
973.000000	0.275804
974.000000	0.259511
975.000000	0.270203
976.000000	0.305846
977.000000	0.349126
978.000000	0.403098
979.000000	0.442305
980.000000	0.451979
981.000000	0.434158
982.000000	0.380694
983.000000	0.317557
984.000000	0.279368
985.000000	0.291079
986.000000	0.335378
987.000000	0.391387
988.000000	0.435176
989.000000	0.440777
990.000000	0.412263
991.000000	0.363892
992.000000	0.308391
993.000000	0.273767
994.000000	0.274277
995.000000	0.308901
996.000000	0.358800
997.000000	0.415318
998.000000	0.446378
999.000000	0.443323
1000.000000	0.415318
1001.000000	0.368983
1002.000000	0.317557
1003.000000	0.277332
1004.000000	0.266130
1005.000000	0.287515
1006.000000	0.338433
1007.000000	0.393933
1008.000000	0.434667
1009.000000	0.454525
1010.000000	0.443323
1011.000000	0.401571
1012.000000	0.346580
1013.000000	0.295153
1014.000000	0.268676
1015.000000	0.276313
1016.000000	0.306864
1017.000000	0.355745
1018.000000	0.411754
1019.000000	0.442305
1020.000000	0.448924
1021.000000	0.435685
1022.000000	0.399025
1023.000000	0.345561
1024.000000	0.300754
1025.000000	0.277332
1026.000000	0.259001
1027.000000	0.260529
1028.000000	0.298208
1029.000000	0.347089
1030.000000	0.401571
1031.000000	0.437213
1032.000000	0.439759
1033.000000	0.405644
1034.000000	0.343525
1035.000000	0.291079
1036.000000	0.283442
1037.000000	0.305846
1038.000000	0.345561
1039.000000	0.380694
1040.000000	0.412773
1041.000000	0.443832
1042.000000	0.452997
1043.000000	0.404117
1044.000000	0.327231
1045.000000	0.284969
1046.000000	0.278859
1047.000000	0.307373
1048.000000	0.365928
1049.000000	0.421429
1050.000000	0.444341
1051.000000	0.429575
1052.000000	0.388841
1053.000000	0.338433
1054.000000	0.292098
1055.000000	0.265111
1056.000000	0.266130
1057.000000	0.294644
1058.000000	0.341997
1059.000000	0.390878
1060.000000	0.427029
1061.000000	0.451979
1062.000000	0.455543
1063.000000	0.431612
1064.000000	0.390369
1065.000000	0.340470
1066.000000	0.297699
1067.000000	0.268676
1068.000000	0.272240
1069.000000	0.307882
1070.000000	0.357272
1071.000000	0.408699
1072.000000	0.443323
1073.000000	0.450961
1074.000000	0.429575
1075.000000	0.391896
1076.000000	0.345561
1077.000000	0.295662
1078.000000	0.268167
1079.000000	0.268167
1080.000000	0.293116
1081.000000	0.337414
1082.000000	0.396988
1083.000000	0.439250
1084.000000	0.452488
1085.000000	0.440268
1086.000000	0.402589
1087.000000	0.350653
1088.000000	0.304318
1089.000000	0.278859
1090.000000	0.257474
1091.000000	0.255437
1092.000000	0.282933
1093.000000	0.334359
1094.000000	0.386295
1095.000000	0.431612
1096.000000	0.450961
1097.000000	0.428557
1098.000000	0.380185
1099.000000	0.322139
1100.000000	0.278859
1101.000000	0.268676
1102.000000	0.289043
1103.000000	0.331814
1104.000000	0.391387
1105.000000	0.434158
1106.000000	0.450452
1107.000000	0.423465
1108.000000	0.371020
1109.000000	0.317047
1110.000000	0.278350
1111.000000	0.274786
1112.000000	0.296680
1113.000000	0.333850
1114.000000	0.381204
1115.000000	0.424484
1116.000000	0.448415
1117.000000	0.441286
1118.000000	0.403098
1119.000000	0.348616
1120.000000	0.306864
1121.000000	0.274277
1122.000000	0.255437
1123.000000	0.259001
1124.000000	0.304827
1125.000000	0.350144
1126.000000	0.396479
1127.000000	0.436704
1128.000000	0.452488
1129.000000	0.451979
1130.000000	0.431612
1131.000000	0.377130
1132.000000	0.317557
1133.000000	0.277841
1134.000000	0.270203
1135.000000	0.291079
1136.000000	0.334869
1137.000000	0.381204
1138.000000	0.423465
1139.000000	0.447396
1140.000000	0.443832
1141.000000	0.417355
1142.000000	0.370002
1143.000000	0.319084
1144.000000	0.277332
1145.000000	0.261547
1146.000000	0.271731
1147.000000	0.307882
1148.000000	0.354217
1149.000000	0.405135
1150.000000	0.441796
1151.000000	0.443832
1152.000000	0.412773
1153.000000	0.371020
1154.000000	0.322139
1155.000000	0.278859
1156.000000	0.263584
1157.000000	0.263584
1158.000000	0.275804
1159.000000	0.311446
1160.000000	0.359818
1161.000000	0.404117
1162.000000	0.438231
1163.000000	0.449942
1164.000000	0.427029
1165.000000	0.380694
1166.000000	0.324685
1167.000000	0.282933
1168.000000	0.276823
1169.000000	0.309410
1170.000000	0.353708
1171.000000	0.401571
1172.000000	0.438231
1173.000000	0.451470
1174.000000	0.427029
1175.000000	0.378149
1176.000000	0.315011
1177.000000	0.275295
1178.000000	0.262566
1179.000000	0.275804
1180.000000	0.314502
1181.000000	0.358800
1182.000000	0.401061
1183.000000	0.435176
1184.000000	0.454016
1185.000000	0.455543
1186.000000	0.427029
1187.000000	0.378658
1188.000000	0.323158
1189.000000	0.281405
1190.000000	0.260529
1191.000000	0.268167
1192.000000	0.301772
1193.000000	0.352690
1194.000000	0.400043
1195.000000	0.437213
1196.000000	0.447396
1197.000000	0.423974
1198.000000	0.380694
1199.000000	0.324176
1200.000000	0.281405
1201.000000	0.277332
1202.000000	0.303300
1203.000000	0.339960
1204.000000	0.365928
1205.000000	0.394442
1206.000000	0.429575
1207.000000	0.451470
1208.000000	0.457071
1209.000000	0.445360
1210.000000	0.414809
1211.000000	0.364401
1212.000000	0.305846
1213.000000	0.273258
1214.000000	0.267148
1215.000000	0.289043
1216.000000	0.341997
1217.000000	0.393933
1218.000000	0.432121
1219.000000	0.451470
1220.000000	0.440777
1221.000000	0.403607
1222.000000	0.359309
1223.000000	0.307882
1224.000000	0.272240
1225.000000	0.267657
1226.000000	0.303809
1227.000000	0.360837
1228.000000	0.415318
1229.000000	0.433649
1230.000000	0.416337
1231.000000	0.379676
1232.000000	0.327740
1233.000000	0.286497
1234.000000	0.261038
1235.000000	0.253910
1236.000000	0.271222
1237.000000	0.324685
1238.000000	0.382731
1239.000000	0.426011
1240.000000	0.446887
1241.000000	0.434667
1242.000000	0.408190
1243.000000	0.358800
1244.000000	0.311956
1245.000000	0.275804
1246.000000	0.256965
1247.000000	0.259001
1248.000000	0.279878
1249.000000	0.311956
1250.000000	0.360837
1251.000000	0.413282
1252.000000	0.433649
1253.000000	0.409717
1254.000000	0.361855
1255.000000	0.307882
1256.000000	0.272749
1257.000000	0.273258
1258.000000	0.300245
1259.000000	0.341488
1260.000000	0.383749
1261.000000	0.421429
1262.000000	0.445360
1263.000000	0.448415
1264.000000	0.424993
1265.000000	0.380185
1266.000000	0.322139
1267.000000	0.282423
1268.000000	0.257983
1269.000000	0.261547
1270.000000	0.301772
1271.000000	0.353199
1272.000000	0.398516
1273.000000	0.432630
1274.000000	0.448415
1275.000000	0.428557
1276.000000	0.381713
1277.000000	0.327740
1278.000000	0.283951
1279.000000	0.262566
1280.000000	0.266639
1281.000000	0.300754
1282.000000	0.363382
1283.000000	0.417355
1284.000000	0.443323
1285.000000	0.442305
1286.000000	0.420410
1287.000000	0.387823
1288.000000	0.342506
1289.000000	0.298208
1290.000000	0.266639
1291.000000	0.259511
1292.000000	0.274786
1293.000000	0.309919
1294.000000	0.361855
1295.000000	0.410227
1296.000000	0.442305
1297.000000	0.453507
1298.000000	0.439250
1299.000000	0.397497
1300.000000	0.345561
1301.000000	0.303300
1302.000000	0.269694
1303.000000	0.260020
1304.000000	0.279878
1305.000000	0.314502
1306.000000	0.356763
1307.000000	0.401571
1308.000000	0.436195
1309.000000	0.442305
1310.000000	0.420919
1311.000000	0.381204
1312.000000	0.336905
1313.000000	0.288534
1314.000000	0.268167
1315.000000	0.279368
1316.000000	0.312465
1317.000000	0.350144
1318.000000	0.391387
1319.000000	0.429066
1320.000000	0.448415
1321.000000	0.444341
1322.000000	0.416846
1323.000000	0.368474
1324.000000	0.311446
1325.000000	0.274786
1326.000000	0.276823
1327.000000	0.319084
1328.000000	0.386295
1329.000000	0.421429
1330.000000	0.404626
1331.000000	0.355745
1332.000000	0.306355
1333.000000	0.271222
1334.000000	0.262566
1335.000000	0.277332
1336.000000	0.306864
1337.000000	0.342506
1338.000000	0.385786
1339.000000	0.424484
1340.000000	0.434158
1341.000000	0.404117
1342.000000	0.353199
1343.000000	0.304318
1344.000000	0.272749
1345.000000	0.264093
1346.000000	0.284969
1347.000000	0.332323
1348.000000	0.386295
1349.000000	0.428048
1350.000000	0.445360
1351.000000	0.444341
1352.000000	0.407681
1353.000000	0.351671
1354.000000	0.298717
1355.000000	0.267657
1356.000000	0.261547
1357.000000	0.289552
1358.000000	0.328758
1359.000000	0.366947
1360.000000	0.410736
1361.000000	0.441796
1362.000000	0.446378
1363.000000	0.423974
1364.000000	0.381713
1365.000000	0.329777
1366.000000	0.284969
1367.000000	0.262056
1368.000000	0.266130
1369.000000	0.312465
1370.000000	0.366437
1371.000000	0.414300
1372.000000	0.442305
1373.000000	0.446378
1374.000000	0.419901
1375.000000	0.374584
1376.000000	0.330286
1377.000000	0.293625
1378.000000	0.266130
1379.000000	0.257474
1380.000000	0.271222
1381.000000	0.308901
1382.000000	0.358800
1383.000000	0.397497
1384.000000	0.426520
1385.000000	0.445869
1386.000000	0.441796
1387.000000	0.396479
1388.000000	0.333341
1389.000000	0.287006
1390.000000	0.286497
1391.000000	0.319084
1392.000000	0.357782
1393.000000	0.402589
1394.000000	0.435176
1395.000000	0.430594
1396.000000	0.394442
1397.000000	0.362364
1398.000000	0.328249
1399.000000	0.290570
1400.000000	0.263075
1401.000000	0.255437
1402.000000	0.279878
1403.000000	0.317557
1404.000000	0.357782
1405.000000	0.405135
1406.000000	0.434158
1407.000000	0.421938
1408.000000	0.393424
1409.000000	0.355745
1410.000000	0.303809
1411.000000	0.278350
1412.000000	0.303809
1413.000000	0.344543
1414.000000	0.382731
1415.000000	0.421938
1416.000000	0.445869
1417.000000	0.447906
1418.000000	0.432121
1419.000000	0.399534
1420.000000	0.347089
1421.000000	0.301263
1422.000000	0.268676
1423.000000	0.260529
1424.000000	0.279368
1425.000000	0.330286
1426.000000	0.385786
1427.000000	0.426011
1428.000000	0.435685
1429.000000	0.415828
1430.000000	0.364910
1431.000000	0.309919
1432.000000	0.273258
1433.000000	0.268167
1434.000000	0.285988
1435.000000	0.316029
1436.000000	0.347089
1437.000000	0.393933
1438.000000	0.429575
1439.000000	0.449433
1440.000000	0.456052
1441.000000	0.433649
1442.000000	0.382731
1443.000000	0.325703
1444.000000	0.282933
1445.000000	0.270712
1446.000000	0.274786
1447.000000	0.331304
1448.000000	0.393424
1449.000000	0.427029
1450.000000	0.432121
1451.000000	0.407172
1452.000000	0.363382
1453.000000	0.322139
1454.000000	0.293625
1455.000000	0.279368
1456.000000	0.258492
1457.000000	0.250345
1458.000000	0.262056
1459.000000	0.296171
1460.000000	0.343015
1461.000000	0.396479
1462.000000	0.432121
1463.000000	0.443832
1464.000000	0.442814
1465.000000	0.418373
1466.000000	0.367965
1467.000000	0.310937
1468.000000	0.272749
1469.000000	0.265111
1470.000000	0.283951
1471.000000	0.341997
1472.000000	0.398006
1473.000000	0.433140
1474.000000	0.433649
1475.000000	0.405644
1476.000000	0.354726
1477.000000	0.310428
1478.000000	0.281914
1479.000000	0.259511
1480.000000	0.248818
1481.000000	0.262056
1482.000000	0.306864
1483.000000	0.353199
1484.000000	0.394442
1485.000000	0.430594
1486.000000	0.440268
1487.000000	0.413282
1488.000000	0.355745
1489.000000	0.299735
1490.000000	0.270712
1491.000000	0.280387
1492.000000	0.316538
1493.000000	0.366947
1494.000000	0.411754
1495.000000	0.439759
1496.000000	0.438740
1497.000000	0.402080
1498.000000	0.345561
1499.000000	0.290570
1500.000000	0.266639
1501.000000	0.269694
1502.000000	0.285988
1503.000000	0.344034
1504.000000	0.402080
1505.000000	0.433140
1506.000000	0.439759
1507.000000	0.432121
1508.000000	0.400552
1509.000000	0.350144
1510.000000	0.305336
1511.000000	0.270712
1512.000000	0.259001
1513.000000	0.268167
1514.000000	0.297190
1515.000000	0.346580
1516.000000	0.398516
1517.000000	0.430594
1518.000000	0.432630
1519.000000	0.414809
1520.000000	0.367965
1521.000000	0.312974
1522.000000	0.275295
1523.000000	0.279368
1524.000000	0.312465
1525.000000	0.348616
1526.000000	0.388841
1527.000000	0.420919
1528.000000	0.441796
1529.000000	0.437722
1530.000000	0.408699
1531.000000	0.365419
1532.000000	0.327231
1533.000000	0.292607
1534.000000	0.265111
1535.000000	0.252891
1536.000000	0.266130
1537.000000	0.310428
1538.000000	0.368474
1539.000000	0.414809
1540.000000	0.435685
1541.000000	0.428048
1542.000000	0.402080
1543.000000	0.367456
1544.000000	0.328249
1545.000000	0.286497
1546.000000	0.262566
1547.000000	0.270712
1548.000000	0.313483
1549.000000	0.367456
1550.000000	0.411245
1551.000000	0.438231
1552.000000	0.443323
1553.000000	0.431103
1554.000000	0.406662
1555.000000	0.371020
1556.000000	0.316029
1557.000000	0.279878
1558.000000	0.294644
1559.000000	0.345052
1560.000000	0.394442
1561.000000	0.427029
1562.000000	0.424484
1563.000000	0.392405
1564.000000	0.340470
1565.000000	0.291079
1566.000000	0.265111
1567.000000	0.269185
1568.000000	0.296171
1569.000000	0.342506
1570.000000	0.388332
1571.000000	0.423465
1572.000000	0.441286
1573.000000	0.434158
1574.000000	0.401571
1575.000000	0.353708
1576.000000	0.306355
1577.000000	0.271731
1578.000000	0.256965
1579.000000	0.269185
1580.000000	0.299226
1581.000000	0.341488
1582.000000	0.383749
1583.000000	0.419901
1584.000000	0.440268
1585.000000	0.439759
1586.000000	0.406153
1587.000000	0.352690
1588.000000	0.299735
1589.000000	0.268676
1590.000000	0.278859
1591.000000	0.321630
1592.000000	0.368983
1593.000000	0.410736
1594.000000	0.435176
1595.000000	0.441286
1596.000000	0.413282
1597.000000	0.366947
1598.000000	0.318575
1599.000000	0.276823
1600.000000	0.256455
1601.000000	0.245763
1602.000000	0.243726
1603.000000	0.266639
1604.000000	0.318575
1605.000000	0.376112
1606.000000	0.418373
1607.000000	0.433140
1608.000000	0.421429
1609.000000	0.391896
1610.000000	0.351671
1611.000000	0.307373
1612.000000	0.274277
1613.000000	0.259001
1614.000000	0.277332
1615.000000	0.329777
1616.000000	0.387314
1617.000000	0.421938
1618.000000	0.425502
1619.000000	0.399025
1620.000000	0.356254
1621.000000	0.317557
1622.000000	0.289552
1623.000000	0.264602
1624.000000	0.270712
1625.000000	0.297699
1626.000000	0.351671
1627.000000	0.392405
1628.000000	0.423974
1629.000000	0.437213
1630.000000	0.426011
1631.000000	0.385277
1632.000000	0.335887
1633.000000	0.291589
1634.000000	0.263584
1635.000000	0.253400
1636.000000	0.265111
1637.000000	0.290061
1638.000000	0.321121
1639.000000	0.362873
1640.000000	0.403098
1641.000000	0.432121
1642.000000	0.438231
1643.000000	0.417864
1644.000000	0.379676
1645.000000	0.325703
1646.000000	0.280387
1647.000000	0.262056
1648.000000	0.278350
1649.000000	0.336905
1650.000000	0.392405
1651.000000	0.426011
1652.000000	0.434667
1653.000000	0.424484
1654.000000	0.385786
1655.000000	0.333850
1656.000000	0.289552
1657.000000	0.262566
1658.000000	0.258492
1659.000000	0.273258
1660.000000	0.306864
1661.000000	0.358291
1662.000000	0.403607
1663.000000	0.431612
1664.000000	0.432630
1665.000000	0.407681
1666.000000	0.362364
1667.000000	0.313992
1668.000000	0.276823
1669.000000	0.259001
1670.000000	0.275804
1671.000000	0.318575
1672.000000	0.372548
1673.000000	0.416846
1674.000000	0.427029
1675.000000	0.394442
1676.000000	0.337924
1677.000000	0.295153
1678.000000	0.268676
1679.000000	0.252891
1680.000000	0.250855
1681.000000	0.268676
1682.000000	0.315520
1683.000000	0.350653
1684.000000	0.395970
1685.000000	0.429575
1686.000000	0.433140
1687.000000	0.405135
1688.000000	0.354726
1689.000000	0.300754
1690.000000	0.275295
1691.000000	0.280896
1692.000000	0.310937
1693.000000	0.363382
1694.000000	0.405644
1695.000000	0.432121
1696.000000	0.446378
1697.000000	0.429066
1698.000000	0.373566
1699.000000	0.309919
1700.000000	0.273258
1701.000000	0.255946
1702.000000	0.250345
1703.000000	0.274277
1704.000000	0.323667
1705.000000	0.386805
1706.000000	0.424484
1707.000000	0.427029
1708.000000	0.398516
1709.000000	0.365928
1710.000000	0.328249
1711.000000	0.300245
1712.000000	0.270203
1713.000000	0.252382
1714.000000	0.248818
1715.000000	0.277841
1716.000000	0.328758
1717.000000	0.387314
1718.000000	0.419392
1719.000000	0.426520
1720.000000	0.427029
1721.000000	0.396479
1722.000000	0.339960
1723.000000	0.296171
1724.000000	0.265621
1725.000000	0.250855
1726.000000	0.259511
1727.000000	0.298717
1728.000000	0.348616
1729.000000	0.397497
1730.000000	0.429066
1731.000000	0.437213
1732.000000	0.432121
1733.000000	0.404117
1734.000000	0.356763
1735.000000	0.308391
1736.000000	0.272749
1737.000000	0.264093
1738.000000	0.291589
1739.000000	0.341997
1740.000000	0.396479
1741.000000	0.427029
1742.000000	0.417355
1743.000000	0.377130
1744.000000	0.330286
1745.000000	0.294135
1746.000000	0.265111
1747.000000	0.256455
1748.000000	0.275295
1749.000000	0.324176
1750.000000	0.381204
1751.000000	0.420410
1752.000000	0.435685
1753.000000	0.412773
1754.000000	0.360837
1755.000000	0.308391
1756.000000	0.273258
1757.000000	0.265111
1758.000000	0.291589
1759.000000	0.339960
1760.000000	0.390878
1761.000000	0.424993
1762.000000	0.444341
1763.000000	0.445869
1764.000000	0.407681
1765.000000	0.376112
1766.000000	0.313483
1767.000000	0.275295
1768.000000	0.257983
1769.000000	0.256455
1770.000000	0.271222
1771.000000	0.301263
1772.000000	0.347598
1773.000000	0.394442
1774.000000	0.428048
1775.000000	0.443832
1776.000000	0.436704
1777.000000	0.401061
1778.000000	0.349635
1779.000000	0.299735
1780.000000	0.269694
1781.000000	0.265621
1782.000000	0.290061
1783.000000	0.339451
1784.000000	0.392405
1785.000000	0.427539
1786.000000	0.434667
1787.000000	0.411245
1788.000000	0.366947
1789.000000	0.318066
1790.000000	0.280387
1791.000000	0.262056
1792.000000	0.268676
1793.000000	0.304318
1794.000000	0.353708
1795.000000	0.400043
1796.000000	0.431612
1797.000000	0.443323
1798.000000	0.431103
1799.000000	0.394951
1800.000000	0.355745
1801.000000	0.308391
1802.000000	0.275295
1803.000000	0.261038
1804.000000	0.262566
1805.000000	0.288024
1806.000000	0.334359
1807.000000	0.385786
1808.000000	0.425502
1809.000000	0.442814
1810.000000	0.437722
1811.000000	0.416846
1812.000000	0.379167
1813.000000	0.334869
1814.000000	0.292607
1815.000000	0.271222
1816.000000	0.283951
1817.000000	0.330286
1818.000000	0.381713
1819.000000	0.419901
1820.000000	0.434158
1821.000000	0.406662
1822.000000	0.349126
1823.000000	0.297190
1824.000000	0.269694
1825.000000	0.267657
1826.000000	0.294644
1827.000000	0.333850
1828.000000	0.375093
1829.000000	0.413282
1830.000000	0.437213
1831.000000	0.448415
1832.000000	0.432121
1833.000000	0.387823
1834.000000	0.329777
1835.000000	0.286497
1836.000000	0.264093
1837.000000	0.254419
1838.000000	0.253910
1839.000000	0.268676
1840.000000	0.314502
1841.000000	0.371529
1842.000000	0.413282
1843.000000	0.438740
1844.000000	0.447396
1845.000000	0.434158
1846.000000	0.398006
1847.000000	0.358291
1848.000000	0.317557
1849.000000	0.279878
1850.000000	0.267148
1851.000000	0.273258
1852.000000	0.291589
1853.000000	0.320612
1854.000000	0.366437
1855.000000	0.409208
1856.000000	0.436195
1857.000000	0.444851
1858.000000	0.415828
1859.000000	0.371529
1860.000000	0.325703
1861.000000	0.288534
1862.000000	0.266130
1863.000000	0.267657
1864.000000	0.287006
1865.000000	0.323667
1866.000000	0.368983
1867.000000	0.410736
1868.000000	0.437213
1869.000000	0.446887
1870.000000	0.430594
1871.000000	0.377639
1872.000000	0.325194
1873.000000	0.288534
1874.000000	0.265111
1875.000000	0.261038
1876.000000	0.285479
1877.000000	0.326213
1878.000000	0.369493
1879.000000	0.410227
1880.000000	0.436195
1881.000000	0.438740
1882.000000	0.419901
1883.000000	0.382731
1884.000000	0.341997
1885.000000	0.304318
1886.000000	0.271731
1887.000000	0.259001
1888.000000	0.264093
1889.000000	0.284969
1890.000000	0.317557
1891.000000	0.355745
1892.000000	0.397497
1893.000000	0.431103
1894.000000	0.436704
1895.000000	0.417355
1896.000000	0.375603
1897.000000	0.330286
1898.000000	0.289552
1899.000000	0.265621
1900.000000	0.262566
1901.000000	0.285988
1902.000000	0.328249
1903.000000	0.381713
1904.000000	0.420919
1905.000000	0.441796
1906.000000	0.447906
1907.000000	0.437213
1908.000000	0.396988
1909.000000	0.340470
1910.000000	0.294644
1911.000000	0.269185
1912.000000	0.264093
1913.000000	0.293116
1914.000000	0.335378
1915.000000	0.380694
1916.000000	0.419901
1917.000000	0.441796
1918.000000	0.437722
1919.000000	0.415318
1920.000000	0.380185
1921.000000	0.328249
1922.000000	0.286497
1923.000000	0.269185
1924.000000	0.268167
1925.000000	0.280896
1926.000000	0.305846
1927.000000	0.346580
1928.000000	0.384259
1929.000000	0.419901
1930.000000	0.441286
1931.000000	0.450452
1932.000000	0.446378
1933.000000	0.431103
1934.000000	0.404626
1935.000000	0.375093
1936.000000	0.336396
1937.000000	0.296680
1938.000000	0.269694
1939.000000	0.270203
1940.000000	0.302281
1941.000000	0.345052
1942.000000	0.388332
1943.000000	0.415828
1944.000000	0.433140
1945.000000	0.449942
1946.000000	0.457580
1947.000000	0.447396
1948.000000	0.428048
1949.000000	0.402080
1950.000000	0.374075
1951.000000	0.339451
1952.000000	0.297699
1953.000000	0.283442
1954.000000	0.294135
1955.000000	0.337924
1956.000000	0.383749
1957.000000	0.422447
1958.000000	0.442814
1959.000000	0.435685
1960.000000	0.399025
1961.000000	0.350653
1962.000000	0.299735
1963.000000	0.276823
1964.000000	0.272240
1965.000000	0.263584
1966.000000	0.266130
1967.000000	0.292607
1968.000000	0.343525
1969.000000	0.396988
1970.000000	0.431612
1971.000000	0.437722
1972.000000	0.419901
1973.000000	0.404626
1974.000000	0.386805
1975.000000	0.341997
1976.000000	0.296680
1977.000000	0.268676
1978.000000	0.264602
1979.000000	0.285988
1980.000000	0.335378
1981.000000	0.393933
1982.000000	0.429066
1983.000000	0.449433
1984.000000	0.454016
1985.000000	0.445360
1986.000000	0.418373
1987.000000	0.379167
1988.000000	0.337924
1989.000000	0.304827
1990.000000	0.279878
1991.000000	0.262056
1992.000000	0.255946
1993.000000	0.267657
1994.000000	0.291079
1995.000000	0.328758
1996.000000	0.377639
1997.000000	0.420919
1998.000000	0.436195
1999.000000	0.429066
2000.000000	0.402589
2001.000000	0.366437
2002.000000	0.327231
2003.000000	0.291589
2004.000000	0.268167
2005.000000	0.257983
2006.000000	0.263584
2007.000000	0.283442
2008.000000	0.314502
2009.000000	0.352690
2010.000000	0.386805
2011.000000	0.417864
2012.000000	0.442814
2013.000000	0.453507
2014.000000	0.438231
2015.000000	0.401061
2016.000000	0.351671
2017.000000	0.310937
2018.000000	0.280387
2019.000000	0.265621
2020.000000	0.269185
2021.000000	0.285479
2022.000000	0.314502
2023.000000	0.348107
2024.000000	0.386805
2025.000000	0.419901
2026.000000	0.442305
2027.000000	0.445360
2028.000000	0.424993
2029.000000	0.394442
2030.000000	0.350653
2031.000000	0.305336
2032.000000	0.275295
2033.000000	0.270203
2034.000000	0.291079
2035.000000	0.328249
2036.000000	0.366437
2037.000000	0.396479
2038.000000	0.426011
2039.000000	0.446378
2040.000000	0.443832
2041.000000	0.417864
2042.000000	0.373566
2043.000000	0.326213
2044.000000	0.289043
2045.000000	0.266639
2046.000000	0.255946
2047.000000	0.254928
2048.000000	0.269694
2049.000000	0.297190
2050.000000	0.337414
2051.000000	0.387823
2052.000000	0.426011
2053.000000	0.444341
2054.000000	0.448415
2055.000000	0.438231
2056.000000	0.416846
2057.000000	0.386295
2058.000000	0.346580
2059.000000	0.318066
2060.000000	0.287006
2061.000000	0.270712
2062.000000	0.277841
2063.000000	0.301263
2064.000000	0.337414
2065.000000	0.381713
2066.000000	0.417355
2067.000000	0.441286
2068.000000	0.442814
2069.000000	0.413282
2070.000000	0.368983
2071.000000	0.326722
2072.000000	0.290061
2073.000000	0.267148
2074.000000	0.263075
2075.000000	0.281405
2076.000000	0.313483
2077.000000	0.340979
2078.000000	0.370511
2079.000000	0.407172
2080.000000	0.435176
2081.000000	0.433140
2082.000000	0.414300
2083.000000	0.388332
2084.000000	0.358291
2085.000000	0.329777
2086.000000	0.294135
2087.000000	0.271731
2088.000000	0.275295
2089.000000	0.306864
2090.000000	0.339960
2091.000000	0.367456
2092.000000	0.401061
2093.000000	0.432121
2094.000000	0.447396
2095.000000	0.446887
2096.000000	0.438740
2097.000000	0.427539
2098.000000	0.402080
2099.000000	0.353708
2100.000000	0.304318
2101.000000	0.274277
2102.000000	0.266639
2103.000000	0.278859
2104.000000	0.300245
2105.000000	0.339451
2106.000000	0.384259
2107.000000	0.422447
2108.000000	0.443323
2109.000000	0.438740
2110.000000	0.409717
2111.000000	0.375603
2112.000000	0.339451
2113.000000	0.302281
2114.000000	0.274786
2115.000000	0.270203
2116.000000	0.279878
2117.000000	0.305846
2118.000000	0.340470
2119.000000	0.377639
2120.000000	0.410227
2121.000000	0.438740
2122.000000	0.451470
2123.000000	0.443832
2124.000000	0.409208
2125.000000	0.358800
2126.000000	0.311446
2127.000000	0.279878
2128.000000	0.268167
2129.000000	0.268676
2130.000000	0.277841
2131.000000	0.298717
2132.000000	0.336905
2133.000000	0.380185
2134.000000	0.419392
2135.000000	0.441796
2136.000000	0.443832
2137.000000	0.431103
2138.000000	0.396479
2139.000000	0.352690
2140.000000	0.312974
2141.000000	0.283951
2142.000000	0.266130
2143.000000	0.265621
2144.000000	0.280387
2145.000000	0.303809
2146.000000	0.332323
2147.000000	0.368983
2148.000000	0.396479
2149.000000	0.424993
2150.000000	0.445869
2151.000000	0.455034
2152.000000	0.457071
2153.000000	0.450961
2154.000000	0.416846
2155.000000	0.368983
2156.000000	0.320612
2157.000000	0.283951
2158.000000	0.270203
2159.000000	0.261038
2160.000000	0.262056
2161.000000	0.289552
2162.000000	0.345052
2163.000000	0.396479
2164.000000	0.431103
2165.000000	0.429575
2166.000000	0.402080
2167.000000	0.367965
2168.000000	0.335887
2169.000000	0.307373
2170.000000	0.282423
2171.000000	0.265111
2172.000000	0.254928
2173.000000	0.254928
2174.000000	0.275804
2175.000000	0.320612
2176.000000	0.374584
2177.000000	0.420410
2178.000000	0.444851
2179.000000	0.455543
2180.000000	0.448415
2181.000000	0.416846
2182.000000	0.371020
2183.000000	0.324176
2184.000000	0.285988
2185.000000	0.275295
2186.000000	0.295153
2187.000000	0.332323
2188.000000	0.373057
2189.000000	0.409208
2190.000000	0.436195
2191.000000	0.451470
2192.000000	0.448415
2193.000000	0.429066
2194.000000	0.396479
2195.000000	0.349126
2196.000000	0.305846
2197.000000	0.276823
2198.000000	0.264602
2199.000000	0.273767
2200.000000	0.297190
2201.000000	0.336396
2202.000000	0.379167
2203.000000	0.414300
2204.000000	0.440268
2205.000000	0.449942
2206.000000	0.443323
2207.000000	0.425502
2208.000000	0.395461
2209.000000	0.352690
2210.000000	0.311446
2211.000000	0.282423
2212.000000	0.263584
2213.000000	0.261547
2214.000000	0.277332
2215.000000	0.309410
2216.000000	0.349635
2217.000000	0.386805
2218.000000	0.408699
2219.000000	0.435176
2220.000000	0.450961
2221.000000	0.448924
2222.000000	0.426011
2223.000000	0.392915
2224.000000	0.352181
2225.000000	0.315520
2226.000000	0.284969
2227.000000	0.267657
2228.000000	0.291589
2229.000000	0.335378
2230.000000	0.388841
2231.000000	0.425502
2232.000000	0.429066
2233.000000	0.411754
2234.000000	0.388841
2235.000000	0.356254
2236.000000	0.319593
2237.000000	0.287515
2238.000000	0.268676
2239.000000	0.273258
2240.000000	0.294644
2241.000000	0.329777
2242.000000	0.373566
2243.000000	0.411754
2244.000000	0.438231
2245.000000	0.452488
2246.000000	0.455034
2247.000000	0.445360
2248.000000	0.423465
2249.000000	0.391896
2250.000000	0.347598
2251.000000	0.311446
2252.000000	0.283951
2253.000000	0.268167
2254.000000	0.269185
2255.000000	0.281405
2256.000000	0.294135
2257.000000	0.328249
2258.000000	0.383240
2259.000000	0.422956
2260.000000	0.435685
2261.000000	0.410736
2262.000000	0.359309
2263.000000	0.312974
2264.000000	0.280896
2265.000000	0.266130
2266.000000	0.271222
2267.000000	0.301263
2268.000000	0.347598
2269.000000	0.393424
2270.000000	0.430084
2271.000000	0.441796
2272.000000	0.431612
2273.000000	0.417355
2274.000000	0.403098
2275.000000	0.385277
2276.000000	0.366947
2277.000000	0.334869
2278.000000	0.299226
2279.000000	0.274277
2280.000000	0.266639
2281.000000	0.271731
2282.000000	0.286497
2283.000000	0.313992
2284.000000	0.356254
2285.000000	0.402080
2286.000000	0.434158
2287.000000	0.450452
2288.000000	0.454016
2289.000000	0.442305
2290.000000	0.423465
2291.000000	0.401571
2292.000000	0.374584
2293.000000	0.338942
2294.000000	0.300245
2295.000000	0.274786
2296.000000	0.273258
2297.000000	0.291079
2298.000000	0.324685
2299.000000	0.363892
2300.000000	0.401061
2301.000000	0.432630
2302.000000	0.444851
2303.000000	0.440777
2304.000000	0.412773
2305.000000	0.368983
2306.000000	0.332323
2307.000000	0.309410
2308.000000	0.291589
2309.000000	0.273258
2310.000000	0.261547
2311.000000	0.262056
2312.000000	0.280896
2313.000000	0.312465
2314.000000	0.350144
2315.000000	0.390878
2316.000000	0.423974
2317.000000	0.442305
2318.000000	0.442305
2319.000000	0.415828
2320.000000	0.375603
2321.000000	0.331814
2322.000000	0.298208
2323.000000	0.273258
2324.000000	0.261547
2325.000000	0.266130
2326.000000	0.290061
2327.000000	0.332323
2328.000000	0.378149
2329.000000	0.420410
2330.000000	0.438740
2331.000000	0.437722
2332.000000	0.418373
2333.000000	0.384259
2334.000000	0.341997
2335.000000	0.304318
2336.000000	0.276823
2337.000000	0.262056
2338.000000	0.262056
2339.000000	0.272749
2340.000000	0.301263
2341.000000	0.348107
2342.000000	0.393424
2343.000000	0.426011
2344.000000	0.444851
2345.000000	0.448415
2346.000000	0.433140
2347.000000	0.398006
2348.000000	0.355236
2349.000000	0.315520
2350.000000	0.284969
2351.000000	0.266130
2352.000000	0.264093
2353.000000	0.281405
2354.000000	0.317557
2355.000000	0.359818
2356.000000	0.396479
2357.000000	0.424484
2358.000000	0.443832
2359.000000	0.447396
2360.000000	0.430084
2361.000000	0.386295
2362.000000	0.330795
2363.000000	0.292098
2364.000000	0.270712
2365.000000	0.270203
2366.000000	0.288534
2367.000000	0.310937
2368.000000	0.339960
2369.000000	0.379676
2370.000000	0.415828
2371.000000	0.439250
2372.000000	0.451979
2373.000000	0.447396
2374.000000	0.425502
2375.000000	0.388841
2376.000000	0.340470
2377.000000	0.298208
2378.000000	0.271731
2379.000000	0.260020
2380.000000	0.263075
2381.000000	0.287006
2382.000000	0.327231
2383.000000	0.367965
2384.000000	0.405644
2385.000000	0.432121
2386.000000	0.445360
2387.000000	0.442814
2388.000000	0.429066
2389.000000	0.394951
2390.000000	0.341997
2391.000000	0.298717
2392.000000	0.276313
2393.000000	0.283951
2394.000000	0.313483
2395.000000	0.342506
2396.000000	0.376621
2397.000000	0.410736
2398.000000	0.433649
2399.000000	0.441796
2400.000000	0.439759
2401.000000	0.424993
2402.000000	0.391896
2403.000000	0.342506
2404.000000	0.297190
2405.000000	0.271731
2406.000000	0.267657
2407.000000	0.281914
2408.000000	0.320102
2409.000000	0.365928
2410.000000	0.406662
2411.000000	0.433140
2412.000000	0.444851
2413.000000	0.442814
2414.000000	0.432630
2415.000000	0.412773
2416.000000	0.388841
2417.000000	0.358800
2418.000000	0.324176
2419.000000	0.290061
2420.000000	0.269185
2421.000000	0.256965
2422.000000	0.266130
2423.000000	0.305336
2424.000000	0.347089
2425.000000	0.380185
2426.000000	0.408699
2427.000000	0.432121
2428.000000	0.444851
2429.000000	0.436195
2430.000000	0.411245
2431.000000	0.378149
2432.000000	0.344543
2433.000000	0.308391
2434.000000	0.276823
2435.000000	0.262566
2436.000000	0.263075
2437.000000	0.277332
2438.000000	0.310937
2439.000000	0.359818
2440.000000	0.405644
2441.000000	0.432121
2442.000000	0.429575
2443.000000	0.401571
2444.000000	0.356763
2445.000000	0.311956
2446.000000	0.277841
2447.000000	0.265111
2448.000000	0.272240
2449.000000	0.302790
2450.000000	0.350144
2451.000000	0.396988
2452.000000	0.426011
2453.000000	0.439759
2454.000000	0.425502
2455.000000	0.387823
2456.000000	0.341997
2457.000000	0.301263
2458.000000	0.274277
2459.000000	0.262056
2460.000000	0.263584
2461.000000	0.277332
2462.000000	0.303300
2463.000000	0.327231
2464.000000	0.352181
2465.000000	0.377130
2466.000000	0.399534
2467.000000	0.423465
2468.000000	0.439759
2469.000000	0.446378
2470.000000	0.440268
2471.000000	0.424993
2472.000000	0.396479
2473.000000	0.346580
2474.000000	0.298208
2475.000000	0.276313
2476.000000	0.285988
2477.000000	0.316538
2478.000000	0.358291
2479.000000	0.402080
2480.000000	0.428557
2481.000000	0.429575
2482.000000	0.410227
2483.000000	0.373057
2484.000000	0.332832
2485.000000	0.297190
2486.000000	0.272240
2487.000000	0.262056
2488.000000	0.266130
2489.000000	0.292098
2490.000000	0.328249
2491.000000	0.361346
2492.000000	0.390878
2493.000000	0.417355
2494.000000	0.439250
2495.000000	0.448415
2496.000000	0.446887
2497.000000	0.436195
2498.000000	0.416337
2499.000000	0.381204
2500.000000	0.346580
2501.000000	0.306355
2502.000000	0.276823
2503.000000	0.265621
2504.000000	0.277841
2505.000000	0.309410
2506.000000	0.354726
2507.000000	0.387314
2508.000000	0.419392
2509.000000	0.435685
2510.000000	0.435176
2511.000000	0.419392
2512.000000	0.387314
2513.000000	0.349126
2514.000000	0.316029
2515.000000	0.295153
2516.000000	0.274277
2517.000000	0.261547
2518.000000	0.264602
2519.000000	0.278859
2520.000000	0.304318
2521.000000	0.341997
2522.000000	0.381204
2523.000000	0.415318
2524.000000	0.435176
2525.000000	0.442305
2526.000000	0.431103
2527.000000	0.409208
2528.000000	0.360837
2529.000000	0.310937
2530.000000	0.278350
2531.000000	0.268676
2532.000000	0.271731
2533.000000	0.292607
2534.000000	0.328758
2535.000000	0.368983
2536.000000	0.405135
2537.000000	0.430594
2538.000000	0.438231
2539.000000	0.428557
2540.000000	0.403607
2541.000000	0.371529
2542.000000	0.331304
2543.000000	0.291079
2544.000000	0.269185
2545.000000	0.265111
2546.000000	0.284460
2547.000000	0.315520
2548.000000	0.355745
2549.000000	0.394442
2550.000000	0.424484
2551.000000	0.439759
2552.000000	0.442305
2553.000000	0.429066
2554.000000	0.400552
2555.000000	0.370002
2556.000000	0.333850
2557.000000	0.301263
2558.000000	0.275295
2559.000000	0.263075
2560.000000	0.271222
2561.000000	0.300245
2562.000000	0.326722
2563.000000	0.340470
2564.000000	0.362873
2565.000000	0.388841
2566.000000	0.419901
2567.000000	0.435685
2568.000000	0.430084
2569.000000	0.399025
2570.000000	0.357782
2571.000000	0.316029
2572.000000	0.283442
2573.000000	0.265621
2574.000000	0.269694
2575.000000	0.288024
2576.000000	0.319593
2577.000000	0.366947
2578.000000	0.407172
2579.000000	0.428557
2580.000000	0.433649
2581.000000	0.422956
2582.000000	0.399025
2583.000000	0.365928
2584.000000	0.329777
2585.000000	0.293625
2586.000000	0.269185
2587.000000	0.263584
2588.000000	0.273258
2589.000000	0.296171
2590.000000	0.326213
2591.000000	0.360837
2592.000000	0.396479
2593.000000	0.419901
