0.000000	0.264093
1.000000	0.262566
2.000000	0.252891
3.000000	0.249327
4.000000	0.250855
5.000000	0.250855
6.000000	0.242708
7.000000	0.236598
8.000000	0.238634
9.000000	0.261038
10.000000	0.289552
11.000000	0.284969
12.000000	0.262566
13.000000	0.253400
14.000000	0.265111
15.000000	0.281914
16.000000	0.271731
17.000000	0.275295
18.000000	0.296680
19.000000	0.309410
20.000000	0.321630
21.000000	0.331304
22.000000	0.302790
23.000000	0.276823
24.000000	0.337414
25.000000	0.396479
26.000000	0.392405
27.000000	0.329777
28.000000	0.275295
29.000000	0.272240
30.000000	0.324176
31.000000	0.388332
32.000000	0.397497
33.000000	0.344034
34.000000	0.282933
35.000000	0.278350
36.000000	0.336396
37.000000	0.398006
38.000000	0.415318
39.000000	0.368474
40.000000	0.302790
41.000000	0.274277
42.000000	0.338433
43.000000	0.400043
44.000000	0.410227
45.000000	0.368474
46.000000	0.305336
47.000000	0.267657
48.000000	0.304827
49.000000	0.370002
50.000000	0.415318
51.000000	0.417355
52.000000	0.348616
53.000000	0.284460
54.000000	0.285479
55.000000	0.329268
56.000000	0.371020
57.000000	0.410736
58.000000	0.393933
59.000000	0.340470
60.000000	0.282423
61.000000	0.253400
62.000000	0.279878
63.000000	0.339960
64.000000	0.399025
65.000000	0.412263
66.000000	0.365419
67.000000	0.292607
68.000000	0.270203
69.000000	0.312465
70.000000	0.375093
71.000000	0.409208
72.000000	0.374584
73.000000	0.305336
74.000000	0.262056
75.000000	0.282423
76.000000	0.352690
77.000000	0.401061
78.000000	0.376621
79.000000	0.298717
80.000000	0.276823
81.000000	0.324685
82.000000	0.389350
83.000000	0.393933
84.000000	0.334869
85.000000	0.272240
86.000000	0.267148
87.000000	0.324176
88.000000	0.387823
89.000000	0.373566
90.000000	0.299735
91.000000	0.256965
92.000000	0.282933
93.000000	0.325703
94.000000	0.382222
95.000000	0.391896
96.000000	0.313992
97.000000	0.258492
98.000000	0.245763
99.000000	0.301263
100.000000	0.377130
101.000000	0.393933
102.000000	0.355236
103.000000	0.291079
104.000000	0.245254
105.000000	0.250345
106.000000	0.313992
107.000000	0.383749
108.000000	0.393933
109.000000	0.322648
110.000000	0.260529
111.000000	0.243726
112.000000	0.281405
113.000000	0.357782
114.000000	0.390878
115.000000	0.342506
116.000000	0.273258
117.000000	0.267657
118.000000	0.336905
119.000000	0.395970
120.000000	0.378658
121.000000	0.298717
122.000000	0.247290
123.000000	0.233543
124.000000	0.284969
125.000000	0.361346
126.000000	0.408190
127.000000	0.398516
128.000000	0.327231
129.000000	0.261547
130.000000	0.262056
131.000000	0.331814
132.000000	0.393424
133.000000	0.375093
134.000000	0.304827
135.000000	0.251364
136.000000	0.256965
137.000000	0.316029
138.000000	0.385277
139.000000	0.402080
140.000000	0.347598
141.000000	0.271731
142.000000	0.260020
143.000000	0.311446
144.000000	0.386295
145.000000	0.393424
146.000000	0.326722
147.000000	0.261038
148.000000	0.281405
149.000000	0.358291
150.000000	0.411245
151.000000	0.404626
152.000000	0.327231
153.000000	0.261038
154.000000	0.276823
155.000000	0.362364
156.000000	0.389350
157.000000	0.340470
158.000000	0.282933
159.000000	0.239653
160.000000	0.257983
161.000000	0.335378
162.000000	0.401061
163.000000	0.392405
164.000000	0.309919
165.000000	0.258492
166.000000	0.287515
167.000000	0.370511
168.000000	0.387314
169.000000	0.312974
170.000000	0.255946
171.000000	0.271731
172.000000	0.345561
173.000000	0.406153
174.000000	0.385786
175.000000	0.308391
176.000000	0.253400
177.000000	0.287006
178.000000	0.367456
179.000000	0.415318
180.000000	0.387823
181.000000	0.309919
182.000000	0.255946
183.000000	0.299735
184.000000	0.385277
185.000000	0.371020
186.000000	0.294135
187.000000	0.255946
188.000000	0.299226
189.000000	0.382731
190.000000	0.416846
191.000000	0.369493
192.000000	0.291079
193.000000	0.253400
194.000000	0.298208
195.000000	0.380185
196.000000	0.413791
197.000000	0.366947
198.000000	0.292098
199.000000	0.250345
200.000000	0.299226
201.000000	0.380694
202.000000	0.415318
203.000000	0.370511
204.000000	0.291589
205.000000	0.248309
206.000000	0.302281
207.000000	0.389860
208.000000	0.416337
209.000000	0.390878
210.000000	0.353708
211.000000	0.282423
212.000000	0.259001
213.000000	0.329268
214.000000	0.399534
215.000000	0.363892
216.000000	0.285988
217.000000	0.243726
218.000000	0.288024
219.000000	0.378658
220.000000	0.426011
221.000000	0.411245
222.000000	0.344543
223.000000	0.270203
224.000000	0.259511
225.000000	0.326213
226.000000	0.402080
227.000000	0.396988
228.000000	0.317047
229.000000	0.254928
230.000000	0.262056
231.000000	0.340979
232.000000	0.412773
233.000000	0.407172
234.000000	0.334359
235.000000	0.265111
236.000000	0.274786
237.000000	0.357272
238.000000	0.418883
239.000000	0.427539
240.000000	0.371529
241.000000	0.289552
242.000000	0.253910
243.000000	0.290061
244.000000	0.355745
245.000000	0.418883
246.000000	0.419901
247.000000	0.346070
248.000000	0.270203
249.000000	0.270712
250.000000	0.353708
251.000000	0.415318
252.000000	0.383240
253.000000	0.290570
254.000000	0.269185
255.000000	0.343015
256.000000	0.410736
257.000000	0.396988
258.000000	0.316029
259.000000	0.254928
260.000000	0.249836
261.000000	0.327231
262.000000	0.402080
263.000000	0.363892
264.000000	0.284460
265.000000	0.248309
266.000000	0.285479
267.000000	0.375093
268.000000	0.414300
269.000000	0.370002
270.000000	0.292098
271.000000	0.246272
272.000000	0.278350
273.000000	0.362873
274.000000	0.423974
275.000000	0.388841
276.000000	0.293625
277.000000	0.296171
278.000000	0.368474
279.000000	0.427029
280.000000	0.424484
281.000000	0.362873
282.000000	0.280387
283.000000	0.261547
284.000000	0.325703
285.000000	0.402080
286.000000	0.423974
287.000000	0.386805
288.000000	0.307882
289.000000	0.247290
290.000000	0.238634
291.000000	0.287006
292.000000	0.380185
293.000000	0.413791
294.000000	0.373566
295.000000	0.296680
296.000000	0.242199
297.000000	0.262566
298.000000	0.347089
299.000000	0.415318
300.000000	0.402080
301.000000	0.318575
302.000000	0.257983
303.000000	0.296171
304.000000	0.375093
305.000000	0.433140
306.000000	0.456052
307.000000	0.427539
308.000000	0.330795
309.000000	0.262566
310.000000	0.278859
311.000000	0.340470
312.000000	0.408190
313.000000	0.442305
314.000000	0.422447
315.000000	0.369493
316.000000	0.298717
317.000000	0.243726
318.000000	0.260529
319.000000	0.329777
320.000000	0.407172
321.000000	0.442305
322.000000	0.439759
323.000000	0.383749
324.000000	0.303300
325.000000	0.244744
326.000000	0.244744
327.000000	0.310937
328.000000	0.393933
329.000000	0.423974
330.000000	0.394951
331.000000	0.317557
332.000000	0.251364
333.000000	0.226923
334.000000	0.244744
335.000000	0.315520
336.000000	0.390878
337.000000	0.435176
338.000000	0.418373
339.000000	0.359309
340.000000	0.290570
341.000000	0.237616
342.000000	0.218267
343.000000	0.229978
344.000000	0.290061
345.000000	0.366947
346.000000	0.427029
347.000000	0.450961
348.000000	0.421429
349.000000	0.347598
350.000000	0.267657
351.000000	0.241689
352.000000	0.270712
353.000000	0.339960
354.000000	0.408699
355.000000	0.434158
356.000000	0.397497
357.000000	0.321121
358.000000	0.254419
359.000000	0.220304
360.000000	0.229978
361.000000	0.294644
362.000000	0.383240
363.000000	0.426011
364.000000	0.407172
365.000000	0.336396
366.000000	0.266130
367.000000	0.227942
368.000000	0.262056
369.000000	0.348107
370.000000	0.413282
371.000000	0.412773
372.000000	0.357782
373.000000	0.291079
374.000000	0.237107
375.000000	0.232524
376.000000	0.307373
377.000000	0.390878
378.000000	0.436195
379.000000	0.430594
380.000000	0.373057
381.000000	0.301772
382.000000	0.242708
383.000000	0.225905
384.000000	0.264093
385.000000	0.335887
386.000000	0.405135
387.000000	0.435685
388.000000	0.417864
389.000000	0.354726
390.000000	0.279368
391.000000	0.230487
392.000000	0.257474
393.000000	0.340979
394.000000	0.406153
395.000000	0.396988
396.000000	0.349126
397.000000	0.287515
398.000000	0.235579
399.000000	0.218267
400.000000	0.250855
401.000000	0.320102
402.000000	0.395461
403.000000	0.427539
404.000000	0.397497
405.000000	0.325194
406.000000	0.255946
407.000000	0.232015
408.000000	0.238125
409.000000	0.259001
410.000000	0.317047
411.000000	0.389350
412.000000	0.418373
413.000000	0.376112
414.000000	0.297699
415.000000	0.238125
416.000000	0.222850
417.000000	0.236088
418.000000	0.284969
419.000000	0.359309
420.000000	0.418883
421.000000	0.411754
422.000000	0.328758
423.000000	0.253910
424.000000	0.243217
425.000000	0.280896
426.000000	0.336396
427.000000	0.401061
428.000000	0.434158
429.000000	0.420919
430.000000	0.372038
431.000000	0.311446
432.000000	0.252382
433.000000	0.255437
434.000000	0.317557
435.000000	0.387314
436.000000	0.432121
437.000000	0.449942
438.000000	0.423465
439.000000	0.346070
440.000000	0.264602
441.000000	0.229978
442.000000	0.249327
443.000000	0.316538
444.000000	0.392915
445.000000	0.418883
446.000000	0.382731
447.000000	0.297699
448.000000	0.242199
449.000000	0.268676
450.000000	0.328758
451.000000	0.397497
452.000000	0.436704
453.000000	0.438740
454.000000	0.419392
455.000000	0.364401
456.000000	0.283951
457.000000	0.234561
458.000000	0.267148
459.000000	0.348616
460.000000	0.412773
461.000000	0.434667
462.000000	0.412773
463.000000	0.353199
464.000000	0.279878
465.000000	0.227942
466.000000	0.236088
467.000000	0.295662
468.000000	0.372548
469.000000	0.423465
470.000000	0.430084
471.000000	0.394951
472.000000	0.333850
473.000000	0.263584
474.000000	0.227942
475.000000	0.254419
476.000000	0.334359
477.000000	0.406662
478.000000	0.423465
479.000000	0.385786
480.000000	0.325703
481.000000	0.259001
482.000000	0.227432
483.000000	0.251873
484.000000	0.318066
485.000000	0.377130
486.000000	0.428048
487.000000	0.435176
488.000000	0.377130
489.000000	0.292098
490.000000	0.234561
491.000000	0.234052
492.000000	0.276823
493.000000	0.368474
494.000000	0.426520
495.000000	0.450961
496.000000	0.431103
497.000000	0.360327
498.000000	0.277332
499.000000	0.227942
500.000000	0.244235
501.000000	0.344034
502.000000	0.407681
503.000000	0.394951
504.000000	0.356254
505.000000	0.293625
506.000000	0.240162
507.000000	0.207065
508.000000	0.213685
509.000000	0.251364
510.000000	0.303300
511.000000	0.375093
512.000000	0.419901
513.000000	0.365928
514.000000	0.315520
515.000000	0.280387
516.000000	0.265111
517.000000	0.251364
518.000000	0.263075
519.000000	0.235579
520.000000	0.204010
521.000000	0.190772
522.000000	0.181607
523.000000	0.175496
524.000000	0.173460
525.000000	0.177533
526.000000	0.195354
527.000000	0.227942
528.000000	0.246272
529.000000	0.267657
530.000000	0.269185
531.000000	0.269185
532.000000	0.262056
533.000000	0.232524
534.000000	0.203501
535.000000	0.191281
536.000000	0.185171
537.000000	0.180588
538.000000	0.179061
539.000000	0.177024
540.000000	0.173969
541.000000	0.171932
542.000000	0.175496
543.000000	0.176006
544.000000	0.174987
545.000000	0.173460
546.000000	0.173460
547.000000	0.172951
548.000000	0.171423
549.000000	0.175496
550.000000	0.179061
551.000000	0.185680
552.000000	0.193318
553.000000	0.194336
554.000000	0.193318
555.000000	0.191790
556.000000	0.188735
557.000000	0.186698
558.000000	0.190263
559.000000	0.204520
560.000000	0.225905
561.000000	0.249327
562.000000	0.276313
563.000000	0.303809
564.000000	0.312974
565.000000	0.300245
566.000000	0.298208
567.000000	0.315011
568.000000	0.341488
569.000000	0.352181
570.000000	0.360327
571.000000	0.361855
572.000000	0.355745
573.000000	0.334869
574.000000	0.305846
575.000000	0.283951
576.000000	0.278859
577.000000	0.285479
578.000000	0.304827
579.000000	0.322139
580.000000	0.323158
581.000000	0.300754
582.000000	0.275295
583.000000	0.251873
584.000000	0.229469
585.000000	0.209611
586.000000	0.194336
587.000000	0.183134
588.000000	0.177533
589.000000	0.173460
590.000000	0.174478
591.000000	0.173460
592.000000	0.173460
593.000000	0.175496
594.000000	0.183643
595.000000	0.177533
596.000000	0.177024
597.000000	0.175496
598.000000	0.173460
599.000000	0.175496
600.000000	0.179061
601.000000	0.188735
602.000000	0.195354
603.000000	0.204010
604.000000	0.218267
605.000000	0.211139
606.000000	0.213685
607.000000	0.211648
608.000000	0.204010
609.000000	0.195354
610.000000	0.188735
611.000000	0.184152
612.000000	0.179570
613.000000	0.177533
614.000000	0.173969
615.000000	0.171423
616.000000	0.171423
617.000000	0.171423
618.000000	0.171423
619.000000	0.174478
620.000000	0.183134
621.000000	0.195354
622.000000	0.217758
623.000000	0.225396
624.000000	0.226414
625.000000	0.239143
626.000000	0.260020
627.000000	0.264093
628.000000	0.252382
629.000000	0.234561
630.000000	0.208084
631.000000	0.189753
632.000000	0.182625
633.000000	0.185171
634.000000	0.192808
635.000000	0.193827
636.000000	0.193318
637.000000	0.195354
638.000000	0.195354
639.000000	0.194336
640.000000	0.210120
641.000000	0.237107
642.000000	0.263075
643.000000	0.288534
644.000000	0.297190
645.000000	0.296680
646.000000	0.287515
647.000000	0.281914
648.000000	0.283951
649.000000	0.296171
650.000000	0.301772
651.000000	0.320102
652.000000	0.322648
653.000000	0.319084
654.000000	0.309410
655.000000	0.331814
656.000000	0.367965
657.000000	0.392915
658.000000	0.415828
659.000000	0.443832
660.000000	0.453507
661.000000	0.455034
662.000000	0.463181
663.000000	0.466745
664.000000	0.459617
665.000000	0.437722
666.000000	0.442814
667.000000	0.449433
668.000000	0.433649
669.000000	0.406662
670.000000	0.389860
671.000000	0.383749
672.000000	0.401061
673.000000	0.435176
674.000000	0.457580
675.000000	0.469800
676.000000	0.474383
677.000000	0.475401
678.000000	0.477947
679.000000	0.472855
680.000000	0.474892
681.000000	0.476420
682.000000	0.476420
683.000000	0.477947
684.000000	0.479475
685.000000	0.469800
686.000000	0.470819
687.000000	0.473874
688.000000	0.475401
689.000000	0.472855
690.000000	0.472855
691.000000	0.473364
692.000000	0.456562
693.000000	0.439250
694.000000	0.428048
695.000000	0.380185
696.000000	0.338433
697.000000	0.331304
698.000000	0.327740
699.000000	0.323667
700.000000	0.319593
701.000000	0.323158
702.000000	0.312974
703.000000	0.322648
704.000000	0.350144
705.000000	0.391387
706.000000	0.429066
707.000000	0.454016
708.000000	0.447906
709.000000	0.442814
710.000000	0.443323
711.000000	0.450961
712.000000	0.461144
713.000000	0.460635
714.000000	0.459617
715.000000	0.460635
716.000000	0.469291
717.000000	0.475401
718.000000	0.477438
719.000000	0.472346
720.000000	0.471837
