0.000000	0.417355
1.000000	0.430594
2.000000	0.437213
3.000000	0.432630
4.000000	0.426011
5.000000	0.426520
6.000000	0.433140
7.000000	0.440268
8.000000	0.430594
9.000000	0.400552
10.000000	0.373057
11.000000	0.359309
12.000000	0.345052
13.000000	0.336396
14.000000	0.322648
15.000000	0.320102
16.000000	0.328758
17.000000	0.337414
18.000000	0.350653
19.000000	0.356254
20.000000	0.359818
21.000000	0.382222
22.000000	0.418373
23.000000	0.442814
24.000000	0.455543
25.000000	0.498314
26.000000	0.559924
27.000000	0.565525
28.000000	0.488131
29.000000	0.371020
30.000000	0.278859
31.000000	0.260020
32.000000	0.317047
33.000000	0.417355
34.000000	0.516644
35.000000	0.560434
36.000000	0.531920
37.000000	0.451979
38.000000	0.349126
39.000000	0.266130
40.000000	0.242199
41.000000	0.278350
42.000000	0.378658
43.000000	0.493222
44.000000	0.530901
45.000000	0.467254
46.000000	0.365928
47.000000	0.276313
48.000000	0.252382
49.000000	0.321121
50.000000	0.449433
51.000000	0.533447
52.000000	0.535484
53.000000	0.445869
54.000000	0.333341
55.000000	0.262056
56.000000	0.278350
57.000000	0.383749
58.000000	0.496277
59.000000	0.532938
60.000000	0.466236
61.000000	0.345561
62.000000	0.277841
63.000000	0.325703
64.000000	0.438740
65.000000	0.527337
66.000000	0.519699
67.000000	0.407172
68.000000	0.299226
69.000000	0.270712
70.000000	0.355745
71.000000	0.478965
72.000000	0.524282
73.000000	0.466745
74.000000	0.355236
75.000000	0.274277
76.000000	0.282423
77.000000	0.388332
78.000000	0.501369
79.000000	0.534975
80.000000	0.462672
81.000000	0.342506
82.000000	0.272749
83.000000	0.301263
84.000000	0.419392
85.000000	0.518172
86.000000	0.509007
87.000000	0.411754
88.000000	0.307882
89.000000	0.271731
90.000000	0.338942
91.000000	0.460126
92.000000	0.533956
93.000000	0.495259
94.000000	0.376621
95.000000	0.290061
96.000000	0.309410
97.000000	0.412773
98.000000	0.511043
99.000000	0.517663
100.000000	0.431612
101.000000	0.323158
102.000000	0.277332
103.000000	0.336396
104.000000	0.442814
105.000000	0.488640
106.000000	0.433140
107.000000	0.329777
108.000000	0.266639
109.000000	0.281914
110.000000	0.383240
111.000000	0.469800
112.000000	0.460635
113.000000	0.383749
114.000000	0.293625
115.000000	0.284969
116.000000	0.371020
117.000000	0.465727
118.000000	0.471837
119.000000	0.385277
120.000000	0.294135
121.000000	0.282423
122.000000	0.363382
123.000000	0.459108
124.000000	0.477438
125.000000	0.399534
126.000000	0.304827
127.000000	0.303300
128.000000	0.387314
129.000000	0.474892
130.000000	0.490167
131.000000	0.412773
132.000000	0.311956
133.000000	0.291079
134.000000	0.371529
135.000000	0.466745
136.000000	0.483548
137.000000	0.403098
138.000000	0.304827
139.000000	0.283442
140.000000	0.357272
141.000000	0.456052
142.000000	0.477947
143.000000	0.399025
144.000000	0.304318
145.000000	0.286497
146.000000	0.364401
147.000000	0.459108
148.000000	0.486603
149.000000	0.419392
150.000000	0.317557
151.000000	0.285479
152.000000	0.359309
153.000000	0.453507
154.000000	0.483039
155.000000	0.420410
156.000000	0.325194
157.000000	0.274786
158.000000	0.312465
159.000000	0.404626
160.000000	0.476929
161.000000	0.468782
162.000000	0.381713
163.000000	0.294135
164.000000	0.282933
165.000000	0.356763
166.000000	0.449433
167.000000	0.475910
168.000000	0.412773
169.000000	0.315011
170.000000	0.279368
171.000000	0.338433
172.000000	0.434667
173.000000	0.467254
174.000000	0.402080
175.000000	0.306355
176.000000	0.287515
177.000000	0.359309
178.000000	0.448924
179.000000	0.457071
180.000000	0.375093
181.000000	0.291079
182.000000	0.293625
183.000000	0.380185
184.000000	0.456562
185.000000	0.437722
186.000000	0.351162
187.000000	0.279878
188.000000	0.293116
189.000000	0.380185
190.000000	0.457580
191.000000	0.455034
192.000000	0.375603
193.000000	0.294135
194.000000	0.301263
195.000000	0.387823
196.000000	0.460635
197.000000	0.444341
198.000000	0.352690
199.000000	0.287006
200.000000	0.323667
201.000000	0.414300
202.000000	0.470309
203.000000	0.430594
204.000000	0.332323
205.000000	0.290570
206.000000	0.352181
207.000000	0.443323
208.000000	0.473364
209.000000	0.416337
210.000000	0.321630
211.000000	0.297699
212.000000	0.379676
213.000000	0.458089
214.000000	0.450961
215.000000	0.364401
216.000000	0.293116
217.000000	0.313992
218.000000	0.412263
219.000000	0.462672
220.000000	0.413791
221.000000	0.319593
222.000000	0.291589
223.000000	0.360837
224.000000	0.446378
225.000000	0.469291
226.000000	0.399025
227.000000	0.309410
228.000000	0.289043
229.000000	0.352690
230.000000	0.441286
231.000000	0.470819
232.000000	0.414809
233.000000	0.325194
234.000000	0.284969
235.000000	0.328249
236.000000	0.421429
237.000000	0.467764
238.000000	0.420919
239.000000	0.331814
240.000000	0.292098
241.000000	0.343015
242.000000	0.435685
243.000000	0.470819
244.000000	0.405644
245.000000	0.316538
246.000000	0.324176
247.000000	0.402589
248.000000	0.470309
249.000000	0.476420
250.000000	0.405135
251.000000	0.317557
252.000000	0.300754
253.000000	0.376112
254.000000	0.456052
255.000000	0.454016
256.000000	0.374075
257.000000	0.296680
258.000000	0.302281
259.000000	0.383749
260.000000	0.458089
261.000000	0.450452
262.000000	0.372038
263.000000	0.297699
264.000000	0.303809
265.000000	0.383749
266.000000	0.459108
267.000000	0.454016
268.000000	0.380185
269.000000	0.301772
270.000000	0.292607
271.000000	0.367965
272.000000	0.448415
273.000000	0.449942
274.000000	0.382222
275.000000	0.301263
276.000000	0.283951
277.000000	0.344543
278.000000	0.431103
279.000000	0.463181
280.000000	0.405644
281.000000	0.323667
282.000000	0.277332
283.000000	0.298208
284.000000	0.372038
285.000000	0.447906
286.000000	0.473874
287.000000	0.423974
288.000000	0.335378
289.000000	0.285988
290.000000	0.309410
291.000000	0.392915
292.000000	0.456562
293.000000	0.441796
294.000000	0.361346
295.000000	0.291589
296.000000	0.295662
297.000000	0.366947
298.000000	0.441286
299.000000	0.464708
300.000000	0.419901
301.000000	0.344034
302.000000	0.281914
303.000000	0.276823
304.000000	0.328249
305.000000	0.403607
306.000000	0.461653
307.000000	0.465727
308.000000	0.404626
309.000000	0.321121
310.000000	0.275804
311.000000	0.302790
312.000000	0.379676
313.000000	0.448924
314.000000	0.460126
315.000000	0.409208
316.000000	0.330286
317.000000	0.278859
318.000000	0.291079
319.000000	0.358291
320.000000	0.436195
321.000000	0.447906
322.000000	0.381204
323.000000	0.305846
324.000000	0.272749
325.000000	0.300245
326.000000	0.380185
327.000000	0.448415
328.000000	0.456052
329.000000	0.397497
330.000000	0.316029
331.000000	0.274786
332.000000	0.295153
333.000000	0.362364
334.000000	0.433140
335.000000	0.470819
336.000000	0.451979
337.000000	0.381713
338.000000	0.308901
339.000000	0.265621
340.000000	0.267148
341.000000	0.309919
342.000000	0.377130
343.000000	0.440268
344.000000	0.475910
345.000000	0.464199
346.000000	0.400552
347.000000	0.318575
348.000000	0.272240
349.000000	0.291589
350.000000	0.360837
351.000000	0.431612
352.000000	0.466236
353.000000	0.443832
354.000000	0.376621
355.000000	0.307373
356.000000	0.267148
357.000000	0.287006
358.000000	0.352181
359.000000	0.427029
360.000000	0.471328
361.000000	0.456052
362.000000	0.391896
363.000000	0.317557
364.000000	0.273258
365.000000	0.276823
366.000000	0.320102
367.000000	0.391387
368.000000	0.452488
369.000000	0.469291
370.000000	0.420410
371.000000	0.344543
372.000000	0.284969
373.000000	0.262566
374.000000	0.287006
375.000000	0.347089
376.000000	0.418883
377.000000	0.467254
378.000000	0.467254
379.000000	0.407681
380.000000	0.328758
381.000000	0.282423
382.000000	0.304318
383.000000	0.374075
384.000000	0.441796
385.000000	0.476929
386.000000	0.468273
387.000000	0.412263
388.000000	0.335378
389.000000	0.280896
390.000000	0.276313
391.000000	0.332832
392.000000	0.411245
393.000000	0.464708
394.000000	0.463181
395.000000	0.409208
396.000000	0.337924
397.000000	0.281405
398.000000	0.275804
399.000000	0.319593
400.000000	0.390369
401.000000	0.454525
402.000000	0.470819
403.000000	0.431612
404.000000	0.352181
405.000000	0.289552
406.000000	0.279368
407.000000	0.333850
408.000000	0.401571
409.000000	0.459617
410.000000	0.472855
411.000000	0.439759
412.000000	0.372038
413.000000	0.303300
414.000000	0.273258
415.000000	0.293625
416.000000	0.357782
417.000000	0.429066
418.000000	0.471837
419.000000	0.463690
420.000000	0.419392
421.000000	0.357272
422.000000	0.295153
423.000000	0.269185
424.000000	0.291589
425.000000	0.353708
426.000000	0.427029
427.000000	0.469800
428.000000	0.446378
429.000000	0.373057
430.000000	0.303809
431.000000	0.276313
432.000000	0.305846
433.000000	0.373057
434.000000	0.443832
435.000000	0.472346
436.000000	0.440268
437.000000	0.370002
438.000000	0.303300
439.000000	0.281914
440.000000	0.327740
441.000000	0.402080
442.000000	0.461653
443.000000	0.476929
444.000000	0.444341
445.000000	0.383240
446.000000	0.315011
447.000000	0.279368
448.000000	0.297699
449.000000	0.353708
450.000000	0.423465
451.000000	0.470309
452.000000	0.460635
453.000000	0.395461
454.000000	0.323158
455.000000	0.279878
456.000000	0.289043
457.000000	0.346580
458.000000	0.420919
459.000000	0.470819
460.000000	0.473364
461.000000	0.427029
462.000000	0.350653
463.000000	0.293116
464.000000	0.281914
465.000000	0.323667
466.000000	0.391896
467.000000	0.456052
468.000000	0.465727
469.000000	0.432630
470.000000	0.374075
471.000000	0.311956
472.000000	0.278859
473.000000	0.300754
474.000000	0.371020
475.000000	0.441796
476.000000	0.472346
477.000000	0.443832
478.000000	0.368983
479.000000	0.301772
480.000000	0.284460
481.000000	0.325194
482.000000	0.400552
483.000000	0.460635
484.000000	0.473364
485.000000	0.436195
486.000000	0.364910
487.000000	0.301772
488.000000	0.279368
489.000000	0.316538
490.000000	0.389860
491.000000	0.451979
492.000000	0.474383
493.000000	0.441286
494.000000	0.378149
495.000000	0.308391
496.000000	0.281405
497.000000	0.306355
498.000000	0.365928
499.000000	0.434158
500.000000	0.471328
501.000000	0.458089
502.000000	0.409208
503.000000	0.340470
504.000000	0.287515
505.000000	0.280896
506.000000	0.333850
507.000000	0.408190
508.000000	0.462672
509.000000	0.469291
510.000000	0.429066
511.000000	0.358291
512.000000	0.297699
513.000000	0.290061
514.000000	0.341997
515.000000	0.415318
516.000000	0.468273
517.000000	0.468782
518.000000	0.426520
519.000000	0.360327
520.000000	0.298717
521.000000	0.280387
522.000000	0.315520
523.000000	0.384259
524.000000	0.450452
525.000000	0.474892
526.000000	0.439759
527.000000	0.363382
528.000000	0.299226
529.000000	0.282423
530.000000	0.315520
531.000000	0.379167
532.000000	0.441286
533.000000	0.476929
534.000000	0.467764
535.000000	0.407172
536.000000	0.326722
537.000000	0.289043
538.000000	0.313992
539.000000	0.379167
540.000000	0.446887
541.000000	0.469291
542.000000	0.434158
543.000000	0.365419
544.000000	0.302281
545.000000	0.276823
546.000000	0.301263
547.000000	0.364401
548.000000	0.433649
549.000000	0.469291
550.000000	0.449433
551.000000	0.386805
552.000000	0.322139
553.000000	0.278350
554.000000	0.280387
555.000000	0.324176
556.000000	0.385786
557.000000	0.447396
558.000000	0.473874
559.000000	0.445869
560.000000	0.373057
561.000000	0.305336
562.000000	0.279878
563.000000	0.296171
564.000000	0.352690
565.000000	0.422447
566.000000	0.466236
567.000000	0.456052
568.000000	0.396988
569.000000	0.325194
570.000000	0.283951
571.000000	0.298717
572.000000	0.360327
573.000000	0.431612
574.000000	0.467254
575.000000	0.446887
576.000000	0.385277
577.000000	0.318066
578.000000	0.277332
579.000000	0.282423
580.000000	0.333341
581.000000	0.404117
582.000000	0.458598
583.000000	0.467764
584.000000	0.428048
585.000000	0.361346
586.000000	0.300754
587.000000	0.273258
588.000000	0.288534
589.000000	0.343525
590.000000	0.414300
591.000000	0.462163
592.000000	0.456562
593.000000	0.403607
594.000000	0.331304
595.000000	0.284969
596.000000	0.292607
597.000000	0.349126
598.000000	0.416846
599.000000	0.462163
600.000000	0.454525
601.000000	0.397497
602.000000	0.326213
603.000000	0.282423
604.000000	0.289043
605.000000	0.344543
606.000000	0.411754
607.000000	0.460635
608.000000	0.469291
609.000000	0.427029
610.000000	0.354726
611.000000	0.295662
612.000000	0.274786
613.000000	0.305846
614.000000	0.377130
615.000000	0.440777
616.000000	0.462672
617.000000	0.434158
618.000000	0.365928
619.000000	0.302281
620.000000	0.279878
621.000000	0.306864
622.000000	0.372038
623.000000	0.436704
624.000000	0.458089
625.000000	0.430084
626.000000	0.362873
627.000000	0.299226
628.000000	0.278350
629.000000	0.311446
630.000000	0.376621
631.000000	0.438740
632.000000	0.465727
633.000000	0.448415
634.000000	0.390878
635.000000	0.323667
636.000000	0.279878
637.000000	0.287006
638.000000	0.340470
639.000000	0.406153
640.000000	0.455543
641.000000	0.462163
642.000000	0.416846
643.000000	0.346580
644.000000	0.293116
645.000000	0.282933
646.000000	0.323158
647.000000	0.392405
648.000000	0.448415
649.000000	0.461653
650.000000	0.426520
651.000000	0.358800
652.000000	0.298208
653.000000	0.281914
654.000000	0.335887
655.000000	0.406662
656.000000	0.454525
657.000000	0.461144
658.000000	0.418883
659.000000	0.349126
660.000000	0.292098
661.000000	0.276823
662.000000	0.310937
663.000000	0.376112
664.000000	0.437722
665.000000	0.454525
666.000000	0.415318
667.000000	0.345561
668.000000	0.290570
669.000000	0.274786
670.000000	0.304318
671.000000	0.366947
672.000000	0.430594
673.000000	0.457071
674.000000	0.430594
675.000000	0.369493
676.000000	0.306355
677.000000	0.276313
678.000000	0.290570
679.000000	0.345052
680.000000	0.412773
681.000000	0.455543
682.000000	0.452997
683.000000	0.402080
684.000000	0.332323
685.000000	0.283951
686.000000	0.279878
687.000000	0.322139
688.000000	0.389860
689.000000	0.443323
690.000000	0.450452
691.000000	0.404626
692.000000	0.336396
693.000000	0.285988
694.000000	0.289552
695.000000	0.339960
696.000000	0.407172
697.000000	0.452997
698.000000	0.450452
699.000000	0.404626
700.000000	0.338433
701.000000	0.286497
702.000000	0.274277
703.000000	0.308901
704.000000	0.372038
705.000000	0.432630
706.000000	0.455034
707.000000	0.422447
708.000000	0.358291
709.000000	0.297699
710.000000	0.275295
711.000000	0.305336
712.000000	0.367965
713.000000	0.427539
714.000000	0.459108
715.000000	0.445869
716.000000	0.390878
717.000000	0.326213
718.000000	0.283442
719.000000	0.294135
720.000000	0.342506
721.000000	0.405135
722.000000	0.451470
723.000000	0.463690
724.000000	0.433140
725.000000	0.364401
726.000000	0.300754
727.000000	0.285988
728.000000	0.326213
729.000000	0.391896
730.000000	0.444851
731.000000	0.455543
732.000000	0.420919
733.000000	0.355236
734.000000	0.295662
735.000000	0.284969
736.000000	0.326213
737.000000	0.388332
738.000000	0.442305
739.000000	0.458089
740.000000	0.426520
741.000000	0.367456
742.000000	0.307373
743.000000	0.272749
744.000000	0.283442
745.000000	0.341488
746.000000	0.409208
747.000000	0.451979
748.000000	0.449942
749.000000	0.406662
750.000000	0.343525
751.000000	0.290061
752.000000	0.273258
753.000000	0.307882
754.000000	0.378149
755.000000	0.436195
756.000000	0.450452
757.000000	0.416337
758.000000	0.350653
759.000000	0.293625
760.000000	0.273767
761.000000	0.301772
762.000000	0.367456
763.000000	0.429066
764.000000	0.449942
765.000000	0.416846
766.000000	0.355236
767.000000	0.296680
768.000000	0.275295
769.000000	0.300245
770.000000	0.363892
771.000000	0.426011
772.000000	0.454525
773.000000	0.432121
774.000000	0.370511
775.000000	0.307882
776.000000	0.274277
777.000000	0.285479
778.000000	0.334359
779.000000	0.400552
780.000000	0.446887
781.000000	0.449433
782.000000	0.408699
783.000000	0.343015
784.000000	0.289552
785.000000	0.276823
786.000000	0.312974
787.000000	0.378658
788.000000	0.434158
789.000000	0.448924
790.000000	0.415828
791.000000	0.352181
792.000000	0.294135
793.000000	0.277332
794.000000	0.310937
795.000000	0.371529
796.000000	0.430084
797.000000	0.452997
798.000000	0.428557
799.000000	0.368474
800.000000	0.306864
801.000000	0.276823
802.000000	0.300754
803.000000	0.361855
804.000000	0.421938
805.000000	0.452997
806.000000	0.441286
807.000000	0.386805
808.000000	0.322648
809.000000	0.278859
810.000000	0.275295
811.000000	0.319593
812.000000	0.384768
813.000000	0.438231
814.000000	0.451979
815.000000	0.419392
816.000000	0.355745
817.000000	0.296680
818.000000	0.273767
819.000000	0.298208
820.000000	0.360327
821.000000	0.425502
822.000000	0.452997
823.000000	0.434158
824.000000	0.379676
825.000000	0.316029
826.000000	0.277332
827.000000	0.284460
828.000000	0.335378
829.000000	0.402589
830.000000	0.447396
831.000000	0.444341
832.000000	0.393424
833.000000	0.327740
834.000000	0.281405
835.000000	0.283442
836.000000	0.333341
837.000000	0.397497
838.000000	0.444341
839.000000	0.448415
840.000000	0.406662
841.000000	0.340470
842.000000	0.287515
843.000000	0.281914
844.000000	0.322648
845.000000	0.387314
846.000000	0.438740
847.000000	0.451470
848.000000	0.413791
849.000000	0.345052
850.000000	0.291079
851.000000	0.286497
852.000000	0.332832
853.000000	0.396988
854.000000	0.444851
855.000000	0.447906
856.000000	0.405644
857.000000	0.343015
858.000000	0.289552
859.000000	0.271222
860.000000	0.296680
861.000000	0.356763
862.000000	0.418373
863.000000	0.452488
864.000000	0.435176
865.000000	0.373057
866.000000	0.307373
867.000000	0.282423
868.000000	0.312465
869.000000	0.369493
870.000000	0.427539
871.000000	0.455034
872.000000	0.439759
873.000000	0.386805
874.000000	0.319084
875.000000	0.280387
876.000000	0.284969
877.000000	0.335887
878.000000	0.404117
879.000000	0.446378
880.000000	0.437213
881.000000	0.382731
882.000000	0.319084
883.000000	0.278350
884.000000	0.278350
885.000000	0.316029
886.000000	0.380694
887.000000	0.436704
888.000000	0.450452
889.000000	0.414809
890.000000	0.352690
891.000000	0.296171
892.000000	0.273767
893.000000	0.291079
894.000000	0.340979
895.000000	0.403098
896.000000	0.446378
897.000000	0.454525
898.000000	0.421429
899.000000	0.360327
900.000000	0.300754
901.000000	0.276823
902.000000	0.303809
903.000000	0.366947
904.000000	0.427539
905.000000	0.453507
906.000000	0.429066
907.000000	0.363892
908.000000	0.302790
909.000000	0.277332
910.000000	0.300245
911.000000	0.356763
912.000000	0.418883
913.000000	0.451470
914.000000	0.435176
915.000000	0.381713
916.000000	0.318575
917.000000	0.280387
918.000000	0.294135
919.000000	0.347089
920.000000	0.412773
921.000000	0.447396
922.000000	0.433140
923.000000	0.377639
924.000000	0.315520
925.000000	0.278350
926.000000	0.282933
927.000000	0.321121
928.000000	0.378149
929.000000	0.430594
930.000000	0.456052
931.000000	0.432630
932.000000	0.375603
933.000000	0.315011
934.000000	0.276823
935.000000	0.279878
936.000000	0.330286
937.000000	0.394951
938.000000	0.442814
939.000000	0.456052
940.000000	0.428557
941.000000	0.370511
942.000000	0.310428
943.000000	0.275804
944.000000	0.280387
945.000000	0.324685
946.000000	0.387314
947.000000	0.436704
948.000000	0.460126
949.000000	0.443832
950.000000	0.395970
951.000000	0.336905
952.000000	0.288534
953.000000	0.283442
954.000000	0.325703
955.000000	0.389350
956.000000	0.440268
957.000000	0.452488
958.000000	0.418373
959.000000	0.364910
960.000000	0.306864
961.000000	0.274277
962.000000	0.277332
963.000000	0.322648
964.000000	0.387314
965.000000	0.439250
966.000000	0.458598
967.000000	0.443323
968.000000	0.399534
969.000000	0.340979
970.000000	0.291079
971.000000	0.273258
972.000000	0.297699
973.000000	0.353708
974.000000	0.415828
975.000000	0.450961
976.000000	0.441796
977.000000	0.394951
978.000000	0.331814
979.000000	0.286497
980.000000	0.271222
981.000000	0.290061
982.000000	0.332323
983.000000	0.388332
984.000000	0.438231
985.000000	0.461144
986.000000	0.437213
987.000000	0.381204
988.000000	0.321630
989.000000	0.281405
990.000000	0.285479
991.000000	0.331814
992.000000	0.390878
993.000000	0.440777
994.000000	0.462672
995.000000	0.454525
996.000000	0.418373
997.000000	0.367456
998.000000	0.316538
999.000000	0.277841
1000.000000	0.263584
1001.000000	0.273767
1002.000000	0.315520
1003.000000	0.377639
1004.000000	0.432121
1005.000000	0.456562
1006.000000	0.443832
1007.000000	0.399534
1008.000000	0.343015
1009.000000	0.294135
1010.000000	0.271222
1011.000000	0.280896
1012.000000	0.319084
1013.000000	0.372038
1014.000000	0.424484
1015.000000	0.457580
1016.000000	0.458089
1017.000000	0.424993
1018.000000	0.372038
1019.000000	0.315011
1020.000000	0.277332
1021.000000	0.265621
1022.000000	0.282933
1023.000000	0.327231
1024.000000	0.385786
1025.000000	0.436195
1026.000000	0.463181
1027.000000	0.459108
1028.000000	0.426011
1029.000000	0.367965
1030.000000	0.312974
1031.000000	0.276823
1032.000000	0.276823
1033.000000	0.320102
1034.000000	0.381204
1035.000000	0.433649
1036.000000	0.460635
1037.000000	0.456562
1038.000000	0.430594
1039.000000	0.381713
1040.000000	0.327231
1041.000000	0.283951
1042.000000	0.268167
1043.000000	0.289552
1044.000000	0.338433
1045.000000	0.394442
1046.000000	0.441796
1047.000000	0.464708
1048.000000	0.456052
1049.000000	0.414809
1050.000000	0.353708
1051.000000	0.301772
1052.000000	0.274277
1053.000000	0.283442
1054.000000	0.325194
1055.000000	0.382222
1056.000000	0.432121
1057.000000	0.461144
1058.000000	0.456052
1059.000000	0.421938
1060.000000	0.369493
1061.000000	0.314502
1062.000000	0.278350
1063.000000	0.272240
1064.000000	0.299735
1065.000000	0.351671
1066.000000	0.407172
1067.000000	0.449942
1068.000000	0.466236
1069.000000	0.448415
1070.000000	0.404626
1071.000000	0.351671
1072.000000	0.301263
1073.000000	0.271731
1074.000000	0.271222
1075.000000	0.304827
1076.000000	0.356763
1077.000000	0.408190
1078.000000	0.449942
1079.000000	0.466236
1080.000000	0.453507
1081.000000	0.414809
1082.000000	0.354217
1083.000000	0.301772
1084.000000	0.274786
1085.000000	0.282423
1086.000000	0.313483
1087.000000	0.368983
1088.000000	0.425502
1089.000000	0.460635
1090.000000	0.466745
1091.000000	0.444341
1092.000000	0.396988
1093.000000	0.341488
1094.000000	0.294644
1095.000000	0.270203
1096.000000	0.272240
1097.000000	0.312974
1098.000000	0.370002
1099.000000	0.425502
1100.000000	0.459617
1101.000000	0.466236
1102.000000	0.445360
1103.000000	0.402589
1104.000000	0.346580
1105.000000	0.295153
1106.000000	0.273258
1107.000000	0.289043
1108.000000	0.328758
1109.000000	0.378658
1110.000000	0.429066
1111.000000	0.461144
1112.000000	0.460635
1113.000000	0.429575
1114.000000	0.384259
1115.000000	0.333341
1116.000000	0.291079
1117.000000	0.270203
1118.000000	0.282423
1119.000000	0.323158
1120.000000	0.381204
1121.000000	0.432121
1122.000000	0.462672
1123.000000	0.455543
1124.000000	0.419901
1125.000000	0.364401
1126.000000	0.309919
1127.000000	0.276823
1128.000000	0.272240
1129.000000	0.298208
1130.000000	0.349635
1131.000000	0.404117
1132.000000	0.447906
1133.000000	0.469800
1134.000000	0.467764
1135.000000	0.434667
1136.000000	0.378149
1137.000000	0.325703
1138.000000	0.284460
1139.000000	0.267148
1140.000000	0.277841
1141.000000	0.319084
1142.000000	0.371529
1143.000000	0.424484
1144.000000	0.459617
1145.000000	0.465727
1146.000000	0.446378
1147.000000	0.403098
1148.000000	0.348616
1149.000000	0.300245
1150.000000	0.272240
1151.000000	0.274786
1152.000000	0.303809
1153.000000	0.353199
1154.000000	0.409208
1155.000000	0.449942
1156.000000	0.464708
1157.000000	0.444341
1158.000000	0.397497
1159.000000	0.341488
1160.000000	0.296171
1161.000000	0.269694
1162.000000	0.268676
1163.000000	0.291589
1164.000000	0.336396
1165.000000	0.389860
1166.000000	0.438740
1167.000000	0.465218
1168.000000	0.462163
1169.000000	0.434158
1170.000000	0.389350
1171.000000	0.334869
1172.000000	0.290061
1173.000000	0.269694
1174.000000	0.277332
1175.000000	0.311956
1176.000000	0.369493
1177.000000	0.424484
1178.000000	0.460126
1179.000000	0.464199
1180.000000	0.440777
1181.000000	0.389860
1182.000000	0.331304
1183.000000	0.287515
1184.000000	0.271222
1185.000000	0.282933
1186.000000	0.319593
1187.000000	0.373057
1188.000000	0.424993
1189.000000	0.458598
1190.000000	0.461653
1191.000000	0.434667
1192.000000	0.386805
1193.000000	0.335378
1194.000000	0.292607
1195.000000	0.270712
1196.000000	0.279368
1197.000000	0.319084
1198.000000	0.373566
1199.000000	0.430084
1200.000000	0.460635
1201.000000	0.454525
1202.000000	0.423465
1203.000000	0.375093
1204.000000	0.323667
1205.000000	0.283442
1206.000000	0.276313
1207.000000	0.298208
1208.000000	0.345561
1209.000000	0.401061
1210.000000	0.439250
1211.000000	0.460635
1212.000000	0.440777
1213.000000	0.401061
1214.000000	0.350653
1215.000000	0.306355
1216.000000	0.278859
1217.000000	0.287515
1218.000000	0.323158
1219.000000	0.370002
1220.000000	0.420410
1221.000000	0.457071
1222.000000	0.470309
1223.000000	0.455034
1224.000000	0.419392
1225.000000	0.370511
1226.000000	0.320102
1227.000000	0.283442
1228.000000	0.271222
1229.000000	0.293116
1230.000000	0.347598
1231.000000	0.404117
1232.000000	0.448924
1233.000000	0.464199
1234.000000	0.448415
1235.000000	0.407681
1236.000000	0.356254
1237.000000	0.309919
1238.000000	0.277841
1239.000000	0.267148
1240.000000	0.284460
1241.000000	0.324685
1242.000000	0.379167
1243.000000	0.426520
1244.000000	0.460635
1245.000000	0.470309
1246.000000	0.451979
1247.000000	0.413791
1248.000000	0.364401
1249.000000	0.311446
1250.000000	0.279368
1251.000000	0.276313
1252.000000	0.305846
1253.000000	0.358291
1254.000000	0.414300
1255.000000	0.455543
1256.000000	0.461653
1257.000000	0.439250
1258.000000	0.390369
1259.000000	0.335378
1260.000000	0.292607
1261.000000	0.272240
1262.000000	0.276823
1263.000000	0.307882
1264.000000	0.359309
1265.000000	0.415318
1266.000000	0.454525
1267.000000	0.464199
1268.000000	0.437213
1269.000000	0.388841
1270.000000	0.334869
1271.000000	0.292607
1272.000000	0.270203
1273.000000	0.273258
1274.000000	0.304318
1275.000000	0.354217
1276.000000	0.410736
1277.000000	0.452488
1278.000000	0.464199
1279.000000	0.441286
1280.000000	0.395461
1281.000000	0.341997
1282.000000	0.295662
1283.000000	0.275295
1284.000000	0.287515
1285.000000	0.326213
1286.000000	0.377639
1287.000000	0.428048
1288.000000	0.461144
1289.000000	0.464708
1290.000000	0.442814
1291.000000	0.398006
1292.000000	0.345561
1293.000000	0.300245
1294.000000	0.274786
1295.000000	0.281405
1296.000000	0.319593
1297.000000	0.372548
1298.000000	0.426011
1299.000000	0.460126
1300.000000	0.462163
1301.000000	0.433140
1302.000000	0.380694
1303.000000	0.327231
1304.000000	0.287006
1305.000000	0.274277
1306.000000	0.291079
1307.000000	0.328758
1308.000000	0.378658
1309.000000	0.428048
1310.000000	0.462672
1311.000000	0.467764
1312.000000	0.445360
1313.000000	0.399534
1314.000000	0.342506
1315.000000	0.297699
1316.000000	0.274277
1317.000000	0.281405
1318.000000	0.317557
1319.000000	0.377639
1320.000000	0.429066
1321.000000	0.461653
1322.000000	0.462163
1323.000000	0.429066
1324.000000	0.372548
1325.000000	0.319084
1326.000000	0.283442
1327.000000	0.276823
1328.000000	0.301772
1329.000000	0.352690
1330.000000	0.407172
1331.000000	0.449942
1332.000000	0.467764
1333.000000	0.456052
1334.000000	0.418373
1335.000000	0.368983
1336.000000	0.321121
1337.000000	0.284969
1338.000000	0.271731
1339.000000	0.285988
1340.000000	0.325703
1341.000000	0.379676
1342.000000	0.431612
1343.000000	0.463690
1344.000000	0.468273
1345.000000	0.438231
1346.000000	0.386805
1347.000000	0.331814
1348.000000	0.290570
1349.000000	0.271222
1350.000000	0.279878
1351.000000	0.315011
1352.000000	0.363892
1353.000000	0.414300
1354.000000	0.456052
1355.000000	0.462163
1356.000000	0.431612
1357.000000	0.377130
1358.000000	0.325194
1359.000000	0.287006
1360.000000	0.271731
1361.000000	0.289043
1362.000000	0.339960
1363.000000	0.399025
1364.000000	0.444851
1365.000000	0.466745
1366.000000	0.463181
1367.000000	0.432121
1368.000000	0.385277
1369.000000	0.333341
1370.000000	0.291589
1371.000000	0.276313
1372.000000	0.293116
1373.000000	0.334869
1374.000000	0.389860
1375.000000	0.438231
1376.000000	0.466236
1377.000000	0.466745
1378.000000	0.437213
1379.000000	0.389350
1380.000000	0.333850
1381.000000	0.290570
1382.000000	0.275804
1383.000000	0.287515
1384.000000	0.320612
1385.000000	0.370002
1386.000000	0.422447
1387.000000	0.458598
1388.000000	0.469291
1389.000000	0.449433
1390.000000	0.403607
1391.000000	0.349635
1392.000000	0.303300
1393.000000	0.276313
1394.000000	0.275295
1395.000000	0.307882
1396.000000	0.359309
1397.000000	0.413282
1398.000000	0.452488
1399.000000	0.466236
1400.000000	0.446887
1401.000000	0.400043
1402.000000	0.346580
1403.000000	0.299735
1404.000000	0.275804
1405.000000	0.283951
1406.000000	0.318066
1407.000000	0.370511
1408.000000	0.420410
1409.000000	0.457071
1410.000000	0.467254
1411.000000	0.447906
1412.000000	0.404117
1413.000000	0.349635
1414.000000	0.303300
1415.000000	0.276823
1416.000000	0.283442
1417.000000	0.319593
1418.000000	0.374075
1419.000000	0.423974
1420.000000	0.460126
1421.000000	0.468273
1422.000000	0.447906
1423.000000	0.397497
1424.000000	0.341488
1425.000000	0.296171
1426.000000	0.276823
1427.000000	0.287006
1428.000000	0.325703
1429.000000	0.372038
1430.000000	0.421938
1431.000000	0.458089
1432.000000	0.467764
1433.000000	0.444851
1434.000000	0.405644
1435.000000	0.349635
1436.000000	0.301772
1437.000000	0.279368
1438.000000	0.291079
1439.000000	0.328249
1440.000000	0.382222
1441.000000	0.431103
1442.000000	0.462163
1443.000000	0.467254
1444.000000	0.440268
1445.000000	0.390878
1446.000000	0.334869
1447.000000	0.294135
1448.000000	0.275804
1449.000000	0.289552
1450.000000	0.325703
1451.000000	0.378149
1452.000000	0.426520
1453.000000	0.458598
1454.000000	0.463690
1455.000000	0.442305
1456.000000	0.392915
1457.000000	0.337414
1458.000000	0.294644
1459.000000	0.278350
1460.000000	0.292098
1461.000000	0.334869
1462.000000	0.388841
1463.000000	0.438231
1464.000000	0.462672
1465.000000	0.453507
1466.000000	0.412263
1467.000000	0.359818
1468.000000	0.310937
1469.000000	0.279878
1470.000000	0.272749
1471.000000	0.301263
1472.000000	0.346580
1473.000000	0.398006
1474.000000	0.443323
1475.000000	0.467254
1476.000000	0.465727
1477.000000	0.439250
1478.000000	0.390878
1479.000000	0.334359
1480.000000	0.293116
1481.000000	0.281914
1482.000000	0.299226
1483.000000	0.341488
1484.000000	0.391387
1485.000000	0.439759
1486.000000	0.465727
1487.000000	0.463690
1488.000000	0.433140
1489.000000	0.381204
1490.000000	0.326213
1491.000000	0.320102
1492.000000	0.328249
1493.000000	0.322648
1494.000000	0.350653
1495.000000	0.393933
1496.000000	0.438740
1497.000000	0.465727
1498.000000	0.468273
1499.000000	0.441286
1500.000000	0.390878
1501.000000	0.335887
1502.000000	0.294644
1503.000000	0.275295
1504.000000	0.282423
1505.000000	0.318575
1506.000000	0.374584
1507.000000	0.427029
1508.000000	0.460126
1509.000000	0.462672
1510.000000	0.435685
1511.000000	0.385786
1512.000000	0.330286
1513.000000	0.289043
1514.000000	0.276313
1515.000000	0.289552
1516.000000	0.326213
1517.000000	0.376621
1518.000000	0.426011
1519.000000	0.458598
1520.000000	0.462672
1521.000000	0.435685
1522.000000	0.389860
1523.000000	0.335887
1524.000000	0.295662
1525.000000	0.273258
1526.000000	0.276823
1527.000000	0.305846
1528.000000	0.354217
1529.000000	0.406153
1530.000000	0.446887
1531.000000	0.465218
1532.000000	0.454525
1533.000000	0.419392
1534.000000	0.367456
1535.000000	0.316538
1536.000000	0.283442
1537.000000	0.276823
1538.000000	0.302281
1539.000000	0.348616
1540.000000	0.399534
1541.000000	0.443323
1542.000000	0.462672
1543.000000	0.454016
1544.000000	0.416337
1545.000000	0.365419
1546.000000	0.316538
1547.000000	0.282933
1548.000000	0.273767
1549.000000	0.293116
1550.000000	0.335378
1551.000000	0.389350
1552.000000	0.436704
1553.000000	0.462163
1554.000000	0.456052
1555.000000	0.422956
1556.000000	0.367965
1557.000000	0.317047
1558.000000	0.282423
1559.000000	0.273258
1560.000000	0.291589
1561.000000	0.329268
1562.000000	0.375603
1563.000000	0.419901
1564.000000	0.455543
1565.000000	0.462163
1566.000000	0.441796
1567.000000	0.401571
1568.000000	0.355236
1569.000000	0.309919
1570.000000	0.279878
1571.000000	0.277841
1572.000000	0.307373
1573.000000	0.352690
1574.000000	0.400043
1575.000000	0.441286
1576.000000	0.462672
1577.000000	0.451979
1578.000000	0.414809
1579.000000	0.360327
1580.000000	0.311956
1581.000000	0.282423
1582.000000	0.288024
1583.000000	0.320612
1584.000000	0.371020
1585.000000	0.420919
1586.000000	0.456052
1587.000000	0.462672
1588.000000	0.441286
1589.000000	0.394951
1590.000000	0.339960
1591.000000	0.297699
1592.000000	0.277332
1593.000000	0.286497
1594.000000	0.324176
1595.000000	0.377639
1596.000000	0.427539
1597.000000	0.457071
1598.000000	0.457580
1599.000000	0.428048
1600.000000	0.377130
1601.000000	0.324176
1602.000000	0.287006
1603.000000	0.284969
1604.000000	0.317047
1605.000000	0.368983
1606.000000	0.418373
1607.000000	0.454016
1608.000000	0.461653
1609.000000	0.439759
1610.000000	0.404117
1611.000000	0.357272
1612.000000	0.311956
1613.000000	0.281914
1614.000000	0.276313
1615.000000	0.305336
1616.000000	0.353199
1617.000000	0.405644
1618.000000	0.446378
1619.000000	0.459108
1620.000000	0.440777
1621.000000	0.401061
1622.000000	0.352690
1623.000000	0.304318
1624.000000	0.278859
1625.000000	0.278350
1626.000000	0.303809
1627.000000	0.349635
1628.000000	0.400552
1629.000000	0.441286
1630.000000	0.463690
1631.000000	0.462163
1632.000000	0.428557
1633.000000	0.377639
1634.000000	0.324176
1635.000000	0.286497
1636.000000	0.274277
1637.000000	0.289552
1638.000000	0.327740
1639.000000	0.375603
1640.000000	0.423974
1641.000000	0.456052
1642.000000	0.458598
1643.000000	0.429575
1644.000000	0.380694
1645.000000	0.347598
1646.000000	0.306355
1647.000000	0.282423
1648.000000	0.285988
1649.000000	0.312974
1650.000000	0.355745
1651.000000	0.400552
1652.000000	0.440268
1653.000000	0.460126
1654.000000	0.450452
1655.000000	0.409208
1656.000000	0.356254
1657.000000	0.307373
1658.000000	0.277332
1659.000000	0.276313
1660.000000	0.300245
1661.000000	0.347598
1662.000000	0.400552
1663.000000	0.441286
1664.000000	0.460126
1665.000000	0.450452
1666.000000	0.414809
1667.000000	0.360837
1668.000000	0.309410
1669.000000	0.278859
1670.000000	0.280387
1671.000000	0.303809
1672.000000	0.341488
1673.000000	0.387823
1674.000000	0.433140
1675.000000	0.457580
1676.000000	0.460635
1677.000000	0.435685
1678.000000	0.397497
1679.000000	0.347089
1680.000000	0.300245
1681.000000	0.279368
1682.000000	0.298208
1683.000000	0.344034
1684.000000	0.396988
1685.000000	0.439250
1686.000000	0.458598
1687.000000	0.449942
1688.000000	0.407681
1689.000000	0.350653
1690.000000	0.302790
1691.000000	0.276823
1692.000000	0.279878
1693.000000	0.311446
1694.000000	0.358291
1695.000000	0.407681
1696.000000	0.445869
1697.000000	0.456052
1698.000000	0.435685
1699.000000	0.393933
1700.000000	0.346580
1701.000000	0.301263
1702.000000	0.274786
1703.000000	0.273767
1704.000000	0.302790
1705.000000	0.348107
1706.000000	0.403607
1707.000000	0.443832
1708.000000	0.458598
1709.000000	0.441796
1710.000000	0.403607
1711.000000	0.359309
1712.000000	0.312465
1713.000000	0.280896
1714.000000	0.269185
1715.000000	0.285988
1716.000000	0.332323
1717.000000	0.386295
1718.000000	0.432630
1719.000000	0.459108
1720.000000	0.469800
1721.000000	0.460126
1722.000000	0.418373
1723.000000	0.351671
1724.000000	0.301263
1725.000000	0.278350
1726.000000	0.293116
1727.000000	0.335887
1728.000000	0.385786
1729.000000	0.431612
1730.000000	0.451470
1731.000000	0.441796
1732.000000	0.409717
1733.000000	0.365928
1734.000000	0.316029
1735.000000	0.282423
1736.000000	0.275295
1737.000000	0.292098
1738.000000	0.327231
1739.000000	0.371020
1740.000000	0.418373
1741.000000	0.450452
1742.000000	0.461144
1743.000000	0.447396
1744.000000	0.412263
1745.000000	0.362873
1746.000000	0.314502
1747.000000	0.279878
1748.000000	0.267657
1749.000000	0.289552
1750.000000	0.336396
1751.000000	0.389350
1752.000000	0.431103
1753.000000	0.456052
1754.000000	0.451470
1755.000000	0.422956
1756.000000	0.377130
1757.000000	0.326722
1758.000000	0.287515
1759.000000	0.270712
1760.000000	0.282933
1761.000000	0.328758
1762.000000	0.380694
1763.000000	0.426011
1764.000000	0.445869
1765.000000	0.429575
1766.000000	0.392405
1767.000000	0.346070
1768.000000	0.300245
1769.000000	0.273767
1770.000000	0.276313
1771.000000	0.306355
1772.000000	0.357782
1773.000000	0.411245
1774.000000	0.444341
1775.000000	0.450452
1776.000000	0.430594
1777.000000	0.387823
1778.000000	0.336396
1779.000000	0.293116
1780.000000	0.272749
1781.000000	0.280896
1782.000000	0.315011
1783.000000	0.358291
1784.000000	0.402589
1785.000000	0.439250
1786.000000	0.459617
1787.000000	0.464708
1788.000000	0.449942
1789.000000	0.411754
1790.000000	0.358291
1791.000000	0.308901
1792.000000	0.276313
1793.000000	0.269185
1794.000000	0.285988
1795.000000	0.322648
1796.000000	0.366947
1797.000000	0.409208
1798.000000	0.444341
1799.000000	0.457071
1800.000000	0.446378
1801.000000	0.419392
1802.000000	0.373566
1803.000000	0.322648
1804.000000	0.285479
1805.000000	0.272749
1806.000000	0.285479
1807.000000	0.318575
1808.000000	0.362873
1809.000000	0.409717
1810.000000	0.443832
1811.000000	0.454016
1812.000000	0.435685
1813.000000	0.388841
1814.000000	0.337414
1815.000000	0.295153
1816.000000	0.271222
1817.000000	0.274277
1818.000000	0.302790
1819.000000	0.346070
1820.000000	0.392915
1821.000000	0.433140
1822.000000	0.454525
1823.000000	0.452488
1824.000000	0.429575
1825.000000	0.387823
1826.000000	0.338942
1827.000000	0.295662
1828.000000	0.272749
1829.000000	0.277332
1830.000000	0.309919
1831.000000	0.358800
1832.000000	0.409208
1833.000000	0.443832
1834.000000	0.452997
1835.000000	0.433649
1836.000000	0.390369
1837.000000	0.339451
1838.000000	0.297190
1839.000000	0.272240
1840.000000	0.269694
1841.000000	0.289552
1842.000000	0.326722
1843.000000	0.370511
1844.000000	0.413282
1845.000000	0.445360
1846.000000	0.457071
1847.000000	0.445360
1848.000000	0.410736
1849.000000	0.362873
1850.000000	0.313992
1851.000000	0.279878
1852.000000	0.268676
1853.000000	0.285479
1854.000000	0.319084
1855.000000	0.365928
1856.000000	0.410227
1857.000000	0.442814
1858.000000	0.458598
1859.000000	0.456562
1860.000000	0.436704
1861.000000	0.402589
1862.000000	0.352690
1863.000000	0.306355
1864.000000	0.275804
1865.000000	0.270712
1866.000000	0.294644
1867.000000	0.333341
1868.000000	0.380694
1869.000000	0.422956
1870.000000	0.448415
1871.000000	0.454016
1872.000000	0.435685
1873.000000	0.397497
1874.000000	0.348107
1875.000000	0.304827
1876.000000	0.275804
1877.000000	0.266130
1878.000000	0.283442
1879.000000	0.313483
1880.000000	0.358291
1881.000000	0.403098
1882.000000	0.437213
1883.000000	0.454525
1884.000000	0.452488
1885.000000	0.425502
1886.000000	0.383240
1887.000000	0.336905
1888.000000	0.296171
1889.000000	0.272749
1890.000000	0.273767
1891.000000	0.293116
1892.000000	0.329777
1893.000000	0.373566
1894.000000	0.414809
1895.000000	0.445360
1896.000000	0.454016
1897.000000	0.436195
1898.000000	0.395461
1899.000000	0.344543
1900.000000	0.301263
1901.000000	0.274786
1902.000000	0.271222
1903.000000	0.290061
1904.000000	0.323667
1905.000000	0.366437
1906.000000	0.412773
1907.000000	0.443323
1908.000000	0.448415
1909.000000	0.426520
1910.000000	0.392405
1911.000000	0.356763
1912.000000	0.320612
1913.000000	0.290570
1914.000000	0.268676
1915.000000	0.264093
1916.000000	0.281914
1917.000000	0.323667
1918.000000	0.382222
1919.000000	0.423974
1920.000000	0.449433
1921.000000	0.455034
1922.000000	0.440268
1923.000000	0.408190
1924.000000	0.361346
1925.000000	0.317557
1926.000000	0.284969
1927.000000	0.266639
1928.000000	0.267148
1929.000000	0.289552
1930.000000	0.330795
1931.000000	0.376621
1932.000000	0.416846
1933.000000	0.444851
1934.000000	0.456562
1935.000000	0.452488
1936.000000	0.427029
1937.000000	0.378658
1938.000000	0.329777
1939.000000	0.292098
1940.000000	0.270203
1941.000000	0.270203
1942.000000	0.293625
1943.000000	0.325703
1944.000000	0.363382
1945.000000	0.405135
1946.000000	0.437213
1947.000000	0.454525
1948.000000	0.444851
1949.000000	0.414809
1950.000000	0.375603
1951.000000	0.331814
1952.000000	0.294644
1953.000000	0.270712
1954.000000	0.266130
1955.000000	0.283951
1956.000000	0.319084
1957.000000	0.361346
1958.000000	0.405135
1959.000000	0.438231
1960.000000	0.452488
1961.000000	0.445360
1962.000000	0.421938
1963.000000	0.386295
1964.000000	0.346580
1965.000000	0.307882
1966.000000	0.278350
1967.000000	0.264602
1968.000000	0.276313
1969.000000	0.310428
1970.000000	0.354726
1971.000000	0.395461
1972.000000	0.429575
1973.000000	0.451979
1974.000000	0.454525
1975.000000	0.435176
1976.000000	0.399534
1977.000000	0.357272
1978.000000	0.314502
1979.000000	0.282423
1980.000000	0.266130
1981.000000	0.269185
1982.000000	0.293116
1983.000000	0.328249
1984.000000	0.375603
1985.000000	0.416337
1986.000000	0.443832
1987.000000	0.454016
1988.000000	0.441796
1989.000000	0.409717
1990.000000	0.361855
1991.000000	0.317047
1992.000000	0.283951
1993.000000	0.266639
1994.000000	0.269185
1995.000000	0.289043
1996.000000	0.325194
1997.000000	0.370511
1998.000000	0.410736
1999.000000	0.440777
2000.000000	0.457071
2001.000000	0.456562
2002.000000	0.443323
2003.000000	0.416846
2004.000000	0.373057
2005.000000	0.327740
2006.000000	0.290570
2007.000000	0.271222
2008.000000	0.277332
2009.000000	0.302790
2010.000000	0.341488
2011.000000	0.384259
2012.000000	0.422956
2013.000000	0.448924
2014.000000	0.450961
2015.000000	0.433649
2016.000000	0.403098
2017.000000	0.362364
2018.000000	0.323158
2019.000000	0.292607
2020.000000	0.270203
2021.000000	0.263584
2022.000000	0.274786
2023.000000	0.304318
2024.000000	0.344543
2025.000000	0.388332
2026.000000	0.426520
2027.000000	0.449942
2028.000000	0.453507
2029.000000	0.440777
2030.000000	0.415828
2031.000000	0.378149
2032.000000	0.333341
2033.000000	0.294644
2034.000000	0.274277
2035.000000	0.275804
2036.000000	0.298717
2037.000000	0.332323
2038.000000	0.372038
2039.000000	0.412263
2040.000000	0.442305
2041.000000	0.456562
2042.000000	0.451470
2043.000000	0.430084
2044.000000	0.393424
2045.000000	0.349635
2046.000000	0.309410
2047.000000	0.279878
2048.000000	0.267657
2049.000000	0.274786
2050.000000	0.298717
2051.000000	0.337924
2052.000000	0.385786
2053.000000	0.426011
2054.000000	0.449433
2055.000000	0.451470
2056.000000	0.432630
2057.000000	0.402080
2058.000000	0.361855
2059.000000	0.319084
2060.000000	0.287006
2061.000000	0.268167
2062.000000	0.264602
2063.000000	0.275295
2064.000000	0.299226
2065.000000	0.337924
2066.000000	0.380185
2067.000000	0.416846
2068.000000	0.444851
2069.000000	0.458598
2070.000000	0.452488
2071.000000	0.429575
2072.000000	0.393933
2073.000000	0.350653
2074.000000	0.310937
2075.000000	0.281405
2076.000000	0.268167
2077.000000	0.270203
2078.000000	0.289552
2079.000000	0.323158
2080.000000	0.368474
2081.000000	0.413282
2082.000000	0.443832
2083.000000	0.453507
2084.000000	0.441796
2085.000000	0.409208
2086.000000	0.366437
2087.000000	0.322648
2088.000000	0.289043
2089.000000	0.270203
2090.000000	0.271731
2091.000000	0.291589
2092.000000	0.327740
2093.000000	0.368983
2094.000000	0.410736
2095.000000	0.441286
2096.000000	0.458598
2097.000000	0.455034
2098.000000	0.432630
2099.000000	0.396479
2100.000000	0.353708
2101.000000	0.312465
2102.000000	0.282933
2103.000000	0.269694
2104.000000	0.281405
2105.000000	0.310428
2106.000000	0.348616
2107.000000	0.388332
2108.000000	0.426520
2109.000000	0.450452
2110.000000	0.457071
2111.000000	0.444341
2112.000000	0.416337
2113.000000	0.381204
2114.000000	0.340979
2115.000000	0.303300
2116.000000	0.277332
2117.000000	0.269185
2118.000000	0.279878
2119.000000	0.305846
2120.000000	0.343525
2121.000000	0.384768
2122.000000	0.422956
2123.000000	0.448415
2124.000000	0.458598
2125.000000	0.452488
2126.000000	0.428048
2127.000000	0.390369
2128.000000	0.347598
2129.000000	0.307882
2130.000000	0.279878
2131.000000	0.273258
2132.000000	0.283442
2133.000000	0.310428
2134.000000	0.348107
2135.000000	0.389350
2136.000000	0.425502
2137.000000	0.448415
2138.000000	0.458089
2139.000000	0.451979
2140.000000	0.422447
2141.000000	0.381204
2142.000000	0.338942
2143.000000	0.300754
2144.000000	0.277332
2145.000000	0.273258
2146.000000	0.289552
2147.000000	0.319593
2148.000000	0.359309
2149.000000	0.400552
2150.000000	0.435685
2151.000000	0.454525
2152.000000	0.455034
2153.000000	0.435685
2154.000000	0.401061
2155.000000	0.358800
2156.000000	0.315520
2157.000000	0.285479
2158.000000	0.270712
2159.000000	0.275804
2160.000000	0.299226
2161.000000	0.335887
2162.000000	0.379167
2163.000000	0.422447
2164.000000	0.447906
2165.000000	0.454525
2166.000000	0.441286
2167.000000	0.411754
2168.000000	0.371529
2169.000000	0.329777
2170.000000	0.298208
2171.000000	0.276823
2172.000000	0.275295
2173.000000	0.293116
2174.000000	0.322648
2175.000000	0.358291
2176.000000	0.399025
2177.000000	0.431612
2178.000000	0.454016
2179.000000	0.460635
2180.000000	0.450452
2181.000000	0.422956
2182.000000	0.382731
2183.000000	0.338942
2184.000000	0.302281
2185.000000	0.278350
2186.000000	0.271222
2187.000000	0.289043
2188.000000	0.324685
2189.000000	0.369493
2190.000000	0.415318
2191.000000	0.444341
2192.000000	0.457580
2193.000000	0.449942
2194.000000	0.423465
2195.000000	0.386295
2196.000000	0.343015
2197.000000	0.304827
2198.000000	0.278859
2199.000000	0.272749
2200.000000	0.287515
2201.000000	0.317047
2202.000000	0.355236
2203.000000	0.393424
2204.000000	0.431103
2205.000000	0.452997
2206.000000	0.457580
2207.000000	0.443832
2208.000000	0.413791
2209.000000	0.372548
2210.000000	0.330286
2211.000000	0.296680
2212.000000	0.275804
2213.000000	0.270203
2214.000000	0.287006
2215.000000	0.318575
2216.000000	0.359818
2217.000000	0.399025
2218.000000	0.434158
2219.000000	0.452997
2220.000000	0.455034
2221.000000	0.437213
2222.000000	0.405135
2223.000000	0.365419
2224.000000	0.328249
2225.000000	0.295662
2226.000000	0.275804
2227.000000	0.274277
2228.000000	0.293625
2229.000000	0.326722
2230.000000	0.368474
2231.000000	0.409208
2232.000000	0.440268
2233.000000	0.456052
2234.000000	0.451979
2235.000000	0.430084
2236.000000	0.394442
2237.000000	0.354217
2238.000000	0.316029
2239.000000	0.285479
2240.000000	0.271731
2241.000000	0.276823
2242.000000	0.299735
2243.000000	0.336396
2244.000000	0.377639
2245.000000	0.417864
2246.000000	0.446378
2247.000000	0.457071
2248.000000	0.448415
2249.000000	0.421938
2250.000000	0.380694
2251.000000	0.332323
2252.000000	0.295662
2253.000000	0.276823
2254.000000	0.275295
2255.000000	0.291079
2256.000000	0.326722
2257.000000	0.377130
2258.000000	0.407681
2259.000000	0.403098
2260.000000	0.401571
2261.000000	0.409208
2262.000000	0.407681
2263.000000	0.388332
2264.000000	0.358291
2265.000000	0.321121
2266.000000	0.290570
2267.000000	0.272749
2268.000000	0.270712
2269.000000	0.284969
2270.000000	0.311956
2271.000000	0.344034
2272.000000	0.384768
2273.000000	0.421938
2274.000000	0.448415
2275.000000	0.458598
2276.000000	0.452488
2277.000000	0.428557
2278.000000	0.394951
2279.000000	0.358291
2280.000000	0.317047
2281.000000	0.287515
2282.000000	0.274786
2283.000000	0.280896
2284.000000	0.306864
2285.000000	0.341997
2286.000000	0.384768
2287.000000	0.422956
2288.000000	0.449433
2289.000000	0.459617
2290.000000	0.451979
2291.000000	0.428557
2292.000000	0.392915
2293.000000	0.349635
2294.000000	0.310937
2295.000000	0.283951
2296.000000	0.276313
2297.000000	0.291079
2298.000000	0.324176
2299.000000	0.365928
2300.000000	0.409208
2301.000000	0.440777
2302.000000	0.457071
2303.000000	0.457580
2304.000000	0.437213
2305.000000	0.405135
2306.000000	0.367965
2307.000000	0.328249
2308.000000	0.296171
2309.000000	0.277332
2310.000000	0.273258
2311.000000	0.287515
2312.000000	0.312974
2313.000000	0.349126
2314.000000	0.390878
2315.000000	0.427029
2316.000000	0.451979
2317.000000	0.459108
2318.000000	0.448415
2319.000000	0.423465
2320.000000	0.390878
2321.000000	0.352181
2322.000000	0.314502
2323.000000	0.286497
2324.000000	0.274786
2325.000000	0.283442
2326.000000	0.311956
2327.000000	0.350653
2328.000000	0.393933
2329.000000	0.430084
2330.000000	0.456052
2331.000000	0.459108
2332.000000	0.439250
2333.000000	0.401571
2334.000000	0.359818
2335.000000	0.320612
2336.000000	0.291079
2337.000000	0.274786
2338.000000	0.274786
2339.000000	0.287006
2340.000000	0.311446
2341.000000	0.349126
2342.000000	0.386805
2343.000000	0.420410
2344.000000	0.446887
2345.000000	0.462672
2346.000000	0.462163
2347.000000	0.445360
2348.000000	0.413791
2349.000000	0.379676
2350.000000	0.346070
2351.000000	0.311446
2352.000000	0.285479
2353.000000	0.271731
2354.000000	0.280896
2355.000000	0.319084
2356.000000	0.374075
2357.000000	0.421938
2358.000000	0.450961
2359.000000	0.458089
2360.000000	0.437213
2361.000000	0.396988
2362.000000	0.345052
2363.000000	0.303809
2364.000000	0.281914
2365.000000	0.282933
2366.000000	0.298717
2367.000000	0.330286
2368.000000	0.373566
2369.000000	0.414809
2370.000000	0.446378
2371.000000	0.458598
2372.000000	0.450452
2373.000000	0.435176
2374.000000	0.413791
2375.000000	0.380694
2376.000000	0.340979
2377.000000	0.305846
2378.000000	0.281405
2379.000000	0.275295
2380.000000	0.287515
2381.000000	0.313992
2382.000000	0.351162
2383.000000	0.387314
2384.000000	0.421429
2385.000000	0.447906
2386.000000	0.462672
2387.000000	0.462163
2388.000000	0.445360
2389.000000	0.411754
2390.000000	0.367456
2391.000000	0.322139
2392.000000	0.291079
2393.000000	0.277332
2394.000000	0.281405
2395.000000	0.302790
2396.000000	0.337924
2397.000000	0.380694
2398.000000	0.420410
2399.000000	0.448415
2400.000000	0.458598
2401.000000	0.447906
2402.000000	0.421429
2403.000000	0.381204
2404.000000	0.339451
2405.000000	0.303809
2406.000000	0.281405
2407.000000	0.275804
2408.000000	0.283442
2409.000000	0.304827
2410.000000	0.341488
2411.000000	0.388841
2412.000000	0.429066
2413.000000	0.451979
2414.000000	0.455543
2415.000000	0.439250
2416.000000	0.410227
2417.000000	0.370511
2418.000000	0.330286
2419.000000	0.297190
2420.000000	0.278350
2421.000000	0.275804
2422.000000	0.290061
2423.000000	0.317047
2424.000000	0.352181
2425.000000	0.387823
2426.000000	0.422447
2427.000000	0.449433
2428.000000	0.459108
2429.000000	0.449433
2430.000000	0.419392
2431.000000	0.378149
2432.000000	0.334359
2433.000000	0.299735
2434.000000	0.279368
2435.000000	0.278859
2436.000000	0.295153
2437.000000	0.322139
2438.000000	0.358800
2439.000000	0.399534
2440.000000	0.434667
2441.000000	0.455543
2442.000000	0.459617
2443.000000	0.442305
2444.000000	0.407681
2445.000000	0.363382
2446.000000	0.321630
2447.000000	0.291589
2448.000000	0.279878
2449.000000	0.289552
2450.000000	0.315520
2451.000000	0.351671
2452.000000	0.389860
2453.000000	0.424484
2454.000000	0.449433
2455.000000	0.462163
2456.000000	0.462163
2457.000000	0.447396
2458.000000	0.420410
2459.000000	0.385277
2460.000000	0.344034
2461.000000	0.307882
2462.000000	0.283442
2463.000000	0.275295
2464.000000	0.285479
2465.000000	0.309410
2466.000000	0.342506
2467.000000	0.379676
2468.000000	0.415318
2469.000000	0.444341
2470.000000	0.458598
2471.000000	0.454016
2472.000000	0.435176
2473.000000	0.404626
2474.000000	0.362364
2475.000000	0.320612
2476.000000	0.291079
2477.000000	0.278350
2478.000000	0.282933
2479.000000	0.306355
2480.000000	0.339960
2481.000000	0.378149
2482.000000	0.414300
2483.000000	0.443832
2484.000000	0.458598
2485.000000	0.455543
2486.000000	0.438231
2487.000000	0.410227
2488.000000	0.371020
2489.000000	0.327740
2490.000000	0.297190
2491.000000	0.281914
2492.000000	0.288534
2493.000000	0.307882
2494.000000	0.337924
2495.000000	0.379676
2496.000000	0.419901
2497.000000	0.446887
2498.000000	0.458598
2499.000000	0.450452
2500.000000	0.422447
2501.000000	0.381204
2502.000000	0.339451
2503.000000	0.305336
2504.000000	0.281914
2505.000000	0.273258
2506.000000	0.281405
2507.000000	0.305846
2508.000000	0.341488
2509.000000	0.384259
2510.000000	0.421429
2511.000000	0.447906
2512.000000	0.459108
2513.000000	0.450961
2514.000000	0.423974
2515.000000	0.388332
2516.000000	0.349635
2517.000000	0.315011
2518.000000	0.291079
2519.000000	0.280896
2520.000000	0.287006
2521.000000	0.313992
2522.000000	0.348616
2523.000000	0.389860
2524.000000	0.427029
2525.000000	0.450961
2526.000000	0.456562
2527.000000	0.442305
2528.000000	0.411245
2529.000000	0.371529
2530.000000	0.327740
2531.000000	0.295153
2532.000000	0.279878
2533.000000	0.285479
2534.000000	0.308901
2535.000000	0.343525
2536.000000	0.379676
2537.000000	0.413791
2538.000000	0.442305
2539.000000	0.457580
2540.000000	0.454525
2541.000000	0.434158
2542.000000	0.394951
2543.000000	0.350653
2544.000000	0.312465
2545.000000	0.286497
2546.000000	0.276823
2547.000000	0.273258
2548.000000	0.281405
2549.000000	0.311956
2550.000000	0.357782
2551.000000	0.402589
2552.000000	0.435685
2553.000000	0.454525
2554.000000	0.455543
2555.000000	0.438740
2556.000000	0.403098
2557.000000	0.361346
2558.000000	0.322648
2559.000000	0.293625
2560.000000	0.277332
2561.000000	0.277841
2562.000000	0.295153
2563.000000	0.323158
2564.000000	0.359309
2565.000000	0.395970
2566.000000	0.431103
2567.000000	0.450961
2568.000000	0.454525
2569.000000	0.441286
2570.000000	0.410227
2571.000000	0.373057
2572.000000	0.335378
2573.000000	0.303809
2574.000000	0.283442
2575.000000	0.279878
2576.000000	0.295153
2577.000000	0.324176
2578.000000	0.358291
2579.000000	0.394951
2580.000000	0.426520
2581.000000	0.449433
2582.000000	0.460635
2583.000000	0.466745
2584.000000	0.468782
2585.000000	0.470309
2586.000000	0.469800
2587.000000	0.468782
2588.000000	0.468782
2589.000000	0.466745
2590.000000	0.466236
2591.000000	0.463690
2592.000000	0.460126
2593.000000	0.452488
