0.000000	0.354217
1.000000	0.358800
2.000000	0.359818
3.000000	0.367456
4.000000	0.379676
5.000000	0.376621
6.000000	0.363892
7.000000	0.353708
8.000000	0.347598
9.000000	0.345052
10.000000	0.351671
11.000000	0.368983
12.000000	0.378149
13.000000	0.370511
14.000000	0.356254
15.000000	0.340470
16.000000	0.329777
17.000000	0.321121
18.000000	0.316538
19.000000	0.317557
20.000000	0.316538
21.000000	0.311956
22.000000	0.308901
23.000000	0.310937
24.000000	0.310428
25.000000	0.318066
26.000000	0.324176
27.000000	0.325703
28.000000	0.326722
29.000000	0.321121
30.000000	0.317557
31.000000	0.312974
32.000000	0.307882
33.000000	0.322648
34.000000	0.361855
35.000000	0.409208
36.000000	0.442814
37.000000	0.442814
38.000000	0.403098
39.000000	0.345052
40.000000	0.302281
41.000000	0.295662
42.000000	0.334869
43.000000	0.391387
44.000000	0.435176
45.000000	0.445869
46.000000	0.415318
47.000000	0.358800
48.000000	0.307882
49.000000	0.297190
50.000000	0.340470
51.000000	0.404117
52.000000	0.441796
53.000000	0.432630
54.000000	0.380185
55.000000	0.321121
56.000000	0.295662
57.000000	0.323158
58.000000	0.383240
59.000000	0.432121
60.000000	0.426520
61.000000	0.371529
62.000000	0.312465
63.000000	0.295662
64.000000	0.332832
65.000000	0.400552
66.000000	0.432121
67.000000	0.392405
68.000000	0.326213
69.000000	0.293625
70.000000	0.313992
71.000000	0.378149
72.000000	0.430594
73.000000	0.432121
74.000000	0.377130
75.000000	0.314502
76.000000	0.291589
77.000000	0.328758
78.000000	0.397497
79.000000	0.434158
80.000000	0.412773
81.000000	0.348616
82.000000	0.297699
83.000000	0.306864
84.000000	0.364910
85.000000	0.421938
86.000000	0.433649
87.000000	0.381713
88.000000	0.315011
89.000000	0.287006
90.000000	0.325703
91.000000	0.389350
92.000000	0.431612
93.000000	0.410736
94.000000	0.343525
95.000000	0.291079
96.000000	0.299226
97.000000	0.361346
98.000000	0.422956
99.000000	0.429066
100.000000	0.373566
101.000000	0.305336
102.000000	0.284969
103.000000	0.320612
104.000000	0.392915
105.000000	0.432121
106.000000	0.411754
107.000000	0.345052
108.000000	0.289043
109.000000	0.293625
110.000000	0.358800
111.000000	0.422447
112.000000	0.428557
113.000000	0.379167
114.000000	0.309919
115.000000	0.289552
116.000000	0.335887
117.000000	0.407681
118.000000	0.439759
119.000000	0.403607
120.000000	0.327740
121.000000	0.288534
122.000000	0.330286
123.000000	0.405644
124.000000	0.442305
125.000000	0.409717
126.000000	0.333341
127.000000	0.288534
128.000000	0.321121
129.000000	0.393933
130.000000	0.439759
131.000000	0.409717
132.000000	0.333850
133.000000	0.288534
134.000000	0.327231
135.000000	0.406153
136.000000	0.446378
137.000000	0.415828
138.000000	0.339451
139.000000	0.289043
140.000000	0.316538
141.000000	0.392405
142.000000	0.445869
143.000000	0.431103
144.000000	0.366437
145.000000	0.299226
146.000000	0.299226
147.000000	0.363382
148.000000	0.433649
149.000000	0.435685
150.000000	0.371529
151.000000	0.302281
152.000000	0.288534
153.000000	0.337924
154.000000	0.413282
155.000000	0.453507
156.000000	0.416337
157.000000	0.334869
158.000000	0.286497
159.000000	0.308901
160.000000	0.383240
161.000000	0.443832
162.000000	0.417864
163.000000	0.335378
164.000000	0.295153
165.000000	0.337414
166.000000	0.415828
167.000000	0.451979
168.000000	0.411754
169.000000	0.330286
170.000000	0.284460
171.000000	0.315520
172.000000	0.391896
173.000000	0.449942
174.000000	0.445360
175.000000	0.378658
176.000000	0.304318
177.000000	0.283951
178.000000	0.336905
179.000000	0.416846
180.000000	0.450452
181.000000	0.405135
182.000000	0.321630
183.000000	0.281405
184.000000	0.320102
185.000000	0.391896
186.000000	0.450452
187.000000	0.437213
188.000000	0.354217
189.000000	0.291589
190.000000	0.311446
191.000000	0.387314
192.000000	0.445360
193.000000	0.428557
194.000000	0.357272
195.000000	0.289043
196.000000	0.290061
197.000000	0.350653
198.000000	0.430084
199.000000	0.450452
200.000000	0.407681
201.000000	0.331304
202.000000	0.277332
203.000000	0.303300
204.000000	0.387314
205.000000	0.441796
206.000000	0.408190
207.000000	0.323667
208.000000	0.279878
209.000000	0.315011
210.000000	0.391896
211.000000	0.449942
212.000000	0.430594
213.000000	0.356254
214.000000	0.284969
215.000000	0.282423
216.000000	0.350144
217.000000	0.429066
218.000000	0.443832
219.000000	0.375603
220.000000	0.295662
221.000000	0.290570
222.000000	0.359818
223.000000	0.433649
224.000000	0.438231
225.000000	0.358800
226.000000	0.286497
227.000000	0.298717
228.000000	0.381204
229.000000	0.440268
230.000000	0.404117
231.000000	0.318575
232.000000	0.270712
233.000000	0.308391
234.000000	0.396479
235.000000	0.446378
236.000000	0.420410
237.000000	0.332832
238.000000	0.279878
239.000000	0.318066
240.000000	0.401061
241.000000	0.449433
242.000000	0.421938
243.000000	0.340470
244.000000	0.273258
245.000000	0.272240
246.000000	0.343525
247.000000	0.428557
248.000000	0.445869
249.000000	0.376621
250.000000	0.296171
251.000000	0.277332
252.000000	0.346070
253.000000	0.429575
254.000000	0.442814
255.000000	0.373057
256.000000	0.290061
257.000000	0.293116
258.000000	0.362364
259.000000	0.440777
260.000000	0.451979
261.000000	0.390878
262.000000	0.308391
263.000000	0.272749
264.000000	0.335887
265.000000	0.424993
266.000000	0.445360
267.000000	0.382222
268.000000	0.296680
269.000000	0.275295
270.000000	0.333341
271.000000	0.421429
272.000000	0.466236
273.000000	0.448415
274.000000	0.367965
275.000000	0.288534
276.000000	0.269694
277.000000	0.315011
278.000000	0.406153
279.000000	0.460126
280.000000	0.437213
281.000000	0.364401
282.000000	0.287006
283.000000	0.289552
284.000000	0.362364
285.000000	0.434667
286.000000	0.464708
287.000000	0.398006
288.000000	0.306355
289.000000	0.284969
290.000000	0.334359
291.000000	0.416337
292.000000	0.467254
293.000000	0.450961
294.000000	0.385786
295.000000	0.301772
296.000000	0.266130
297.000000	0.310428
298.000000	0.388332
299.000000	0.458089
300.000000	0.479475
301.000000	0.425502
302.000000	0.338433
303.000000	0.271731
304.000000	0.267657
305.000000	0.317557
306.000000	0.406662
307.000000	0.462163
308.000000	0.430084
309.000000	0.348107
310.000000	0.277841
311.000000	0.262566
312.000000	0.316029
313.000000	0.397497
314.000000	0.464708
315.000000	0.478965
316.000000	0.430594
317.000000	0.352181
318.000000	0.281405
319.000000	0.248309
320.000000	0.260529
321.000000	0.331304
322.000000	0.417864
323.000000	0.471328
324.000000	0.452488
325.000000	0.374075
326.000000	0.301772
327.000000	0.283442
328.000000	0.339451
329.000000	0.430594
330.000000	0.486603
331.000000	0.479984
332.000000	0.424993
333.000000	0.341997
334.000000	0.272749
335.000000	0.250855
336.000000	0.278859
337.000000	0.351162
338.000000	0.437722
339.000000	0.478456
340.000000	0.459617
341.000000	0.393933
342.000000	0.308391
343.000000	0.265621
344.000000	0.310428
345.000000	0.399534
346.000000	0.459108
347.000000	0.466236
348.000000	0.451979
349.000000	0.415828
350.000000	0.348616
351.000000	0.279878
352.000000	0.249836
353.000000	0.289552
354.000000	0.380694
355.000000	0.458089
356.000000	0.454016
357.000000	0.389350
358.000000	0.301263
359.000000	0.259001
360.000000	0.270203
361.000000	0.326213
362.000000	0.410736
363.000000	0.474383
364.000000	0.479984
365.000000	0.435176
366.000000	0.353708
367.000000	0.282423
368.000000	0.245254
369.000000	0.253400
370.000000	0.313992
371.000000	0.403098
372.000000	0.467764
373.000000	0.456562
374.000000	0.384768
375.000000	0.303300
376.000000	0.252891
377.000000	0.257474
378.000000	0.318066
379.000000	0.404117
380.000000	0.470819
381.000000	0.489149
382.000000	0.421429
383.000000	0.316029
384.000000	0.288024
385.000000	0.334359
386.000000	0.412263
387.000000	0.474892
388.000000	0.490167
389.000000	0.454016
390.000000	0.390878
391.000000	0.313992
392.000000	0.259511
393.000000	0.266130
394.000000	0.336396
395.000000	0.421429
396.000000	0.478965
397.000000	0.485076
398.000000	0.436704
399.000000	0.357782
400.000000	0.282423
401.000000	0.261038
402.000000	0.296680
403.000000	0.373057
404.000000	0.451470
405.000000	0.486603
406.000000	0.452997
407.000000	0.377639
408.000000	0.299226
409.000000	0.251364
410.000000	0.256965
411.000000	0.321121
412.000000	0.411754
413.000000	0.472855
414.000000	0.465218
415.000000	0.397497
416.000000	0.314502
417.000000	0.258492
418.000000	0.265111
419.000000	0.330795
420.000000	0.413282
421.000000	0.475401
422.000000	0.482020
423.000000	0.426520
424.000000	0.343015
425.000000	0.271731
426.000000	0.254928
427.000000	0.300245
428.000000	0.374075
429.000000	0.450452
430.000000	0.479984
431.000000	0.447906
432.000000	0.367456
433.000000	0.285479
434.000000	0.254419
435.000000	0.291589
436.000000	0.368474
437.000000	0.446887
438.000000	0.488131
439.000000	0.489658
440.000000	0.437213
441.000000	0.347089
442.000000	0.274277
443.000000	0.246272
444.000000	0.291079
445.000000	0.386805
446.000000	0.458598
447.000000	0.495259
448.000000	0.476420
449.000000	0.403607
450.000000	0.310937
451.000000	0.256965
452.000000	0.277332
453.000000	0.344543
454.000000	0.405644
455.000000	0.467254
456.000000	0.487621
457.000000	0.436704
458.000000	0.336905
459.000000	0.267148
460.000000	0.265621
461.000000	0.324176
462.000000	0.389860
463.000000	0.458089
464.000000	0.491186
465.000000	0.464199
466.000000	0.384259
467.000000	0.294644
468.000000	0.253910
469.000000	0.281914
470.000000	0.356254
471.000000	0.438740
472.000000	0.483039
473.000000	0.455034
474.000000	0.354726
475.000000	0.274786
476.000000	0.253910
477.000000	0.282423
478.000000	0.346580
479.000000	0.423974
480.000000	0.479984
481.000000	0.487621
482.000000	0.443832
483.000000	0.368474
484.000000	0.289552
485.000000	0.245254
486.000000	0.252891
487.000000	0.309410
488.000000	0.397497
489.000000	0.462163
490.000000	0.441796
491.000000	0.367456
492.000000	0.291079
493.000000	0.246781
494.000000	0.271222
495.000000	0.350653
496.000000	0.434158
497.000000	0.483039
498.000000	0.472855
499.000000	0.405135
500.000000	0.315011
501.000000	0.257983
502.000000	0.269185
503.000000	0.336905
504.000000	0.420410
505.000000	0.474892
506.000000	0.471328
507.000000	0.412263
508.000000	0.325703
509.000000	0.258492
510.000000	0.248818
511.000000	0.304318
512.000000	0.386805
513.000000	0.457580
514.000000	0.485076
515.000000	0.437213
516.000000	0.350653
517.000000	0.273767
518.000000	0.239653
519.000000	0.265111
520.000000	0.337414
521.000000	0.423465
522.000000	0.471837
523.000000	0.455543
524.000000	0.391387
525.000000	0.297190
526.000000	0.251873
527.000000	0.271222
528.000000	0.330795
529.000000	0.411754
530.000000	0.472855
531.000000	0.480493
532.000000	0.419392
533.000000	0.328249
534.000000	0.259001
535.000000	0.244744
536.000000	0.288024
537.000000	0.368983
538.000000	0.448924
539.000000	0.482530
540.000000	0.446378
541.000000	0.358291
542.000000	0.278859
543.000000	0.243726
544.000000	0.269185
545.000000	0.344543
546.000000	0.429066
547.000000	0.471328
548.000000	0.449433
549.000000	0.377130
550.000000	0.291589
551.000000	0.248818
552.000000	0.271222
553.000000	0.351671
554.000000	0.439759
555.000000	0.467764
556.000000	0.413791
557.000000	0.317557
558.000000	0.257983
559.000000	0.272749
560.000000	0.336905
561.000000	0.413791
562.000000	0.474383
563.000000	0.488131
564.000000	0.450452
565.000000	0.373566
566.000000	0.297190
567.000000	0.243726
568.000000	0.255437
569.000000	0.344543
570.000000	0.436704
571.000000	0.474383
572.000000	0.447906
573.000000	0.397497
574.000000	0.327740
575.000000	0.263075
576.000000	0.282423
577.000000	0.365928
578.000000	0.446378
579.000000	0.461653
580.000000	0.396988
581.000000	0.303300
582.000000	0.250855
583.000000	0.266130
584.000000	0.348616
585.000000	0.436195
586.000000	0.478456
587.000000	0.456052
588.000000	0.370002
589.000000	0.283442
590.000000	0.250855
591.000000	0.291079
592.000000	0.368983
593.000000	0.444341
594.000000	0.479475
595.000000	0.451470
596.000000	0.399534
597.000000	0.321121
598.000000	0.256455
599.000000	0.240162
600.000000	0.277332
601.000000	0.360837
602.000000	0.444341
603.000000	0.477438
604.000000	0.441286
605.000000	0.368983
606.000000	0.285988
607.000000	0.240671
608.000000	0.260529
609.000000	0.338433
610.000000	0.423465
611.000000	0.474892
612.000000	0.455034
613.000000	0.387823
614.000000	0.298208
615.000000	0.248818
616.000000	0.273258
617.000000	0.353708
618.000000	0.436704
619.000000	0.483548
620.000000	0.469800
621.000000	0.400552
622.000000	0.309919
623.000000	0.249836
624.000000	0.240671
625.000000	0.279368
626.000000	0.354726
627.000000	0.437213
628.000000	0.483039
629.000000	0.469800
630.000000	0.387314
631.000000	0.293116
632.000000	0.243217
633.000000	0.245254
634.000000	0.292607
635.000000	0.379167
636.000000	0.454016
637.000000	0.477947
638.000000	0.433649
639.000000	0.347598
640.000000	0.269185
641.000000	0.249836
642.000000	0.289552
643.000000	0.373057
644.000000	0.453507
645.000000	0.471837
646.000000	0.425502
647.000000	0.336396
648.000000	0.261547
649.000000	0.243726
650.000000	0.291589
651.000000	0.357272
652.000000	0.437722
653.000000	0.474383
654.000000	0.442814
655.000000	0.364401
656.000000	0.280896
657.000000	0.244744
658.000000	0.271731
659.000000	0.349635
660.000000	0.435685
661.000000	0.475910
662.000000	0.446378
663.000000	0.372548
664.000000	0.289552
665.000000	0.242199
666.000000	0.250855
667.000000	0.323158
668.000000	0.417864
669.000000	0.476420
670.000000	0.493732
671.000000	0.464708
672.000000	0.406662
673.000000	0.344034
674.000000	0.276823
675.000000	0.232015
676.000000	0.242708
677.000000	0.309919
678.000000	0.402080
679.000000	0.465727
680.000000	0.456562
681.000000	0.385786
682.000000	0.295153
683.000000	0.262056
684.000000	0.317557
685.000000	0.410736
686.000000	0.474892
687.000000	0.482530
688.000000	0.420919
689.000000	0.346070
690.000000	0.274277
691.000000	0.234052
692.000000	0.254928
693.000000	0.333850
694.000000	0.424993
695.000000	0.476929
696.000000	0.452488
697.000000	0.360327
698.000000	0.276823
699.000000	0.270203
700.000000	0.333850
701.000000	0.420410
702.000000	0.475401
703.000000	0.468782
704.000000	0.405644
705.000000	0.317557
706.000000	0.256455
707.000000	0.245763
708.000000	0.302790
709.000000	0.383749
710.000000	0.448924
711.000000	0.473874
712.000000	0.457071
713.000000	0.391387
714.000000	0.315520
715.000000	0.253910
716.000000	0.269694
717.000000	0.336396
718.000000	0.420919
719.000000	0.442814
720.000000	0.444341
721.000000	0.381204
722.000000	0.324176
723.000000	0.271731
724.000000	0.283442
725.000000	0.338942
726.000000	0.424484
727.000000	0.474892
728.000000	0.465727
729.000000	0.400552
730.000000	0.315011
731.000000	0.251873
732.000000	0.250345
733.000000	0.305336
734.000000	0.395461
735.000000	0.468273
736.000000	0.482020
737.000000	0.429575
738.000000	0.340979
739.000000	0.267657
740.000000	0.256455
741.000000	0.300245
742.000000	0.382222
743.000000	0.467254
744.000000	0.496787
745.000000	0.460635
746.000000	0.383749
747.000000	0.292607
748.000000	0.244744
749.000000	0.260020
750.000000	0.345052
751.000000	0.438740
752.000000	0.476929
753.000000	0.450961
754.000000	0.377130
755.000000	0.287006
756.000000	0.252382
757.000000	0.285988
758.000000	0.357272
759.000000	0.436195
760.000000	0.486603
761.000000	0.466745
762.000000	0.385786
763.000000	0.297699
764.000000	0.244744
765.000000	0.247799
766.000000	0.322139
767.000000	0.420410
768.000000	0.476929
769.000000	0.473874
770.000000	0.432630
771.000000	0.340470
772.000000	0.266130
773.000000	0.268167
774.000000	0.325194
775.000000	0.405644
776.000000	0.470309
777.000000	0.492713
778.000000	0.450452
779.000000	0.357272
780.000000	0.274277
781.000000	0.247799
782.000000	0.285479
783.000000	0.365928
784.000000	0.445360
785.000000	0.489658
786.000000	0.468273
787.000000	0.389860
788.000000	0.304827
789.000000	0.246272
790.000000	0.236598
791.000000	0.279368
792.000000	0.359818
793.000000	0.447906
794.000000	0.474892
795.000000	0.424484
796.000000	0.335887
797.000000	0.262566
798.000000	0.249836
799.000000	0.295153
800.000000	0.380185
801.000000	0.458598
802.000000	0.473364
803.000000	0.413791
804.000000	0.332832
805.000000	0.261038
806.000000	0.244744
807.000000	0.300754
808.000000	0.389350
809.000000	0.462672
810.000000	0.496787
811.000000	0.465727
812.000000	0.388841
813.000000	0.319084
814.000000	0.267148
815.000000	0.226923
816.000000	0.224377
817.000000	0.278859
818.000000	0.361346
819.000000	0.447396
820.000000	0.469291
821.000000	0.434158
822.000000	0.376112
823.000000	0.311446
824.000000	0.252891
825.000000	0.228451
826.000000	0.266639
827.000000	0.360327
828.000000	0.449942
829.000000	0.486603
830.000000	0.439759
831.000000	0.346580
832.000000	0.270712
833.000000	0.257983
834.000000	0.297699
835.000000	0.376112
836.000000	0.456562
837.000000	0.489658
838.000000	0.452997
839.000000	0.362873
840.000000	0.276823
841.000000	0.252891
842.000000	0.307882
843.000000	0.403098
844.000000	0.471837
845.000000	0.473364
846.000000	0.412263
847.000000	0.322648
848.000000	0.255437
849.000000	0.263075
850.000000	0.332832
851.000000	0.426520
852.000000	0.473874
853.000000	0.446378
854.000000	0.379676
855.000000	0.301263
856.000000	0.244744
857.000000	0.248818
858.000000	0.301772
859.000000	0.389350
860.000000	0.465727
861.000000	0.477947
862.000000	0.413282
863.000000	0.313483
864.000000	0.251364
865.000000	0.258492
866.000000	0.344543
867.000000	0.444341
868.000000	0.473364
869.000000	0.447396
870.000000	0.384768
871.000000	0.305336
872.000000	0.245763
873.000000	0.231506
874.000000	0.266130
875.000000	0.351162
876.000000	0.440268
877.000000	0.482020
878.000000	0.444341
879.000000	0.373057
880.000000	0.297699
881.000000	0.243726
882.000000	0.247290
883.000000	0.288534
884.000000	0.350144
885.000000	0.426011
886.000000	0.482020
887.000000	0.477438
888.000000	0.428557
889.000000	0.341488
890.000000	0.264602
891.000000	0.250345
892.000000	0.298208
893.000000	0.383240
894.000000	0.461653
895.000000	0.485076
896.000000	0.433140
897.000000	0.339451
898.000000	0.263584
899.000000	0.250855
900.000000	0.301772
901.000000	0.383240
902.000000	0.455034
903.000000	0.500860
904.000000	0.507988
905.000000	0.451470
906.000000	0.350144
907.000000	0.269185
908.000000	0.241180
909.000000	0.276823
910.000000	0.357272
911.000000	0.443323
912.000000	0.488640
913.000000	0.459617
914.000000	0.364910
915.000000	0.277841
916.000000	0.248818
917.000000	0.315520
918.000000	0.420919
919.000000	0.475910
920.000000	0.452488
921.000000	0.385786
922.000000	0.301263
923.000000	0.245763
924.000000	0.243217
925.000000	0.295662
926.000000	0.379167
927.000000	0.455034
928.000000	0.498314
929.000000	0.500860
930.000000	0.487112
931.000000	0.417355
932.000000	0.312465
933.000000	0.262566
934.000000	0.291589
935.000000	0.366437
936.000000	0.446887
937.000000	0.491695
938.000000	0.469800
939.000000	0.389350
940.000000	0.306355
941.000000	0.252382
942.000000	0.223868
943.000000	0.221322
944.000000	0.260529
945.000000	0.333341
946.000000	0.419392
947.000000	0.483548
948.000000	0.493222
949.000000	0.445360
950.000000	0.362873
951.000000	0.280896
952.000000	0.243726
953.000000	0.282933
954.000000	0.382731
955.000000	0.463181
956.000000	0.488640
957.000000	0.456562
958.000000	0.387823
959.000000	0.299226
960.000000	0.243726
961.000000	0.230997
962.000000	0.257474
963.000000	0.326722
964.000000	0.414300
965.000000	0.482020
966.000000	0.494241
967.000000	0.445360
968.000000	0.356763
969.000000	0.276823
970.000000	0.240671
971.000000	0.268167
972.000000	0.344034
973.000000	0.428557
974.000000	0.488640
975.000000	0.499332
976.000000	0.452997
977.000000	0.368474
978.000000	0.282933
979.000000	0.244235
980.000000	0.254928
981.000000	0.308391
982.000000	0.384259
983.000000	0.453507
984.000000	0.502387
985.000000	0.506970
986.000000	0.462672
987.000000	0.381713
988.000000	0.301263
989.000000	0.244744
990.000000	0.240162
991.000000	0.280387
992.000000	0.355745
993.000000	0.445360
994.000000	0.488131
995.000000	0.466236
996.000000	0.393424
997.000000	0.311446
998.000000	0.250855
999.000000	0.245254
1000.000000	0.293116
1001.000000	0.373566
1002.000000	0.454525
1003.000000	0.499332
1004.000000	0.495259
1005.000000	0.461653
1006.000000	0.403098
1007.000000	0.326213
1008.000000	0.260529
1009.000000	0.240162
1010.000000	0.292098
1011.000000	0.365928
1012.000000	0.441286
1013.000000	0.494241
1014.000000	0.510534
1015.000000	0.488640
1016.000000	0.403607
1017.000000	0.309919
1018.000000	0.250345
1019.000000	0.247799
1020.000000	0.292607
1021.000000	0.365928
1022.000000	0.439759
1023.000000	0.493222
1024.000000	0.507479
1025.000000	0.478965
1026.000000	0.413791
1027.000000	0.335887
1028.000000	0.269694
1029.000000	0.228451
1030.000000	0.221832
1031.000000	0.253400
1032.000000	0.329268
1033.000000	0.429575
1034.000000	0.492204
1035.000000	0.509007
1036.000000	0.470819
1037.000000	0.401571
1038.000000	0.327231
1039.000000	0.262566
1040.000000	0.226923
1041.000000	0.229978
1042.000000	0.256455
1043.000000	0.287515
1044.000000	0.360327
1045.000000	0.445869
1046.000000	0.488640
1047.000000	0.459617
1048.000000	0.391387
1049.000000	0.303300
1050.000000	0.247799
1051.000000	0.249836
1052.000000	0.303300
1053.000000	0.380185
1054.000000	0.459108
1055.000000	0.503406
1056.000000	0.496787
1057.000000	0.446887
1058.000000	0.371020
1059.000000	0.296171
1060.000000	0.242199
1061.000000	0.226414
1062.000000	0.264093
1063.000000	0.350653
1064.000000	0.438231
1065.000000	0.495259
1066.000000	0.512571
1067.000000	0.498314
1068.000000	0.438231
1069.000000	0.368983
1070.000000	0.310937
1071.000000	0.255437
1072.000000	0.224377
1073.000000	0.247290
1074.000000	0.353199
1075.000000	0.450452
1076.000000	0.488131
1077.000000	0.483039
1078.000000	0.426011
1079.000000	0.345052
1080.000000	0.269694
1081.000000	0.236598
1082.000000	0.256965
1083.000000	0.316029
1084.000000	0.386805
1085.000000	0.456562
1086.000000	0.503915
1087.000000	0.514608
1088.000000	0.475401
1089.000000	0.394951
1090.000000	0.308391
1091.000000	0.247290
1092.000000	0.227942
1093.000000	0.256455
1094.000000	0.325703
1095.000000	0.412263
1096.000000	0.480493
1097.000000	0.512571
1098.000000	0.501878
1099.000000	0.450452
1100.000000	0.379167
1101.000000	0.308901
1102.000000	0.255946
1103.000000	0.220813
1104.000000	0.219795
1105.000000	0.269185
1106.000000	0.351162
1107.000000	0.432630
1108.000000	0.490676
1109.000000	0.513589
1110.000000	0.497296
1111.000000	0.450961
1112.000000	0.380694
1113.000000	0.297190
1114.000000	0.244744
1115.000000	0.244235
1116.000000	0.287006
1117.000000	0.357782
1118.000000	0.434667
1119.000000	0.494241
1120.000000	0.502897
1121.000000	0.464708
1122.000000	0.392915
1123.000000	0.310937
1124.000000	0.249327
1125.000000	0.225396
1126.000000	0.237616
1127.000000	0.300245
1128.000000	0.383240
1129.000000	0.458089
1130.000000	0.504424
1131.000000	0.506461
1132.000000	0.464708
1133.000000	0.392915
1134.000000	0.317047
1135.000000	0.256455
1136.000000	0.220813
1137.000000	0.224887
1138.000000	0.284969
1139.000000	0.368474
1140.000000	0.450452
1141.000000	0.501878
1142.000000	0.508498
1143.000000	0.482530
1144.000000	0.431103
1145.000000	0.356254
1146.000000	0.281405
1147.000000	0.236598
1148.000000	0.241689
1149.000000	0.286497
1150.000000	0.353199
1151.000000	0.429575
1152.000000	0.488640
1153.000000	0.513080
1154.000000	0.517154
1155.000000	0.477947
1156.000000	0.394951
1157.000000	0.308391
1158.000000	0.248309
1159.000000	0.237616
1160.000000	0.271731
1161.000000	0.339960
1162.000000	0.417864
1163.000000	0.475910
1164.000000	0.514608
1165.000000	0.514608
1166.000000	0.482530
1167.000000	0.446378
1168.000000	0.381204
1169.000000	0.299226
1170.000000	0.243217
1171.000000	0.233033
1172.000000	0.266639
1173.000000	0.334869
1174.000000	0.419392
1175.000000	0.487112
1176.000000	0.497296
1177.000000	0.452997
1178.000000	0.380694
1179.000000	0.299735
1180.000000	0.242199
1181.000000	0.225905
1182.000000	0.251873
1183.000000	0.311446
1184.000000	0.385277
1185.000000	0.460635
1186.000000	0.505443
1187.000000	0.504424
1188.000000	0.475910
1189.000000	0.430594
1190.000000	0.351162
1191.000000	0.272749
1192.000000	0.232524
1193.000000	0.234052
1194.000000	0.283442
1195.000000	0.360837
1196.000000	0.437722
1197.000000	0.496277
1198.000000	0.506970
1199.000000	0.470309
1200.000000	0.409208
1201.000000	0.324685
1202.000000	0.256965
1203.000000	0.242708
1204.000000	0.288534
1205.000000	0.337924
1206.000000	0.396988
1207.000000	0.448415
1208.000000	0.496277
1209.000000	0.523264
1210.000000	0.505952
1211.000000	0.456562
1212.000000	0.392915
1213.000000	0.311956
1214.000000	0.252382
1215.000000	0.218776
1216.000000	0.225905
1217.000000	0.292098
1218.000000	0.367456
1219.000000	0.446378
1220.000000	0.499842
1221.000000	0.503406
1222.000000	0.454525
1223.000000	0.382222
1224.000000	0.309919
1225.000000	0.250855
1226.000000	0.228451
1227.000000	0.246272
1228.000000	0.293116
1229.000000	0.367456
1230.000000	0.438740
1231.000000	0.491186
1232.000000	0.521736
1233.000000	0.491695
1234.000000	0.379676
1235.000000	0.289552
1236.000000	0.240671
1237.000000	0.234052
1238.000000	0.273767
1239.000000	0.350653
1240.000000	0.437213
1241.000000	0.497296
1242.000000	0.512062
1243.000000	0.461144
1244.000000	0.373057
1245.000000	0.291589
1246.000000	0.240671
1247.000000	0.229469
1248.000000	0.254928
1249.000000	0.308391
1250.000000	0.365928
1251.000000	0.431612
1252.000000	0.492204
1253.000000	0.521227
1254.000000	0.504424
1255.000000	0.445869
1256.000000	0.365419
1257.000000	0.283951
1258.000000	0.235579
1259.000000	0.230997
1260.000000	0.268676
1261.000000	0.332832
1262.000000	0.413282
1263.000000	0.476929
1264.000000	0.515117
1265.000000	0.509516
1266.000000	0.456562
1267.000000	0.374075
1268.000000	0.297699
1269.000000	0.242708
1270.000000	0.234561
1271.000000	0.285479
1272.000000	0.373566
1273.000000	0.455543
1274.000000	0.504424
1275.000000	0.510025
1276.000000	0.470819
1277.000000	0.410736
1278.000000	0.337414
1279.000000	0.265111
1280.000000	0.234052
1281.000000	0.261547
1282.000000	0.331304
1283.000000	0.411754
1284.000000	0.474383
1285.000000	0.515117
1286.000000	0.514608
1287.000000	0.477438
1288.000000	0.428048
1289.000000	0.355745
1290.000000	0.291589
1291.000000	0.240671
1292.000000	0.228960
1293.000000	0.259001
1294.000000	0.330286
1295.000000	0.420410
1296.000000	0.486603
1297.000000	0.509007
1298.000000	0.472855
1299.000000	0.396988
1300.000000	0.313483
1301.000000	0.250855
1302.000000	0.234052
1303.000000	0.263584
1304.000000	0.325703
1305.000000	0.403607
1306.000000	0.474892
1307.000000	0.512571
1308.000000	0.495768
1309.000000	0.433649
1310.000000	0.342506
1311.000000	0.266130
1312.000000	0.232524
1313.000000	0.249327
1314.000000	0.296680
1315.000000	0.363892
1316.000000	0.430594
1317.000000	0.485076
1318.000000	0.516644
1319.000000	0.506970
1320.000000	0.456052
1321.000000	0.381713
1322.000000	0.302790
1323.000000	0.246781
1324.000000	0.229978
1325.000000	0.261038
1326.000000	0.324176
1327.000000	0.409208
1328.000000	0.472855
1329.000000	0.495768
1330.000000	0.505952
1331.000000	0.482020
1332.000000	0.438740
1333.000000	0.386805
1334.000000	0.343015
1335.000000	0.284969
1336.000000	0.247290
1337.000000	0.218267
1338.000000	0.238125
1339.000000	0.311446
1340.000000	0.422447
1341.000000	0.477947
1342.000000	0.457580
1343.000000	0.378149
1344.000000	0.313992
1345.000000	0.259511
1346.000000	0.227942
1347.000000	0.245254
1348.000000	0.324176
1349.000000	0.420919
1350.000000	0.487621
1351.000000	0.510025
1352.000000	0.505443
1353.000000	0.467254
1354.000000	0.412773
1355.000000	0.343015
1356.000000	0.277332
1357.000000	0.231506
1358.000000	0.217249
1359.000000	0.230997
1360.000000	0.265621
1361.000000	0.322648
1362.000000	0.402589
1363.000000	0.476420
1364.000000	0.500860
1365.000000	0.459617
1366.000000	0.392915
1367.000000	0.318066
1368.000000	0.253910
1369.000000	0.222850
1370.000000	0.224377
1371.000000	0.258492
1372.000000	0.321630
1373.000000	0.399534
1374.000000	0.468782
1375.000000	0.512062
1376.000000	0.518681
1377.000000	0.482530
1378.000000	0.407681
1379.000000	0.326213
1380.000000	0.257474
1381.000000	0.229469
1382.000000	0.241689
1383.000000	0.290570
1384.000000	0.358800
1385.000000	0.437722
1386.000000	0.495768
1387.000000	0.517663
1388.000000	0.495259
1389.000000	0.429066
1390.000000	0.344543
1391.000000	0.268676
1392.000000	0.231506
1393.000000	0.244744
1394.000000	0.299226
1395.000000	0.375603
1396.000000	0.449433
1397.000000	0.502897
1398.000000	0.519699
1399.000000	0.498823
1400.000000	0.450452
1401.000000	0.380185
1402.000000	0.307882
1403.000000	0.248309
1404.000000	0.237107
1405.000000	0.271222
1406.000000	0.344034
1407.000000	0.424993
1408.000000	0.489149
1409.000000	0.516135
1410.000000	0.493222
1411.000000	0.424993
1412.000000	0.333341
1413.000000	0.261038
1414.000000	0.239653
1415.000000	0.268167
1416.000000	0.345052
1417.000000	0.424484
1418.000000	0.486094
1419.000000	0.521227
1420.000000	0.525300
1421.000000	0.482530
1422.000000	0.411754
1423.000000	0.330286
1424.000000	0.262566
1425.000000	0.226923
1426.000000	0.236598
1427.000000	0.286497
1428.000000	0.367965
1429.000000	0.449942
1430.000000	0.502897
1431.000000	0.512571
1432.000000	0.474892
1433.000000	0.398006
1434.000000	0.315520
1435.000000	0.251364
1436.000000	0.229469
1437.000000	0.250855
1438.000000	0.306864
1439.000000	0.386805
1440.000000	0.463181
1441.000000	0.503406
1442.000000	0.503406
1443.000000	0.457580
1444.000000	0.390369
1445.000000	0.310937
1446.000000	0.248309
1447.000000	0.224377
1448.000000	0.245254
1449.000000	0.297699
1450.000000	0.361855
1451.000000	0.435176
1452.000000	0.494241
1453.000000	0.499332
1454.000000	0.474383
1455.000000	0.438231
1456.000000	0.374075
1457.000000	0.298208
1458.000000	0.242708
1459.000000	0.227942
1460.000000	0.273767
1461.000000	0.372038
1462.000000	0.462163
1463.000000	0.503915
1464.000000	0.503406
1465.000000	0.469800
1466.000000	0.409208
1467.000000	0.332323
1468.000000	0.263075
1469.000000	0.230997
1470.000000	0.260020
1471.000000	0.310428
1472.000000	0.379676
1473.000000	0.456052
1474.000000	0.506461
1475.000000	0.518681
1476.000000	0.472346
1477.000000	0.402589
1478.000000	0.337924
1479.000000	0.277841
1480.000000	0.231506
1481.000000	0.216231
1482.000000	0.242708
1483.000000	0.305846
1484.000000	0.384259
1485.000000	0.449942
1486.000000	0.499332
1487.000000	0.519699
1488.000000	0.491186
1489.000000	0.422447
1490.000000	0.340470
1491.000000	0.270203
1492.000000	0.228451
1493.000000	0.228960
1494.000000	0.267148
1495.000000	0.339451
1496.000000	0.428048
1497.000000	0.490676
1498.000000	0.504933
1499.000000	0.478456
1500.000000	0.399025
1501.000000	0.307882
1502.000000	0.247290
1503.000000	0.233543
1504.000000	0.274277
1505.000000	0.349126
1506.000000	0.427029
1507.000000	0.490167
1508.000000	0.521736
1509.000000	0.509007
1510.000000	0.442305
1511.000000	0.357272
1512.000000	0.278350
1513.000000	0.233033
1514.000000	0.222850
1515.000000	0.257474
1516.000000	0.315520
1517.000000	0.356254
1518.000000	0.409208
1519.000000	0.468782
1520.000000	0.510025
1521.000000	0.526828
1522.000000	0.513080
1523.000000	0.439759
1524.000000	0.349126
1525.000000	0.276823
1526.000000	0.232524
1527.000000	0.233033
1528.000000	0.280896
1529.000000	0.359309
1530.000000	0.441796
1531.000000	0.498314
1532.000000	0.503406
1533.000000	0.472855
1534.000000	0.426520
1535.000000	0.361855
1536.000000	0.292607
1537.000000	0.240162
1538.000000	0.238634
1539.000000	0.290061
1540.000000	0.373057
1541.000000	0.453507
1542.000000	0.503915
1543.000000	0.510534
1544.000000	0.466236
1545.000000	0.390878
1546.000000	0.314502
1547.000000	0.254419
1548.000000	0.222850
1549.000000	0.236598
1550.000000	0.287515
1551.000000	0.367456
1552.000000	0.453507
1553.000000	0.503915
1554.000000	0.524791
1555.000000	0.529883
1556.000000	0.501878
1557.000000	0.452997
1558.000000	0.365419
1559.000000	0.281405
1560.000000	0.235070
1561.000000	0.222850
1562.000000	0.236088
1563.000000	0.312974
1564.000000	0.407681
1565.000000	0.457071
1566.000000	0.498314
1567.000000	0.525300
1568.000000	0.493732
1569.000000	0.396479
1570.000000	0.300754
1571.000000	0.243726
1572.000000	0.234052
1573.000000	0.268676
1574.000000	0.343015
1575.000000	0.430084
1576.000000	0.492204
1577.000000	0.514608
1578.000000	0.486603
1579.000000	0.423465
1580.000000	0.351162
1581.000000	0.281914
1582.000000	0.232524
1583.000000	0.237616
1584.000000	0.292098
1585.000000	0.366437
1586.000000	0.447906
1587.000000	0.500860
1588.000000	0.510025
1589.000000	0.484566
1590.000000	0.428048
1591.000000	0.330286
1592.000000	0.258492
1593.000000	0.241689
1594.000000	0.276823
1595.000000	0.350144
1596.000000	0.422956
1597.000000	0.487621
1598.000000	0.518681
1599.000000	0.520718
1600.000000	0.486603
1601.000000	0.421429
1602.000000	0.333341
1603.000000	0.258492
1604.000000	0.237107
1605.000000	0.262566
1606.000000	0.320612
1607.000000	0.394951
1608.000000	0.464199
1609.000000	0.508498
1610.000000	0.518172
1611.000000	0.485585
1612.000000	0.446887
1613.000000	0.382222
1614.000000	0.305846
1615.000000	0.246781
1616.000000	0.218267
1617.000000	0.222341
1618.000000	0.260529
1619.000000	0.334359
1620.000000	0.418883
1621.000000	0.480493
1622.000000	0.456562
1623.000000	0.382731
1624.000000	0.312974
1625.000000	0.255946
1626.000000	0.226414
1627.000000	0.240671
1628.000000	0.287515
1629.000000	0.350144
1630.000000	0.405644
1631.000000	0.466236
1632.000000	0.510025
1633.000000	0.531920
1634.000000	0.530392
1635.000000	0.502897
1636.000000	0.443832
1637.000000	0.373057
1638.000000	0.296171
1639.000000	0.240671
1640.000000	0.235070
1641.000000	0.281405
1642.000000	0.337414
1643.000000	0.412263
1644.000000	0.481002
1645.000000	0.475401
1646.000000	0.403607
1647.000000	0.327740
1648.000000	0.262056
1649.000000	0.222341
1650.000000	0.206047
1651.000000	0.220304
1652.000000	0.285479
1653.000000	0.382222
1654.000000	0.456562
1655.000000	0.502897
1656.000000	0.481002
1657.000000	0.399025
1658.000000	0.311446
1659.000000	0.248818
1660.000000	0.220813
1661.000000	0.239653
1662.000000	0.295662
1663.000000	0.359818
1664.000000	0.425502
1665.000000	0.486094
1666.000000	0.509007
1667.000000	0.484566
1668.000000	0.416337
1669.000000	0.324685
1670.000000	0.257474
1671.000000	0.219795
1672.000000	0.212157
1673.000000	0.253910
1674.000000	0.346580
1675.000000	0.445360
1676.000000	0.484566
1677.000000	0.462163
1678.000000	0.400043
1679.000000	0.321630
1680.000000	0.256965
1681.000000	0.266130
1682.000000	0.292607
1683.000000	0.347598
1684.000000	0.423974
1685.000000	0.485076
1686.000000	0.518172
1687.000000	0.517663
1688.000000	0.478456
1689.000000	0.416337
1690.000000	0.342506
1691.000000	0.281914
1692.000000	0.236598
1693.000000	0.212157
1694.000000	0.223868
1695.000000	0.251364
1696.000000	0.287006
1697.000000	0.354217
1698.000000	0.434158
1699.000000	0.491695
1700.000000	0.499332
1701.000000	0.462672
1702.000000	0.393933
1703.000000	0.304827
1704.000000	0.243217
1705.000000	0.235070
1706.000000	0.277332
1707.000000	0.348107
1708.000000	0.409208
1709.000000	0.467254
1710.000000	0.507988
1711.000000	0.527337
1712.000000	0.497296
1713.000000	0.419392
1714.000000	0.331304
1715.000000	0.260529
1716.000000	0.226414
1717.000000	0.264602
1718.000000	0.359309
1719.000000	0.427539
1720.000000	0.476929
1721.000000	0.513589
1722.000000	0.527846
1723.000000	0.491695
1724.000000	0.414300
1725.000000	0.335887
1726.000000	0.267148
1727.000000	0.228451
1728.000000	0.242199
1729.000000	0.283951
1730.000000	0.354726
1731.000000	0.431103
1732.000000	0.489149
1733.000000	0.512571
1734.000000	0.499332
1735.000000	0.454525
1736.000000	0.383240
1737.000000	0.307373
1738.000000	0.248309
1739.000000	0.215212
1740.000000	0.219795
1741.000000	0.265111
1742.000000	0.332832
1743.000000	0.413791
1744.000000	0.479475
1745.000000	0.493732
1746.000000	0.437722
1747.000000	0.358800
1748.000000	0.291079
1749.000000	0.241689
1750.000000	0.212157
1751.000000	0.219795
1752.000000	0.260529
1753.000000	0.324176
1754.000000	0.392915
1755.000000	0.455543
1756.000000	0.500860
1757.000000	0.501369
1758.000000	0.440777
1759.000000	0.356763
1760.000000	0.295153
1761.000000	0.244744
1762.000000	0.214703
1763.000000	0.214703
1764.000000	0.246781
1765.000000	0.318066
1766.000000	0.411754
1767.000000	0.478965
1768.000000	0.510534
1769.000000	0.507479
1770.000000	0.460126
1771.000000	0.396988
1772.000000	0.325703
1773.000000	0.264602
1774.000000	0.222850
1775.000000	0.211139
1776.000000	0.230997
1777.000000	0.291589
1778.000000	0.365419
1779.000000	0.428557
1780.000000	0.482020
1781.000000	0.513080
1782.000000	0.494241
1783.000000	0.426520
1784.000000	0.341997
1785.000000	0.270203
1786.000000	0.226414
1787.000000	0.226923
1788.000000	0.270203
1789.000000	0.342506
1790.000000	0.417864
1791.000000	0.480493
1792.000000	0.509007
1793.000000	0.503915
1794.000000	0.464708
1795.000000	0.404626
1796.000000	0.334869
1797.000000	0.267657
1798.000000	0.224887
1799.000000	0.226414
1800.000000	0.275295
1801.000000	0.352181
1802.000000	0.431612
1803.000000	0.485076
1804.000000	0.490167
1805.000000	0.454525
1806.000000	0.385786
1807.000000	0.314502
1808.000000	0.254419
1809.000000	0.219286
1810.000000	0.216740
1811.000000	0.254928
1812.000000	0.322648
1813.000000	0.404117
1814.000000	0.472855
1815.000000	0.505443
1816.000000	0.491695
1817.000000	0.440777
1818.000000	0.372038
1819.000000	0.298717
1820.000000	0.241689
1821.000000	0.216740
1822.000000	0.240671
1823.000000	0.297190
1824.000000	0.374584
1825.000000	0.445869
1826.000000	0.495259
1827.000000	0.515117
1828.000000	0.505443
1829.000000	0.461144
1830.000000	0.371529
1831.000000	0.286497
1832.000000	0.239143
1833.000000	0.240671
1834.000000	0.289043
1835.000000	0.360327
1836.000000	0.436195
1837.000000	0.490676
1838.000000	0.512571
1839.000000	0.494750
1840.000000	0.440268
1841.000000	0.358800
1842.000000	0.280387
1843.000000	0.229978
1844.000000	0.217758
1845.000000	0.252891
1846.000000	0.321630
1847.000000	0.403607
1848.000000	0.468273
1849.000000	0.504933
1850.000000	0.500351
1851.000000	0.460126
1852.000000	0.406153
1853.000000	0.336905
1854.000000	0.268676
1855.000000	0.224887
1856.000000	0.210630
1857.000000	0.229978
1858.000000	0.289552
1859.000000	0.368983
1860.000000	0.444851
1861.000000	0.493732
1862.000000	0.500860
1863.000000	0.477947
1864.000000	0.437213
1865.000000	0.373057
1866.000000	0.297699
1867.000000	0.240162
1868.000000	0.227942
1869.000000	0.266130
1870.000000	0.332323
1871.000000	0.401061
1872.000000	0.465727
1873.000000	0.505443
1874.000000	0.513080
1875.000000	0.487112
1876.000000	0.434667
1877.000000	0.376621
1878.000000	0.300245
1879.000000	0.241180
1880.000000	0.214703
1881.000000	0.221322
1882.000000	0.254928
1883.000000	0.306864
1884.000000	0.375093
1885.000000	0.430594
1886.000000	0.484566
1887.000000	0.513080
1888.000000	0.513589
1889.000000	0.480493
1890.000000	0.424484
1891.000000	0.363892
1892.000000	0.294135
1893.000000	0.240671
1894.000000	0.215721
1895.000000	0.231506
1896.000000	0.277332
1897.000000	0.350653
1898.000000	0.426011
1899.000000	0.481002
1900.000000	0.513589
1901.000000	0.519190
1902.000000	0.492713
1903.000000	0.436195
1904.000000	0.371529
1905.000000	0.305336
1906.000000	0.246781
1907.000000	0.216231
1908.000000	0.223868
1909.000000	0.267148
1910.000000	0.329268
1911.000000	0.396988
1912.000000	0.458089
1913.000000	0.500351
1914.000000	0.509516
1915.000000	0.477438
1916.000000	0.421429
1917.000000	0.358291
1918.000000	0.299226
1919.000000	0.245763
1920.000000	0.213176
1921.000000	0.211139
1922.000000	0.252891
1923.000000	0.327740
1924.000000	0.404626
1925.000000	0.468273
1926.000000	0.504933
1927.000000	0.511043
1928.000000	0.500351
1929.000000	0.474383
1930.000000	0.420919
1931.000000	0.346580
1932.000000	0.274786
1933.000000	0.227942
1934.000000	0.209102
1935.000000	0.216231
1936.000000	0.255437
1937.000000	0.325194
1938.000000	0.400552
1939.000000	0.465727
1940.000000	0.503406
1941.000000	0.505952
1942.000000	0.464708
1943.000000	0.394951
1944.000000	0.320612
1945.000000	0.255437
1946.000000	0.220813
1947.000000	0.230997
1948.000000	0.292607
1949.000000	0.377639
1950.000000	0.452997
1951.000000	0.497805
1952.000000	0.509516
1953.000000	0.488640
1954.000000	0.442305
1955.000000	0.388332
1956.000000	0.324176
1957.000000	0.260020
1958.000000	0.221832
1959.000000	0.224377
1960.000000	0.255437
1961.000000	0.308391
1962.000000	0.381713
1963.000000	0.450452
1964.000000	0.496277
1965.000000	0.509516
1966.000000	0.490167
1967.000000	0.436195
1968.000000	0.372038
1969.000000	0.301263
1970.000000	0.243726
1971.000000	0.210120
1972.000000	0.200446
1973.000000	0.217249
1974.000000	0.249836
1975.000000	0.284460
1976.000000	0.359818
1977.000000	0.438231
1978.000000	0.490167
1979.000000	0.507988
1980.000000	0.488640
1981.000000	0.440777
1982.000000	0.375093
1983.000000	0.313483
1984.000000	0.251873
1985.000000	0.220304
1986.000000	0.228960
1987.000000	0.263075
1988.000000	0.298208
1989.000000	0.344034
1990.000000	0.410736
1991.000000	0.471328
1992.000000	0.508498
1993.000000	0.509516
1994.000000	0.487112
1995.000000	0.441286
1996.000000	0.348616
1997.000000	0.267657
1998.000000	0.223359
1999.000000	0.208084
2000.000000	0.228960
2001.000000	0.281405
2002.000000	0.342506
2003.000000	0.406153
2004.000000	0.456562
2005.000000	0.495259
2006.000000	0.517663
2007.000000	0.510025
2008.000000	0.476929
2009.000000	0.419901
2010.000000	0.358291
2011.000000	0.300245
2012.000000	0.244744
2013.000000	0.213176
2014.000000	0.209611
2015.000000	0.244235
2016.000000	0.315520
2017.000000	0.396988
2018.000000	0.464199
2019.000000	0.501878
2020.000000	0.497805
2021.000000	0.447906
2022.000000	0.375093
2023.000000	0.307882
2024.000000	0.256965
2025.000000	0.221322
2026.000000	0.205538
2027.000000	0.225396
2028.000000	0.282933
2029.000000	0.349635
2030.000000	0.410227
2031.000000	0.466745
2032.000000	0.503406
2033.000000	0.505952
2034.000000	0.474892
2035.000000	0.415318
2036.000000	0.336396
2037.000000	0.277841
2038.000000	0.232524
2039.000000	0.206556
2040.000000	0.208084
2041.000000	0.235070
2042.000000	0.300754
2043.000000	0.377639
2044.000000	0.439759
2045.000000	0.487112
2046.000000	0.515626
2047.000000	0.525810
2048.000000	0.518172
2049.000000	0.490676
2050.000000	0.456562
2051.000000	0.406153
2052.000000	0.336396
2053.000000	0.265111
2054.000000	0.224887
2055.000000	0.215212
2056.000000	0.225905
2057.000000	0.251364
2058.000000	0.305846
2059.000000	0.383749
2060.000000	0.457580
2061.000000	0.495259
2062.000000	0.489149
2063.000000	0.448924
2064.000000	0.395970
2065.000000	0.333341
2066.000000	0.270712
2067.000000	0.225396
2068.000000	0.212666
2069.000000	0.240162
2070.000000	0.320612
2071.000000	0.404117
2072.000000	0.459617
2073.000000	0.495768
2074.000000	0.508498
2075.000000	0.493222
2076.000000	0.458598
2077.000000	0.410736
2078.000000	0.340470
2079.000000	0.283442
2080.000000	0.239143
2081.000000	0.213685
2082.000000	0.197900
2083.000000	0.195354
2084.000000	0.244235
2085.000000	0.325194
2086.000000	0.400552
2087.000000	0.450452
2088.000000	0.489658
2089.000000	0.514099
2090.000000	0.518681
2091.000000	0.490676
2092.000000	0.408190
2093.000000	0.325703
2094.000000	0.261038
2095.000000	0.224887
2096.000000	0.201464
2097.000000	0.196882
2098.000000	0.225396
2099.000000	0.274786
2100.000000	0.324176
2101.000000	0.382731
2102.000000	0.442305
2103.000000	0.489149
2104.000000	0.512571
2105.000000	0.509516
2106.000000	0.461653
2107.000000	0.394951
2108.000000	0.326722
2109.000000	0.268167
2110.000000	0.224887
2111.000000	0.205538
2112.000000	0.217249
2113.000000	0.244744
2114.000000	0.301263
2115.000000	0.382222
2116.000000	0.454016
2117.000000	0.493732
2118.000000	0.499842
2119.000000	0.475910
2120.000000	0.434158
2121.000000	0.385277
2122.000000	0.334359
2123.000000	0.295153
2124.000000	0.260529
2125.000000	0.229978
2126.000000	0.207575
2127.000000	0.194336
2128.000000	0.206556
2129.000000	0.248309
2130.000000	0.300245
2131.000000	0.375093
2132.000000	0.444851
2133.000000	0.488640
2134.000000	0.455034
2135.000000	0.364401
2136.000000	0.275804
2137.000000	0.235579
2138.000000	0.236088
2139.000000	0.263075
2140.000000	0.309919
2141.000000	0.349635
2142.000000	0.404117
2143.000000	0.457071
2144.000000	0.497296
2145.000000	0.516644
2146.000000	0.509007
2147.000000	0.483548
2148.000000	0.433649
2149.000000	0.361346
2150.000000	0.291589
2151.000000	0.238634
2152.000000	0.209102
2153.000000	0.199937
2154.000000	0.205538
2155.000000	0.221322
2156.000000	0.277332
2157.000000	0.361346
2158.000000	0.436704
2159.000000	0.488131
2160.000000	0.512571
2161.000000	0.509007
2162.000000	0.471328
2163.000000	0.408699
2164.000000	0.343015
2165.000000	0.285988
2166.000000	0.241689
2167.000000	0.209611
2168.000000	0.198409
2169.000000	0.213176
2170.000000	0.273258
2171.000000	0.346580
2172.000000	0.419901
2173.000000	0.479475
2174.000000	0.504933
2175.000000	0.497805
2176.000000	0.451470
2177.000000	0.389860
2178.000000	0.328249
2179.000000	0.271731
2180.000000	0.227432
2181.000000	0.208593
2182.000000	0.229978
2183.000000	0.282423
2184.000000	0.360327
2185.000000	0.434667
2186.000000	0.488131
2187.000000	0.511553
2188.000000	0.499842
2189.000000	0.459617
2190.000000	0.387314
2191.000000	0.311446
2192.000000	0.248818
2193.000000	0.214703
2194.000000	0.209611
2195.000000	0.231506
2196.000000	0.276313
2197.000000	0.337414
2198.000000	0.405644
2199.000000	0.464708
2200.000000	0.501878
2201.000000	0.513080
2202.000000	0.495768
2203.000000	0.445869
2204.000000	0.389860
2205.000000	0.316538
2206.000000	0.255437
2207.000000	0.215721
2208.000000	0.207575
2209.000000	0.232015
2210.000000	0.291589
2211.000000	0.352181
2212.000000	0.417864
2213.000000	0.473874
2214.000000	0.506970
2215.000000	0.512062
2216.000000	0.490167
2217.000000	0.444341
2218.000000	0.387823
2219.000000	0.330286
2220.000000	0.273767
2221.000000	0.227432
2222.000000	0.208084
2223.000000	0.216231
2224.000000	0.244235
2225.000000	0.292098
2226.000000	0.354726
2227.000000	0.414809
2228.000000	0.475910
2229.000000	0.508498
2230.000000	0.519699
2231.000000	0.506970
2232.000000	0.472855
2233.000000	0.417864
2234.000000	0.355236
2235.000000	0.295662
2236.000000	0.240162
2237.000000	0.210120
2238.000000	0.197900
2239.000000	0.205538
2240.000000	0.237107
2241.000000	0.311446
2242.000000	0.401571
2243.000000	0.470309
2244.000000	0.492713
2245.000000	0.471837
2246.000000	0.417864
2247.000000	0.363382
2248.000000	0.296680
2249.000000	0.240162
2250.000000	0.211139
2251.000000	0.211139
2252.000000	0.239143
2253.000000	0.288534
2254.000000	0.340470
2255.000000	0.383240
2256.000000	0.426011
2257.000000	0.472855
2258.000000	0.505952
2259.000000	0.520209
2260.000000	0.516135
2261.000000	0.472855
2262.000000	0.411754
2263.000000	0.345561
2264.000000	0.279368
2265.000000	0.228960
2266.000000	0.211648
2267.000000	0.238634
2268.000000	0.308391
2269.000000	0.383749
2270.000000	0.451979
2271.000000	0.496277
2272.000000	0.513080
2273.000000	0.500860
2274.000000	0.454525
2275.000000	0.393424
2276.000000	0.332832
2277.000000	0.270203
2278.000000	0.228451
2279.000000	0.205029
2280.000000	0.218267
2281.000000	0.288534
2282.000000	0.387314
2283.000000	0.462672
2284.000000	0.499842
2285.000000	0.503915
2286.000000	0.482530
2287.000000	0.444341
2288.000000	0.386295
2289.000000	0.322648
2290.000000	0.270712
2291.000000	0.233033
2292.000000	0.207065
2293.000000	0.201464
2294.000000	0.233543
2295.000000	0.289552
2296.000000	0.372038
2297.000000	0.447396
2298.000000	0.492204
2299.000000	0.501369
2300.000000	0.475401
2301.000000	0.421938
2302.000000	0.360327
2303.000000	0.298717
2304.000000	0.242708
2305.000000	0.212157
2306.000000	0.219286
2307.000000	0.261038
2308.000000	0.327231
2309.000000	0.407681
2310.000000	0.473874
2311.000000	0.501369
2312.000000	0.496277
2313.000000	0.457071
2314.000000	0.396479
2315.000000	0.327231
2316.000000	0.263075
2317.000000	0.220813
2318.000000	0.201974
2319.000000	0.207065
2320.000000	0.246781
2321.000000	0.312465
2322.000000	0.389860
2323.000000	0.454525
2324.000000	0.497296
2325.000000	0.512571
2326.000000	0.493222
2327.000000	0.451470
2328.000000	0.383240
2329.000000	0.304318
2330.000000	0.243217
2331.000000	0.216231
2332.000000	0.214194
2333.000000	0.236598
2334.000000	0.277841
2335.000000	0.344034
2336.000000	0.410227
2337.000000	0.470309
2338.000000	0.501878
2339.000000	0.505952
2340.000000	0.482020
2341.000000	0.447396
2342.000000	0.413791
2343.000000	0.368983
2344.000000	0.303300
2345.000000	0.242199
2346.000000	0.223868
2347.000000	0.253400
2348.000000	0.315011
2349.000000	0.392915
2350.000000	0.444341
2351.000000	0.489149
2352.000000	0.515117
2353.000000	0.514608
2354.000000	0.485585
2355.000000	0.436195
2356.000000	0.382731
2357.000000	0.315011
2358.000000	0.256965
2359.000000	0.218267
2360.000000	0.202483
2361.000000	0.211139
2362.000000	0.246781
2363.000000	0.272749
2364.000000	0.315011
2365.000000	0.380694
2366.000000	0.452488
2367.000000	0.499332
2368.000000	0.512062
2369.000000	0.504933
2370.000000	0.479475
2371.000000	0.448415
2372.000000	0.409717
2373.000000	0.345561
2374.000000	0.273258
2375.000000	0.231506
2376.000000	0.223868
2377.000000	0.238634
2378.000000	0.278350
2379.000000	0.342506
2380.000000	0.414809
2381.000000	0.469800
2382.000000	0.503915
2383.000000	0.498314
2384.000000	0.443832
2385.000000	0.367456
2386.000000	0.288534
2387.000000	0.234561
2388.000000	0.211648
2389.000000	0.220813
2390.000000	0.256965
2391.000000	0.304827
2392.000000	0.375603
2393.000000	0.444851
2394.000000	0.493222
2395.000000	0.517154
2396.000000	0.515626
2397.000000	0.493732
2398.000000	0.464708
2399.000000	0.392405
2400.000000	0.308901
2401.000000	0.246272
2402.000000	0.216740
2403.000000	0.221832
2404.000000	0.252382
2405.000000	0.303300
2406.000000	0.373566
2407.000000	0.444851
2408.000000	0.491186
2409.000000	0.515626
2410.000000	0.518681
2411.000000	0.496277
2412.000000	0.450452
2413.000000	0.380185
2414.000000	0.304827
2415.000000	0.244744
2416.000000	0.220304
2417.000000	0.232015
2418.000000	0.268676
2419.000000	0.322139
2420.000000	0.378149
2421.000000	0.419901
2422.000000	0.465727
2423.000000	0.503406
2424.000000	0.504933
2425.000000	0.469800
2426.000000	0.407681
2427.000000	0.344034
2428.000000	0.287515
2429.000000	0.243217
2430.000000	0.210630
2431.000000	0.206556
2432.000000	0.235579
2433.000000	0.287006
2434.000000	0.359309
2435.000000	0.433140
2436.000000	0.486094
2437.000000	0.507988
2438.000000	0.501369
2439.000000	0.468782
2440.000000	0.409717
2441.000000	0.338433
2442.000000	0.275804
2443.000000	0.234561
2444.000000	0.207065
2445.000000	0.207065
2446.000000	0.237616
2447.000000	0.297699
2448.000000	0.361855
2449.000000	0.430594
2450.000000	0.481002
2451.000000	0.509516
2452.000000	0.518681
2453.000000	0.494241
2454.000000	0.442814
2455.000000	0.375093
2456.000000	0.310937
2457.000000	0.256965
2458.000000	0.223359
2459.000000	0.203501
2460.000000	0.216231
2461.000000	0.249327
2462.000000	0.291079
2463.000000	0.362364
2464.000000	0.433140
2465.000000	0.484566
2466.000000	0.520718
2467.000000	0.526319
2468.000000	0.506461
2469.000000	0.474383
2470.000000	0.421429
2471.000000	0.378658
2472.000000	0.340979
2473.000000	0.281405
2474.000000	0.233543
2475.000000	0.208084
2476.000000	0.213176
2477.000000	0.218776
2478.000000	0.252382
2479.000000	0.294135
2480.000000	0.366947
2481.000000	0.445869
2482.000000	0.502387
2483.000000	0.512571
2484.000000	0.497296
2485.000000	0.441286
2486.000000	0.364401
2487.000000	0.296680
2488.000000	0.241180
2489.000000	0.216231
2490.000000	0.236088
2491.000000	0.288024
2492.000000	0.343525
2493.000000	0.407681
2494.000000	0.467764
2495.000000	0.496277
2496.000000	0.515117
2497.000000	0.497296
2498.000000	0.454525
2499.000000	0.407172
2500.000000	0.352181
2501.000000	0.284969
2502.000000	0.235070
2503.000000	0.207065
2504.000000	0.207575
2505.000000	0.240162
2506.000000	0.309410
2507.000000	0.397497
2508.000000	0.460635
2509.000000	0.496277
2510.000000	0.518172
2511.000000	0.529374
2512.000000	0.510025
2513.000000	0.464708
2514.000000	0.401061
2515.000000	0.322648
2516.000000	0.257983
2517.000000	0.221322
2518.000000	0.224377
2519.000000	0.278859
2520.000000	0.339960
2521.000000	0.400552
2522.000000	0.459617
2523.000000	0.501369
2524.000000	0.507988
2525.000000	0.475401
2526.000000	0.413791
2527.000000	0.348616
2528.000000	0.287006
2529.000000	0.236598
2530.000000	0.206556
2531.000000	0.198409
2532.000000	0.209611
2533.000000	0.256455
2534.000000	0.330795
2535.000000	0.406153
2536.000000	0.466745
2537.000000	0.504424
2538.000000	0.519699
2539.000000	0.504933
2540.000000	0.456052
2541.000000	0.397497
2542.000000	0.333850
2543.000000	0.268167
2544.000000	0.231506
2545.000000	0.222341
2546.000000	0.222850
2547.000000	0.266639
2548.000000	0.354217
2549.000000	0.415828
2550.000000	0.484057
2551.000000	0.513589
2552.000000	0.499842
2553.000000	0.467764
2554.000000	0.412773
2555.000000	0.344543
2556.000000	0.284969
2557.000000	0.239653
2558.000000	0.212666
2559.000000	0.226414
2560.000000	0.268676
2561.000000	0.335887
2562.000000	0.395461
2563.000000	0.452488
2564.000000	0.497296
2565.000000	0.530392
2566.000000	0.521736
2567.000000	0.492204
2568.000000	0.426011
2569.000000	0.372548
2570.000000	0.302790
2571.000000	0.246272
2572.000000	0.214194
2573.000000	0.228451
2574.000000	0.262056
2575.000000	0.326722
2576.000000	0.387314
2577.000000	0.449433
2578.000000	0.496277
2579.000000	0.519699
2580.000000	0.517154
2581.000000	0.497296
2582.000000	0.448924
2583.000000	0.368983
2584.000000	0.291589
2585.000000	0.237107
2586.000000	0.207065
2587.000000	0.215721
2588.000000	0.254419
2589.000000	0.313992
2590.000000	0.376112
2591.000000	0.434158
2592.000000	0.489149
2593.000000	0.520718
